5
17
17
21
22
28
74
88
96
100
110
114
120
143
159
160
174
184
187
197
198
226
244
245
254
257
292
293
295
308
310
312
316
316
320
324
335
344
349
373
392
397
398
411
419
428
433
446
456
460
465
480
487
488
494
495
500
521
527
528
530
545
571
575
595
596
604
611
619
624
647
652
665
666
683
694
722
723
734
755
755
762
770
783
786
796
799
815
822
840
840
847
849
860
865
888
900
914
925
933
949
965
970
970
974
975
979
982
991
1005
1027
1027
1029
1032
1045
1050
1053
1056
1062
1065
1065
1087
1101
1102
1107
1111
1113
1147
1170
1210
1233
1240
1245
1278
1312
1315
1318
1322
1346
1349
1349
1350
1354
1354
1355
1396
1398
1422
1434
1443
1446
1449
1465
1468
1469
1469
1477
1478
1499
1504
1511
1513
1521
1529
1538
1552
1552
1576
1576
1606
1614
1624
1626
1631
1641
1652
1657
1696
1737
1744
1756
1762
1766
1767
1796
1797
1800
1801
1801
1815
1825
1859
1871
1878
1880
1884
1893
1910
1942
1948
1950
1959
1963
1975
2012
2014
2020
2023
2028
2031
2039
2050
2057
2063
2071
2089
2091
2092
2096
2133
2140
2142
2158
2164
2177
2184
2192
2196
2200
2233
2235
2251
2265
2268
2293
2294
2351
2371
2395
2397
2397
2398
2411
2413
2419
2440
2443
2453
2458
2469
2492
2519
2527
2545
2553
2557
2564
2576
2580
2611
2624
2646
2649
2681
2705
2721
2736
2737
2748
2757
2758
2759
2766
2770
2792
2793
2793
2807
2808
2811
2815
2820
2828
2828
2829
2834
2837
2876
2901
2926
2933
2953
2960
2961
2982
2982
2991
3002
3009
3012
3014
3031
3043
3054
3069
3079
3079
3089
3117
3119
3120
3157
3172
3184
3192
3208
3216
3218
3220
3234
3235
3246
3264
3313
3321
3338
3340
3342
3348
3353
3375
3376
3393
3415
3419
3421
3425
3448
3455
3457
3462
3462
3478
3487
3503
3516
3517
3523
3546
3570
3599
3611
3614
3617
3626
3655
3656
3661
3687
3714
3728
3743
3760
3798
3808
3815
3820
3822
3860
3860
3865
3878
3935
3938
3944
3947
3950
3954
3975
3976
3980
3983
3984
3995
3997
4017
4024
4030
4039
4048
4075
4078
4079
4086
4101
4112
4117
4122
4182
4195
4196
4206
4206
4208
4211
4219
4238
4246
4265
4275
4285
4287
4294
4329
4365
4380
4389
4424
4434
4438
4438
4496
4497
4499
4509
4513
4534
4534
4544
4567
4583
4583
4585
4587
4591
4592
4599
4603
4606
4609
4620
4629
4637
4646
4651
4658
4662
4671
4708
4710
4711
4714
4728
4750
4769
4770
4784
4789
4792
4811
4817
4829
4840
4847
4851
4862
4877
4881
4895
4896
4897
4941
4944
4959
4969
4971
4987
5000
5000
5007
5011
5017
5019
5028
5036
5036
5057
5068
5071
5081
5088
5092
5106
5110
5112
5115
5122
5123
5138
5139
5163
5165
5173
5177
5180
5181
5191
5194
5217
5223
5230
5231
5234
5239
5244
5256
5270
5284
5286
5286
5294
5296
5307
5322
5330
5342
5359
5359
5372
5381
5397
5397
5400
5406
5412
5418
5441
5446
5448
5454
5467
5468
5471
5472
5475
5480
5481
5500
5504
5515
5516
5520
5523
5533
5552
5587
5591
5592
5598
5607
5608
5613
5615
5619
5632
5638
5640
5645
5658
5660
5681
5688
5706
5719
5720
5729
5736
5737
5739
5757
5761
5762
5772
5778
5790
5804
5807
5816
5823
5827
5853
5865
5867
5872
5874
5892
5899
5904
5906
5930
5940
5940
5952
5969
5976
5992
6002
6007
6021
6027
6046
6054
6056
6087
6093
6123
6124
6131
6132
6160
6161
6168
6184
6190
6205
6209
6213
6225
6228
6232
6235
6241
6243
6259
6262
6268
6270
6276
6278
6279
6287
6301
6307
6318
6321
6326
6331
6339
6354
6384
6400
6434
6450
6450
6479
6486
6493
6502
6510
6518
6536
6551
6551
6559
6574
6599
6611
6621
6641
6658
6669
6672
6676
6679
6686
6688
6697
6709
6713
6714
6717
6729
6734
6738
6749
6763
6770
6777
6782
6782
6809
6813
6822
6842
6857
6860
6864
6864
6867
6873
6873
6888
6891
6917
6927
6929
6965
6976
6982
6988
7026
7032
7034
7035
7037
7062
7069
7069
7077
7079
7081
7083
7096
7098
7109
7114
7135
7138
7157
7157
7181
7182
7193
7199
7200
7201
7231
7232
7236
7250
7255
7270
7281
7289
7306
7312
7313
7361
7366
7372
7389
7401
7417
7424
7434
7447
7448
7450
7451
7467
7475
7475
7487
7493
7503
7505
7513
7517
7518
7519
7522
7558
7576
7609
7614
7626
7628
7647
7651
7662
7663
7674
7679
7694
7726
7737
7738
7746
7748
7768
7777
7781
7800
7808
7814
7826
7829
7832
7835
7843
7856
7856
7869
7899
7902
7903
7920
7920
7924
7948
7960
7966
7968
7988
8022
8032
8043
8044
8074
8104
8109
8112
8117
8121
8137
8155
8162
8170
8189
8196
8211
8212
8237
8248
8270
8270
8272
8280
8281
8286
8288
8292
8311
8312
8315
8324
8337
8344
8374
8380
8391
8411
8418
8442
8445
8455
8488
8506
8510
8521
8523
8552
8561
8567
8572
8575
8579
8579
8592
8604
8612
8616
8626
8630
8678
8739
8753
8764
8775
8777
8782
8786
8797
8831
8840
8847
8858
8862
8884
8901
8948
8952
8960
8961
8992
8995
8998
9001
9005
9015
9016
9023
9034
9034
9057
9061
9072
9073
9079
9093
9103
9114
9117
9140
9152
9185
9186
9191
9212
9234
9241
9245
9270
9278
9297
9300
9302
9312
9344
9357
9357
9372
9388
9399
9402
9406
9408
9408
9420
9432
9437
9443
9444
9445
9449
9452
9454
9462
9473
9476
9516
9524
9526
9527
9558
9576
9587
9593
9601
9604
9619
9621
9637
9640
9647
9650
9659
9667
9686
9695
9696
9698
9706
9713
9717
9730
9741
9747
9747
9754
9765
9775
9787
9794
9823
9831
9842
9866
9869
9878
9892
9911
9913
9916
9926
9938
9947
9955
9980
9988