19
20
78
121
139
140
153
155
159
175
176
181
185
203
212
214
224
232
282
298
301
314
319
324
358
360
361
373
386
405
414
414
416
417
425
439
447
455
462
469
482
484
494
500
517
520
520
523
536
540
547
552
556
558
566
570
575
587
631
648
660
661
663
666
667
670
673
675
702
719
719
724
744
758
765
775
781
782
791
795
807
809
828
834
838
846
863
875
876
878
886
892
893
893
900
901
902
909
933
933
934
935
977
978
984
984
985
993
1000
1001
1001
1023
1026
1030
1044
1054
1064
1069
1070
1073
1081
1091
1093
1095
1107
1115
1127
1140
1175
1179
1180
1184
1186
1207
1222
1235
1251
1258
1264
1276
1285
1294
1295
1298
1307
1320
1327
1332
1333
1338
1338
1355
1369
1370
1376
1376
1384
1389
1403
1408
1411
1412
1416
1442
1473
1475
1480
1481
1487
1492
1493
1495
1503
1506
1513
1513
1528
1548
1548
1548
1558
1574
1575
1576
1579
1598
1605
1634
1639
1664
1665
1666
1668
1681
1685
1692
1692
1698
1698
1735
1758
1776
1812
1841
1843
1864
1864
1872
1877
1880
1893
1896
1909
1910
1920
1926
1940
1969
1972
1978
1979
2002
2011
2030
2046
2064
2074
2082
2087
2088
2091
2096
2103
2104
2138
2139
2141
2152
2162
2175
2178
2199
2202
2209
2225
2231
2239
2241
2250
2255
2276
2278
2282
2285
2285
2315
2327
2335
2349
2357
2361
2364
2369
2371
2373
2383
2397
2414
2420
2446
2455
2464
2466
2470
2478
2485
2486
2492
2534
2536
2547
2560
2619
2643
2649
2655
2661
2663
2672
2675
2693
2709
2711
2714
2716
2720
2729
2743
2743
2756
2763
2774
2788
2807
2824
2839
2858
2872
2874
2883
2887
2890
2907
2915
2948
2951
2952
2956
2962
2962
2974
2977
2980
2991
2995
2996
3010
3033
3040
3046
3051
3084
3086
3096
3108
3110
3123
3125
3146
3163
3165
3181
3194
3198
3200
3212
3220
3227
3230
3247
3256
3258
3267
3292
3297
3329
3333
3339
3347
3364
3369
3371
3391
3391
3402
3415
3432
3438
3476
3479
3493
3503
3511
3519
3520
3529
3547
3550
3555
3558
3560
3561
3566
3583
3584
3584
3591
3606
3635
3640
3651
3682
3688
3700
3701
3720
3737
3740
3747
3753
3753
3757
3767
3772
3774
3784
3787
3805
3821
3841
3847
3860
3861
3871
3874
3889
3891
3914
3915
3927
3932
3936
3937
3965
3977
4004
4008
4011
4035
4039
4042
4054
4054
4073
4097
4105
4114
4125
4133
4134
4136
4137
4140
4143
4143
4166
4173
4189
4198
4202
4217
4248
4261
4264
4275
4275
4278
4283
4286
4286
4287
4290
4312
4315
4315
4319
4322
4330
4340
4348
4355
4355
4415
4437
4450
4455
4467
4483
4533
4552
4562
4574
4575
4575
4580
4581
4588
4590
4602
4626
4634
4639
4646
4650
4664
4667
4678
4682
4692
4700
4702
4703
4704
4723
4745
4748
4755
4771
4791
4792
4801
4807
4808
4844
4848
4851
4860
4874
4879
4884
4886
4899
4900
4913
4920
4926
4947
4972
4975
4990
5002
5006
5051
5052
5054
5057
5067
5072
5084
5085
5088
5156
5177
5192
5201
5206
5222
5228
5235
5241
5244
5252
5257
5262
5267
5275
5299
5307
5327
5327
5351
5357
5357
5362
5364
5369
5379
5381
5392
5393
5402
5416
5416
5421
5458
5465
5470
5504
5506
5517
5519
5532
5544
5544
5545
5547
5562
5600
5606
5612
5638
5650
5653
5684
5689
5697
5704
5720
5731
5759
5786
5799
5818
5833
5838
5846
5900
5936
5937
5939
5945
6001
6004
6007
6035
6051
6059
6076
6093
6103
6103
6107
6111
6142
6153
6154
6160
6168
6169
6181
6182
6185
6202
6203
6222
6234
6260
6273
6275
6297
6303
6308
6312
6317
6321
6327
6338
6357
6360
6374
6398
6406
6418
6428
6440
6464
6479
6488
6492
6496
6498
6498
6510
6514
6544
6549
6568
6575
6600
6605
6613
6618
6626
6645
6646
6659
6661
6664
6666
6691
6701
6710
6718
6730
6739
6739
6746
6760
6760
6761
6773
6787
6789
6790
6792
6795
6811
6826
6827
6845
6875
6884
6892
6899
6904
6919
6931
6949
6979
7009
7042
7046
7048
7058
7059
7063
7069
7075
7076
7077
7081
7090
7113
7119
7141
7152
7161
7172
7180
7201
7211
7237
7249
7250
7264
7265
7273
7276
7295
7312
7317
7325
7337
7339
7346
7348
7359
7360
7368
7377
7382
7386
7392
7393
7408
7461
7477
7485
7487
7496
7497
7531
7539
7543
7555
7556
7565
7568
7579
7582
7590
7594
7594
7606
7618
7635
7638
7641
7651
7658
7682
7692
7692
7695
7696
7711
7723
7731
7734
7750
7788
7795
7808
7811
7843
7859
7874
7911
7919
7932
7934
7935
7945
7948
7950
7951
7977
7981
7992
7997
8021
8027
8042
8052
8057
8059
8067
8087
8087
8103
8108
8157
8157
8162
8190
8191
8192
8194
8195
8205
8209
8231
8235
8244
8253
8265
8268
8275
8277
8280
8280
8282
8283
8289
8331
8332
8336
8344
8345
8379
8386
8412
8444
8446
8463
8478
8486
8486
8489
8501
8509
8518
8523
8533
8563
8564
8577
8584
8620
8622
8635
8637
8643
8647
8655
8665
8676
8678
8705
8708
8731
8733
8734
8760
8775
8778
8784
8850
8853
8855
8861
8878
8888
8902
8907
8914
8932
8936
8937
8959
8976
8990
8995
9000
9016
9022
9051
9062
9077
9083
9083
9097
9119
9134
9139
9140
9148
9163
9171
9178
9193
9205
9231
9232
9240
9251
9262
9271
9278
9280
9281
9281
9295
9314
9320
9333
9342
9356
9360
9372
9385
9395
9400
9421
9436
9455
9458
9489
9502
9504
9504
9505
9517
9524
9529
9530
9541
9547
9550
9556
9560
9565
9589
9595
9640
9640
9662
9665
9688
9700
9722
9746
9748
9761
9769
9773
9776
9778
9783
9790
9814
9822
9822
9823
9825
9847
9853
9884
9886
9903
9913
9921
9921
9922
9964
9969
9982
9988
9998
9998