3
9
22
26
40
49
53
56
59
61
65
68
85
90
97
98
100
104
107
133
139
143
149
151
155
156
169
175
206
207
212
220
223
231
243
255
262
280
286
288
299
309
321
339
360
367
400
402
420
447
456
462
468
468
472
513
528
529
531
537
538
542
570
594
601
617
621
625
627
631
633
636
645
651
651
655
657
672
675
678
680
685
694
717
748
749
756
761
763
783
785
819
819
840
893
895
915
938
946
949
955
958
959
966
971
983
983
987
987
991
993
996
1007
1008
1020
1022
1024
1026
1042
1052
1064
1064
1073
1074
1077
1098
1120
1122
1164
1167
1186
1188
1195
1236
1237
1247
1261
1271
1315
1325
1327
1369
1379
1396
1420
1421
1467
1481
1486
1486
1488
1488
1493
1511
1552
1556
1564
1577
1580
1591
1593
1610
1636
1641
1642
1652
1672
1672
1673
1687
1713
1720
1724
1725
1764
1781
1789
1803
1813
1855
1856
1870
1875
1876
1880
1882
1887
1888
1891
1891
1894
1904
1907
1925
1929
1931
1932
1937
1952
1973
1983
1983
1995
2020
2026
2027
2033
2051
2054
2054
2085
2093
2100
2103
2106
2119
2129
2132
2139
2144
2148
2148
2158
2167
2170
2174
2179
2192
2195
2198
2200
2200
2214
2218
2244
2247
2252
2261
2270
2374
2383
2392
2402
2424
2443
2445
2449
2468
2468
2480
2481
2509
2511
2514
2521
2550
2557
2558
2559
2573
2579
2600
2605
2611
2612
2617
2623
2630
2633
2640
2645
2649
2699
2700
2708
2714
2719
2738
2745
2763
2773
2774
2776
2778
2789
2791
2810
2814
2847
2854
2857
2858
2869
2883
2895
2897
2897
2897
2909
2910
2922
2923
2930
2933
2946
2948
2998
3004
3011
3017
3024
3027
3034
3043
3045
3054
3058
3060
3061
3087
3097
3111
3112
3113
3131
3133
3134
3150
3152
3167
3168
3175
3190
3190
3227
3228
3246
3260
3265
3266
3273
3281
3304
3338
3350
3360
3366
3379
3389
3401
3412
3433
3465
3466
3468
3470
3491
3496
3504
3516
3523
3539
3542
3556
3590
3600
3606
3611
3614
3625
3651
3664
3670
3703
3710
3726
3726
3731
3748
3770
3770
3774
3775
3786
3792
3792
3798
3817
3826
3840
3847
3850
3852
3858
3871
3877
3880
3908
3921
3922
3923
3941
3942
3954
3961
3972
4002
4002
4011
4021
4026
4033
4039
4047
4054
4058
4059
4068
4080
4092
4093
4110
4110
4112
4133
4136
4137
4164
4182
4239
4241
4242
4257
4257
4271
4277
4288
4289
4304
4312
4349
4386
4388
4390
4390
4403
4404
4432
4439
4440
4448
4450
4460
4471
4474
4496
4496
4511
4527
4529
4530
4534
4549
4553
4563
4582
4595
4596
4607
4621
4623
4625
4626
4628
4658
4679
4684
4711
4728
4739
4754
4781
4783
4786
4792
4799
4802
4849
4852
4852
4859
4883
4884
4890
4903
4915
4916
4935
4940
4943
4947
4952
4959
4960
4969
4995
5000
5001
5027
5047
5087
5088
5090
5106
5114
5122
5125
5128
5144
5148
5163
5175
5181
5195
5195
5198
5210
5210
5226
5228
5232
5269
5277
5278
5288
5300
5305
5315
5319
5321
5345
5362
5366
5372
5374
5375
5379
5383
5388
5393
5397
5397
5434
5443
5447
5452
5478
5479
5481
5493
5493
5501
5531
5559
5563
5579
5581
5590
5595
5608
5613
5630
5640
5647
5653
5667
5671
5672
5679
5686
5691
5700
5716
5718
5723
5726
5736
5744
5802
5818
5825
5835
5845
5853
5859
5878
5884
5891
5909
5914
5921
5927
5927
5950
5975
5982
5990
6005
6013
6034
6039
6039
6046
6047
6053
6063
6073
6073
6074
6123
6135
6141
6163
6171
6177
6182
6221
6253
6258
6264
6264
6267
6270
6277
6290
6295
6298
6301
6312
6321
6321
6381
6387
6409
6416
6438
6453
6456
6462
6466
6475
6479
6480
6502
6509
6520
6532
6532
6534
6545
6545
6551
6575
6584
6589
6608
6637
6639
6645
6655
6660
6675
6676
6684
6695
6702
6716
6723
6748
6748
6757
6773
6781
6813
6820
6823
6830
6841
6868
6871
6878
6886
6893
6919
6921
6926
6935
6937
6937
6940
6945
6957
6980
6989
6997
7000
7017
7024
7039
7042
7086
7093
7098
7102
7103
7106
7113
7121
7124
7130
7131
7132
7151
7158
7162
7171
7199
7208
7224
7241
7251
7274
7293
7298
7301
7319
7332
7365
7375
7385
7385
7386
7403
7417
7434
7461
7464
7465
7491
7496
7510
7530
7538
7551
7554
7555
7561
7568
7569
7575
7577
7586
7595
7606
7617
7622
7627
7633
7641
7649
7662
7686
7692
7706
7707
7715
7737
7742
7748
7752
7766
7771
7773
7781
7783
7784
7785
7790
7801
7807
7828
7844
7891
7900
7901
7920
7949
7953
7957
7958
7961
7964
7984
7994
8002
8019
8022
8029
8048
8049
8051
8054
8080
8086
8096
8146
8152
8162
8165
8166
8170
8170
8176
8184
8226
8246
8251
8265
8266
8269
8286
8291
8298
8299
8300
8314
8321
8323
8338
8344
8349
8360
8373
8383
8389
8413
8415
8417
8438
8440
8441
8443
8455
8482
8488
8496
8507
8572
8576
8610
8614
8619
8625
8627
8660
8664
8673
8677
8686
8688
8696
8706
8710
8737
8739
8750
8770
8800
8800
8842
8849
8865
8870
8890
8894
8898
8901
8902
8908
8910
8914
8918
8921
8934
8935
8951
8957
8957
8967
8983
8987
9005
9041
9054
9063
9091
9092
9107
9131
9154
9156
9162
9181
9182
9186
9194
9197
9200
9214
9232
9235
9241
9244
9251
9260
9277
9288
9303
9307
9307
9320
9323
9336
9342
9349
9353
9355
9359
9359
9363
9376
9394
9398
9411
9414
9442
9450
9455
9457
9487
9497
9501
9526
9530
9535
9541
9548
9553
9562
9563
9566
9593
9593
9618
9632
9644
9674
9686
9750
9756
9756
9759
9759
9760
9769
9772
9778
9780
9816
9823
9846
9854
9867
9872
9886
9901
9906
9923
9929
9934
9941
9951
9955
9956
9957
9962
9974
9977
9979
9992