13
17
25
43
59
75
84
88
90
91
101
102
113
114
120
140
157
165
177
184
193
198
212
223
238
243
267
269
292
304
305
309
311
320
335
342
347
358
359
361
368
393
397
400
410
427
428
436
438
448
463
464
494
496
530
548
554
555
559
573
584
595
619
625
649
656
671
680
691
698
707
721
724
725
744
757
778
778
805
806
813
816
828
869
869
872
880
918
921
921
947
952
961
962
970
973
976
979
987
1007
1010
1011
1014
1014
1017
1018
1022
1045
1047
1067
1077
1085
1086
1087
1091
1096
1106
1123
1127
1177
1179
1181
1194
1224
1226
1237
1238
1241
1246
1250
1252
1253
1263
1275
1285
1287
1288
1292
1298
1304
1306
1312
1313
1366
1373
1392
1404
1414
1414
1415
1419
1421
1422
1422
1423
1429
1446
1462
1484
1501
1503
1520
1534
1536
1542
1593
1596
1598
1612
1625
1633
1636
1637
1680
1688
1691
1701
1707
1711
1716
1720
1731
1738
1758
1788
1789
1808
1809
1811
1816
1866
1870
1880
1928
1934
1936
1944
1951
1958
1994
1998
1999
2007
2010
2010
2052
2057
2060
2072
2075
2082
2094
2114
2119
2131
2132
2137
2140
2146
2169
2183
2184
2186
2190
2195
2202
2218
2222
2239
2242
2247
2248
2253
2256
2258
2258
2261
2280
2299
2313
2316
2323
2328
2335
2339
2347
2348
2356
2358
2358
2361
2372
2372
2374
2391
2409
2410
2410
2424
2437
2455
2473
2478
2485
2487
2506
2509
2511
2517
2517
2528
2538
2538
2563
2575
2578
2592
2593
2610
2616
2627
2633
2652
2655
2668
2680
2692
2695
2698
2716
2740
2803
2807
2814
2815
2816
2831
2834
2836
2844
2898
2905
2950
2972
2975
2978
2993
2998
3012
3015
3026
3032
3043
3065
3097
3098
3099
3106
3110
3140
3166
3175
3193
3197
3219
3221
3228
3248
3257
3289
3311
3320
3330
3354
3357
3360
3363
3369
3412
3417
3423
3433
3442
3449
3457
3462
3482
3510
3521
3531
3537
3543
3597
3602
3623
3624
3636
3641
3659
3675
3682
3698
3701
3709
3710
3711
3716
3717
3727
3732
3736
3746
3748
3764
3778
3793
3805
3810
3811
3837
3838
3865
3867
3872
3878
3895
3896
3897
3916
3919
3930
3931
3969
3979
3984
3995
4004
4011
4023
4040
4053
4056
4062
4093
4093
4100
4112
4119
4121
4131
4164
4177
4193
4199
4207
4212
4237
4244
4249
4250
4258
4276
4281
4284
4286
4321
4323
4336
4339
4341
4348
4365
4372
4378
4426
4430
4450
4452
4457
4460
4487
4504
4509
4515
4516
4516
4521
4527
4536
4549
4559
4566
4571
4578
4584
4592
4641
4644
4646
4648
4675
4690
4697
4701
4704
4726
4733
4763
4764
4774
4784
4797
4805
4810
4822
4826
4857
4861
4865
4869
4902
4913
4919
4922
4949
4962
4976
4976
4991
5001
5003
5010
5021
5033
5040
5047
5060
5086
5087
5092
5097
5108
5109
5110
5118
5142
5153
5154
5195
5201
5202
5208
5214
5221
5223
5226
5249
5255
5258
5262
5316
5320
5337
5345
5347
5371
5385
5420
5433
5436
5437
5441
5445
5450
5478
5478
5490
5495
5496
5507
5511
5513
5515
5519
5528
5552
5559
5565
5580
5584
5609
5617
5637
5659
5681
5685
5701
5709
5719
5724
5753
5761
5761
5809
5836
5851
5856
5862
5862
5868
5878
5886
5886
5911
5926
5929
5934
5936
5943
5947
5951
5953
5969
5974
5975
5987
5988
5996
6008
6025
6028
6055
6059
6063
6064
6085
6103
6108
6126
6127
6155
6168
6169
6178
6180
6201
6202
6227
6228
6234
6236
6238
6245
6247
6249
6252
6254
6261
6263
6283
6284
6335
6338
6341
6345
6377
6381
6387
6406
6407
6424
6437
6459
6460
6476
6479
6486
6486
6490
6504
6513
6515
6547
6559
6559
6593
6596
6604
6616
6623
6624
6628
6635
6649
6658
6670
6670
6691
6693
6727
6731
6736
6736
6746
6753
6765
6784
6787
6792
6814
6816
6829
6843
6849
6860
6872
6886
6900
6914
6922
6926
6952
6956
6959
6966
6967
6968
6969
6981
6989
7009
7042
7050
7058
7067
7067
7068
7074
7076
7093
7099
7104
7112
7113
7120
7121
7121
7122
7124
7144
7147
7156
7157
7168
7171
7175
7180
7191
7222
7227
7239
7263
7263
7263
7274
7280
7282
7287
7309
7310
7314
7323
7339
7368
7375
7387
7398
7406
7422
7458
7459
7470
7482
7493
7495
7496
7507
7525
7528
7528
7539
7556
7559
7563
7576
7577
7578
7583
7596
7609
7634
7649
7651
7660
7663
7666
7699
7706
7707
7726
7753
7754
7764
7777
7785
7809
7810
7812
7813
7815
7847
7850
7851
7854
7856
7866
7866
7874
7906
7914
7936
7943
7949
7959
7964
7968
7974
7975
7979
7990
7992
7997
8001
8003
8011
8019
8026
8036
8039
8054
8055
8063
8069
8117
8123
8125
8135
8151
8153
8153
8165
8171
8173
8174
8199
8228
8232
8261
8273
8278
8288
8316
8317
8318
8347
8354
8359
8366
8380
8393
8449
8452
8459
8491
8507
8510
8542
8547
8550
8563
8565
8593
8597
8602
8610
8624
8627
8640
8660
8661
8663
8671
8694
8698
8700
8729
8729
8739
8754
8771
8777
8777
8778
8796
8800
8806
8806
8810
8810
8812
8832
8852
8861
8902
8912
8912
8925
8935
8968
8972
8976
8981
8983
8997
8998
9014
9020
9025
9025
9030
9062
9066
9084
9098
9106
9132
9138
9145
9164
9171
9171
9174
9186
9188
9208
9211
9216
9232
9241
9242
9264
9284
9286
9289
9296
9297
9308
9322
9348
9355
9378
9389
9396
9398
9406
9410
9415
9421
9435
9438
9439
9445
9473
9487
9497
9509
9524
9552
9561
9574
9582
9585
9586
9596
9597
9606
9613
9617
9631
9631
9639
9639
9642
9665
9666
9666
9676
9693
9695
9722
9732
9741
9751
9759
9767
9769
9771
9771
9777
9818
9821
9847
9853
9857
9866
9869
9870
9879
9896
9911
9912
9916
9923
9927
9936
9947
9954
9962
9985
9992