4316
5044
5576
5199
776
6296
8144
1721
6671
2934
5828
25
1854
5498
1411
4303
4532
7693
1864
5924
8776
5824
787
5872
6704
6283
546
560
5254
8842
3427
524
7505
1609
8725
4247
3761
6048
4837
8417
9915
2919
7285
4760
7086
9896
1150
9158
6996
481
9428
6647
3561
872
9887
2621
5674
6887
3413
1421
4602
1952
9259
691
5283
4744
9196
4496
4251
6646
1202
5189
5477
8912
4276
9228
5452
5292
2488
3285
3972
3964
3871
6071
8786
4401
979
5219
5339
8184
638
3213
4040
7045
1297
1012
9523
7624
9373
9890
2269
9699
572
2604
3258
2091
8158
6125
6970
5325
4391
1906
2937
1609
3757
7488
7934
6154
6940
4479
4466
6760
791
2042
7206
4853
4884
4549
9162
6548
725
2389
6690
8983
2758
8072
4321
3278
339
6743
6190
5067
7568
4743
5367
5603
7924
913
1785
7291
1264
6874
5981
3524
1998
4470
2056
7848
812
5895
3737
3484
3119
4490
9601
9942
2011
9970
4771
6468
7092
8102
6132
3264
3951
1206
2626
8335
3738
7201
925
9584
3120
109
3825
4309
5461
6075
3123
833
2968
2724
1604
1929
9554
3915
3232
8350
8991
2509
5537
7614
6477
2982
3766
7476
3082
2106
4471
5622
9860
2661
1103
3448
4708
1831
1398
9313
7591
370
8408
9826
2567
3235
6885
7067
3686
1041
1973
2639
8741
9815
9731
6443
3231
9981
542
3230
7681
8553
7090
6191
6560
7342
4794
7125
4986
5578
9231
3081
7105
8185
3919
8514
8719
5909
5762
7123
6777
1679
6516
2948
2170
8666
3052
6464
2321
5240
843
6133
500
8984
4351
4998
4936
755
4595
5643
174
7159
4466
9129
9702
6178
8602
8887
7306
4976
3565
5569
9685
8373
5593
4983
8355
3021
2442
8804
8035
6171
2080
7019
5656
5597
1451
9061
112
9335
9470
3787
6664
2400
8266
6548
8715
325
5845
7450
7099
1781
6310
6054
4758
7359
4909
8351
7842
3640
4565
7580
3578
5589
5630
8195
5696
4175
886
4987
6591
5527
1323
2219
8591
4758
2167
3505
6802
9635
3177
4896
2575
9828
2491
6499
2691
1838
8422
2204
4539
3047
2813
5514
6620
1438
1383
6206
9760
1478
2509
7830
1009
5975
1372
7432
3150
3608
4318
9326
9688
9320
6673
5828
210
887
8893
966
4928
1138
4195
6191
9886
4086
9985
8659
8219
3759
3796
596
9252
9954
9846
8569
2902
2342
6963
3039
5239
8240
9970
7547
9066
2287
9075
9717
7014
472
3660
2046
4802
691
4866
2985
1534
2737
1028
487
6005
1729
8781
387
7912
4817
738
7822
5622
2863
1848
5844
2727
5793
9941
4806
8973
352
7908
4336
3651
6476
436
2141
6844
2626
9759
5069
3869
9359
7387
9978
9
184
1388
5866
2077
2572
2328
8828
9950
3877
2695
3117
4930
8921
4151
6563
6561
2365
7203
8483
2912
6787
609
8771
5918
8425
1644
1162
2846
8773
2101
4062
7163
4970
4109
9471
7279
9300
109
95
420
8415
187
5488
8505
692
5294
7723
3434
6169
9915
9972
183
5878
7737
8077
5359
4769
8502
8419
5366
256
5038
2732
5036
9444
4183
6170
2414
3751
7507
5451
5297
5662
4429
9386
2214
4374
9934
2841
8215
2099
828
1437
5107
6947
9954
9139
2622
8776
297
4712
3696
7035
299
9643
4875
6211
2242
5176
101
837
2632
3660
1231
3414
9336
5617
6384
2566
7753
8401
7923
5468
9797
8032
8032
5014
1537
8222
925
1980
5643
6271
6804
935
6672
8410
7578
8356
1901
1546
7134
6038
7871
6546
6183
9406
6965
1401
8755
6460
7545
2741
2133
6891
3495
4210
6583
4439
1115
7261
129
6878
5063
9284
8490
7058
9748
5220
529
8802
2817
5109
3032
6655
7427
9612
2266
374
958
7227
7518
5086
555
4323
7810
1775
5193
7606
3015
1744
3489
7633
6060
2382
5135
1651
5696
7493
5779
4686
529
5145
762
3359
5368
3233
3816
496
1110
1
3230
3569
3804
2308
1985
1510
1545
124
1473
6540
6069
8888
4926
2562
4725
5677
7904
1010
5784
5748
4922
3448
9545
65
7429
2633
7447
3139
6943
3205
1520
1727
5804
7555
5439
768
301
2081
5859
3490
5016
8744
4922
9558
197
5286
3227
1370
4810
4749
7858
5509
9389
4385
5695
2186
3519
1575
6185
4888
9865
1400
2332
7688
5697
8164
3730
7108
3072
7783
5056
4063
8074
5451
5968
4402
5289
8446
2376
8505
8844
210
6112
6018
787
2839
6628
9008
6811
7682
1649
6826
1122
2163
3991
387
5210
2332
1440
9284
9467
9109
5611
3953
5667
2613
1265
2886
2531
238
1481
2142
4553
7100
6462
3701
8
732
2357
2954
4339
7291
1145
1252
5510
1430
7081
9107
8606
698
9478
5154
9628
1659
0
3998
393
8942
841
2438
9459
6780
2437
12
911
8166
2470
7039
152
495
7402
1076
7169
5269
3698
2957
7841
8535
6068
3901
953
9101
2653
5118
9992
6077
2277
5304
9151
8197
4722
6884
9066
184
4898
3701
1339
9590
7331
288
5197
9918
4320
2701
9758
4700
5049
3309
424
1977
6826
4610
7309
5497
4465
9284
3533
2500
8500
8050
5046
7062
6909
3086
1211
382
9130
9675
5837
2479
2930
1001
2768
8648
9838
391
6301
5616
5904
2526
2565
1269
9415
1939
3856
5880
482
2391
2288
8515
5617
5246
6780
336
5762
7887
1300
6288
2366
2034
6358
7518
8528
5791
4129
9312
9963
9217
6209
8080
1849
2813
8899
106
7366
7644
9945
106
7187
6452
799
7084
6278
6718
6380
2982
2321
5495
1743
641
5320
3327
8470
7434
1856
8812
9188
3707
9251
647
1612
868
368
2826
2099
2666
4939
4525
2331
3865
3397
7123
3112
1799
6013
2557
1056
8625
5068
9742
8996
6688
2408
2882
9570
6298
9401
4645
5262
231
9021
7184
4865
8139
1035
4488
9736
4490
8691
4020
9189
233
907
3406
3562
335
4228
4224
7292
7001
3423
749
3613
7620
9451
4375
2479
9091
3354
6174
5823
1801
28
5533
624
8862
2265
3860
4662
9637
1893
2757
8281
1950
9730
2737
2063
9747
7920
6688
3822
3393
1878
7475
8521
5454
9878
6864
3808
5217
8552
2177
6400
6056
5112
2371
7467
5
1552
5359
6782
446
88
8344
7694
7157
8572
7869
1349
8561
320
7663
5598
174
5552
4829
4944
3570
7662
8044
4497
8575
8137
7777
6486
3950
8374
3728
2611
900
1538
2235
9869
2793
665
2828
6190
2961
1027
9787
2023
392
5400
8324
9619
5757
3216
6213
6822
6161
1346
4708
1065
7401
5397
7800
9604
5516
8995
7748
5441
4048
7250
5057
530
8739
6209
8189
2397
1948
295
8616
8117
1884
9717
5504
2721
3089
1315
1027
3462
1521
7434
4294
4182
8630
1975
3069
7034
8270
5007
8604
159
8104
5804
9297
7903
5397
5992
9300
5467
8288
1552
5223
3235
755
5092
4784
2140
308
9794
5681
2820
770
1354
8831
5761
6228
4646
7503
7157
9140
4710
7361
6574
2557
5638
7768
6813
2293
4246
723
5778
3043
5359
3714
480
2991
2834
6131
4811
2926
9241
5471
2092
5296
6235
1766
9420
3954
9696
3457
1626
5412
4265
1576
5720
9057
7988
4877
8418
2071
6027
9667
7781
8901
316
1696
2164
7289
5115
257
9357
495
4380
2192
1641
965
1606
344
7201
5872
2443
5139
6007
5165
7366
9913
3617
979
5904
5739
647
1245
7236
6354
7062
3947
2158
734
2398
1354
3984
7651
2705
7522
2519
4275
6551
5719
7037
7746
7231
974
5660
411
4847
1576
9775
1469
7138
9947
9741
6225
4030
9234
8170
6168
3798
6123
5930
9270
9402
5177
3462
9079
3002
6518
6669
4499
2681
7475
1800
9312
1963
3264
2020
8506
3338
2576
4651
3614
2624
7505
4534
840
6763
8523
2351
5762
4789
2564
9686
6738
6891
9524
9073
335
949
6326
6686
5688
4024
5481
3878
5446
815
245
6321
6132
1101
2828
7517
6021
5028
982
6611
4195
96
5406
419
6709
9823
6982
9747
2039
6331
6259
4587
5737
5019
2057
6679
4637
3421
9406
7232
3218
7609
2646
7069
4513
2028
5173
5381
595
6232
5867
1147
7032
4728
4086
5256
7518
7098
5658
4434
7069
7899
8786
3983
2792
933
4424
799
143
2196
7200
4840
527
5342
7312
8797
5807
3014
3117
9408
1825
5244
1797
7081
9093
460
8311
6717
293
865
9831
1113
8753
6301
7835
7814
521
9454
9526
9185
9866
6873
2527
4606
7199
4206
683
3487
6093
1045
1322
1942
3157
1398
4567
1880
5110
4583
2736
9601
2982
8998
2233
5892
2089
8212
500
3079
619
2458
9650
398
292
3012
9278
6641
6860
3192
4438
312
5632
8270
3031
7829
8155
8121
4941
8775
2453
110
722
74
5372
8592
2770
4206
1801
6842
8445
1449
8315
8391
2096
1065
4971
4211
7614
3340
5736
3655
1032
6124
9437
3348
9698
9023
2050
8992
9558
9445
4591
545
7966
6559
8248
1959
1468
5286
528
4438
970
4792
5081
6262
7270
5230
5123
5480
9072
7832
7417
7843
4609
22
5330
1349
1652
4851
6672
9621
4219
8488
5515
433
3375
2545
7424
8112
5239
2184
9842
8678
5706
6965
8442
4585
3448
8286
456
3656
1511
2294
4603
8337
8612
7026
349
3611
9765
7451
8777
7679
9576
3975
3860
2012
1657
1744
9516
4881
8579
7626
1756
2766
2876
6046
2397
1478
2759
9357
4079
494
4534
5969
840
2091
7114
4583
1111
6268
2815
7281
6857
2411
6536
3938
2440
8782
160
9114
5011
1796
198
8858
9015
5940
6864
17
3815
9955
6054
2933
4592
7109
1446
1312
6873
4711
8280
1737
1871
3687
5270
4750
7447
3353
604
9659
244
6988
4509
6278
5036
8952
4959
4671
5000
5418
5899
7313
3478
4895
3208
8411
5827
2649
1631
5163
7738
3415
9926
1029
8961
8847
5500
7083
2748
254
3546
4365
6276
1102
1318
8032
783
9988
5619
6384
187
2492
1396
6510
762
8074
3944
1624
3419
7856
6551
849
1062
8272
5940
5640
3009
310
1056
4896
5106
5523
7448
5307
4039
7077
4329
9372
1477
7968
3661
2982
3516
2142
6777
7902
8380
373
1233
4238
4544
1050
9647
4101
3054
197
8579
1762
4987
5122
1355
1005
9527
755
4817
6339
114
3119
5816
7726
5472
3503
822
9587
9980
1053
5138
8043
1350
4769
6307
7096
9473
2837
6241
5587
3321
9938
8626
6621
4658
1434
6450
6676
1170
1529
3455
1422
5645
8455
5608
4078
2553
1278
3517
4287
5284
7389
7558
8312
487
100
5286
6434
6714
4117
888
7182
4770
1767
6184
2793
2960
6749
6927
6502
7450
5520
694
7135
3760
5017
9191
6205
6770
9399
860
7181
3220
2758
3313
4122
5234
8510
9706
991
3172
8237
5468
5591
8162
3246
1107
9103
6087
9005
847
9892
7487
3523
4897
7255
5865
666
5231
9449
6809
5322
9344
8109
796
975
7948
397
7372
226
5180
575
5906
1210
3743
3865
8840
9245
9061
3976
5000
7513
5952
5790
914
7628
1859
3425
2200
21
4496
4714
6279
3626
9462
5448
9476
9593
611
6867
488
9452
8022
7306
2251
6599
1513
316
184
1614
9443
9388
9713
9408
8948
3079
9034
5181
925
3120
2901
2811
8960
7493
5068
5613
9754
5607
5036
9034
5592
6318
5191
4112
9640
9001
5088
6917
5194
7960
6734
3599
6782
1910
3376
5772
4017
7193
9212
7920
7079
3820
6729
6243
6287
1469
3997
1443
1499
2395
1240
9695
7924
3995
2413
9117
3184
5729
2014
4969
6713
2031
7856
1465
2953
9302
5874
3935
4285
5615
3342
7647
786
9016
2807
1087
9152
6493
8884
6270
652
7519
9916
324
17
4208
8292
6929
6697
465
7737
3234
1815
4862
9432
5853
9186
4196
8764
2268
571
6450
4620
7674
2580
4389
9444
7826
596
9911
4075
7576
7808
4599
4629
8567
6976
1504
2829
5475
6002
6160
428
2808
5976
5071
970
2419
3980
120
2133
6888
6479
2469
8196
6658
8211
5294
7035
8161
9645
4160
2721
4712
9255
8926
1944
5801
3541
8491
7798
8650
4037
1318
4185
5136
9719
8047
1576
9387
3572
1538
7165
8985
759
2241
91
1030
2513
3684
9723
2771
9834
6307
3845
9451
869
8363
8775
7327
3597
1072
4983
6182
5723
1488
4158
1569
471
2606
900
4969
1822
6375
5780
197
8040
9759
8558
3391
4680
6886
6095
4074
6050
2726
3433
8005
8673
8991
9691
680
5110
7450
980
3692
623
5974
4775
7762
7343
5714
8110
7608
8241
2550
9583
5304
6140
5511
5675
6099
6078
1227
9920
9356
3432
8200
8602
5195
9328
9513
8730
4166
3092
2029
6223
4141
9728
1003
1582
5463
3760
1312
7021
3291
7845
3570
4502
6647
1111
9464
2600
2550
2646
6265
3537
4818
1712
5151
1280
8142
3669
2062
3943
4553
4458
5795
7788
43
8603
5060
7778
319
3347
7955
5012
2488
1174
8396
8448
1674
5193
6521
451
7290
2742
5800
9114
9167
344
28
1512
3742
4714
3830
6372
3397
83
7472
6934
9948
241
5116
9872
6207
549
7750
214
8252
3997
813
7772
6009
9088
4914
6908
6249
9278
7685
977
451
7362
2022
7127
517
9377
2930
8784
6985
27
685
3244
7631
5248
4601
2905
2218
5362
3344
6559
8932
4910
3635
5800
8749
4354
8771
2824
236
6362
6020
7588
1312
5409
386
1130
2527
930
2296
3386
1710
8266
2802
1330
1147
6831
4792
4664
3230
7022
358
3679
8649
7024
2406
2140
5260
7170
2346
8977
9741
7788
963
4653
1327
5377
955
1571
9779
5500
4172
6199
177
1847
7641
9241
1745
4034
3339
2624
9808
7946
7131
2773
4396
9397
6845
5756
6454
6265
8653
3911
5900
9055
5540
3619
4660
5469
6056
350
9786
7606
4715
8243
9825
9387
8949
9274
1868
6412
7578
5463
9809
8311
5464
6473
2389
8956
6578
2633
3185
1965
2490
8617
5593
2330
2355
5954
9320
6742
8729
9090
3417
2540
166
3995
869
9658
8916
1416
9553
1522
8568
3274
5148
6519
9724
6474
7242
7550
1109
6249
9727
9032
7961
1886
8326
9492
6111
3223
1621
4029
689
3709
2298
4968
1337
6696
3373
3443
5272
6960
7808
6587
5012
5158
2634
4456
1057
1464
7359
7831
2439
2940
7639
5313
8506
9053
5832
9046
8836
3794
5038
6860
5587
2086
5456
9613
4904
4007
4937
9801
7803
7362
4221
9288
3254
9749
1496
108
8222
9214
5547
4701
2305
8565
1987
303
2671
4683
8561
475
521
2501
7176
9891
9015
5800
4235
1536
5707
5317
6662
9318
2424
9860
8267
6898
4958
2999
4703
1694
5415
5173
6461
8633
7550
6329
1114
3157
8848
6868
3629
4055
8169
7595
1371
4930
565
8705
3108
2758
3222
1533
1978
4258
8424
514
463
9568
9825
5591
3704
1832
7413
5481
3166
3316
3986
5186
2973
8938
556
5395
6000
1667
9216
4022
3119
6598
9420
968
7143
1207
4419
1383
7012
8969
7727
9832
452
9831
2155
933
4290
1747
8270
6398
2537
7712
107
9348
5682
992
6511
447
1241
3915
3842
2231
2635
7246
865
9965
1064
6082
9116
7267
5629
958
2357
8360
4376
8179
7174
2615
2239
8967
7294
3717
3263
8456
9259
6729
2399
2886
4470
5096
1114
4692
5163
8779
1656
9129
9109
5409
8870
9466
2958
7028
2994
5031
5224
635
4241
325
7851
9192
2797
978
920
4366
6162
1032
6150
1114
9394
3313
1610
2698
9560
1192
1400
5942
4681
5439
7892
7081
5071
77
6811
2019
7289
4981
6625
9648
7660
3313
1348
8102
7540
7129
4413
1034
165
4637
4487
8334
4905
1561
6174
2869
7666
1367
4635
250
2514
2885
6913
8168
7344
181
8077
5979
4921
5010
4731
8504
2458
6849
3855
5617
6606
5880
8374
8765
5184
2966
3275
7706
6907
4291
9878
9568
3864
1288
2199
7720
5885
9755
2572
6305
2847
6514
1542
7088
3765
9885
1511
6152
3929
4875
7189
9674
3582
7705
253
8440
8345
8827
9352
5344
9371
3990
1114
8355
8916
5359
8193
6826
5847
2021
8884
3647
5125
8440
9332
9805
1605
9664
2379
4749
6572
9115
163
3367
6330
8679
8342
1116
5420
8098
7078
266
5234
6034
5013
4701
8413
61
6079
1729
2036
8143
3587
3064
2516
8476
9209
9546
9984
935
3470
2183
2722
5989
4223
9395
4998
6418
6360
2170
6938
7072
590
9711
6762
3055
8552
3312
4811
8077
8234
3314
724
9056
8971
6073
550
5029
6115
648
1297
5812
8214
3972
4437
3064
5091
687
6672
9320
2162
7956
2556
6037
7656
830
1453
4072
1553
3744
7844
9163
9457
6035
9057
7957
2207
9329
1595
1198
7671
7981
1134
3188
5901
3064
4358
5586
9785
924
6252
6267
8244
5984
9705
3268
9208
3735
7293
8879
8161
4776
2910
7394
3611
7049
4707
7322
8215
9420
4330
1671
931
4846
5418
1449
3693
1274
5874
4667
7002
1778
5810
2687
7331
2387
9825
9899
1721
7171
1334
8359
7409
6640
3201
2657
5211
5204
2435
772
2167
1179
3117
4852
1349
1614
3820
8511
9790
4702
8596
6674
9013
6046
9681
9566
9392
9128
7177
300
6591
761
4006
9273
2358
4678
688
3360
334
5499
3519
7550
1470
5690
1594
3033
5531
9286
1771
3379
9899
6006
8387
5510
6584
9304
7372
3085
1223
1006
3654
9231
2055
2230
8003
889
3002
6744
2733
1662
1806
803
9209
8430
4404
2069
6015
7226
647
2560
235
9165
1994
5262
3370
5375
8943
5312
2539
3569
6363
7423
4461
9716
460
8947
2890
2309
7341
6131
9169
9429
8003
6659
8396
2010
1328
3807
7083
7480
2772
8904
8169
2177
3982
6267
2479
8057
3134
1307
3149
9094
9010
7026
2983
9202
2269
220
530
9165
9903
4605
1509
6989
9734
3707
6332
6624
9868
9815
9124
2030
1458
5984
5396
9006
6460
8297
7551
4522
6936
9411
3024
4363
9377
837
515
3314
3842
4467
7352
9559
7439
3701
2653
5651
3786
2047
3265
5593
4049
5620
3411
849
5624
9235
5787
6277
945
438
125
9082
8170
9928
8861
3613
7378
4355
6855
5033
211
4428
3954
5790
4861
7538
124
1983
2737
9849
5972
5301
6616
9449
825
8778
841
9220
6447
1977
2637
6645
8619
4324
5714
8932
2169
7347
6384
4509
6280
4578
1537
4451
4701
9337
120
7670
7163
6639
4157
50
2339
5725
3447
9157
5749
4183
1750
7235
473
1975
3190
2309
1581
8494
2763
5689
372
9969
4866
7209
9059
9227
8182
171
903
9922
375
1603
3056
6862
6618
3348
7957
1824
3969
542
2839
8109
4089
4626
5042
5309
1168
5399
6001
2245
6721
3784
3608
4417
4662
3377
330
1434
8345
2356
3082
4385
1631
8466
2468
1507
3311
844
282
8146
8011
4535
7341
3203
4042
3744
6754
3939
6165
7346
9696
8257
3354
3647
2011
2795
6451
5984
9775
1579
4450
9652
3845
3215
5403
5038
2312
8308
6892
3536
1898
9521
2765
1587
8062
4261
9711
7582
890
453
1903
8146
3429
5982
751
7768
2785
5674
2326
4649
5731
5842
7667
2995
4277
7779
6741
2422
6994
2705
8510
4761
3874
3850
2623
649
1306
7141
4099
5089
202
6858
8511
5231
8614
156
822
9950
9768
1125
7822
964
185
4829
6294
6826
6029
4534
3306
6111
3907
5430
4932
2041
3426
8699
9725
174
5252
3687
2150
1069
4735
2267
9891
9793
6833
9757
6334
2325
6228
8216
3854
2815
9938
4319
8455
5715
2448
4108
1395
6341
3682
6145
2829
9714
6564
7615
6122
6056
9776
6718
9911
5382
7451
8663
726
4041
2993
3599
8262
348
3467
3095
2222
7580
7967
2848
1021
5419
7058
9469
9460
6252
5014
4867
5732
9708
6411
9743
3137
7964
1048
8894
7388
1764
8010
6643
5067
5394
2191
6993
439
7644
6302
9117
2669
3966
9891
2876
7460
8453
5569
387
2549
1410
5460
2629
3675
2288
2165
4829
2932
2028
4802
7746
5000
4031
3631
887
3595
4447
9292
5853
6173
8609
4990
4452
7333
6731
9109
6866
7611
2132
8150
9453
6899
6943
1324
1519
3508
485
4899
3345
6920
3266
6597
2203
9898
1869
9304
4800
3952
6516
5821
7598
9068
872
2842
3563
2896
6111
1507
6860
4893
6385
3144
4115
3995
5716
7635
6140
3807
3758
1447
9833
9077
9210
1038
3642
3719
2499
8204
6182
3524
1034
5977
5446
8586
6322
4675
4776
3815
9454
684
1035
7607
7704
3322
5590
8607
2656
7904
7192
4144
4069
529
2909
48
4605
7866
8543
5777
4231
1855
8445
4239
2576
6253
3875
2259
8368
1098
3894
6109
7252
5881
4637
6187
5204
9738
8608
7186
686
3776
444
8400
2154
3048
4437
6233
7664
6822
878
6510
377
5727
2927
1594
1968
9192
6613
2387
9868
6846
6017
5086
9215
6597
1361
4540
7079
6927
7559
228
4208
7298
3920
931
8734
928
1335
638
3295
7784
94
137
5663
5972
791
5031
1359
1452
7103
925
5075
3856
9507
6959
3610
4371
8630
2649
4169
7875
6558
4151
5560
4296
922
7570
5544
5240
2708
9303
4518
7415
4606
8147
5206
6747
1779
9368
3185
9925
3271
4434
2020
7258
821
3081
4175
2844
4468
7625
2333
8059
9719
8082
2311
6728
4775
2821
7545
4109
4919
37
4947
6851
2370
754
1756
245
7494
4764
3748
3448
1738
4922
2393
7995
8210
1572
4247
7032
6328
1208
9125
5028
627
7888
6372
3103
8312
1326
4449
7563
7224
5916
9046
6843
732
262
9509
3505
7870
64
3495
246
9262
3192
9066
513
8513
255
5675
5423
2355
8876
6058
9190
859
3581
496
4826
2662
4018
1071
9859
2639
1136
7029
1776
2708
9388
3674
9110
805
5299
8746
283
8288
4253
4012
1041
8414
721
211
7660
6129
1882
3386
406
8793
9464
1995
8979
2522
503
8406
3030
8297
2876
1258
3473
2236
8382
2154
176
8287
6634
6195
9975
5697
3144
7359
6397
3455
605
4991
9688
6613
5895
2430
6570
5380
5874
5416
6232
87
3774
6776
2426
924
5143
7024
383
7505
2746
9542
585
7394
555
5536
1263
650
9815
9683
9597
8554
3171
4904
7780
3213
4782
3972
3267
4463
8299
5853
3342
4450
9614
9079
474
5413
6307
6621
8407
3413
7075
7861
5440
4993
983
9124
7888
8627
1273
2130
323
3644
2922
1700
5117
8848
9851
1360
3291
5162
5419
4821
2607
5700
1191
4141
4429
1198
6472
6204
2160
9443
585
7461
4852
4195
2200
3606
1162
5751
4064
9181
2272
9999
3671
2958
7408
2753
6667
5775
9166
8060
3496
3402
5892
7665
3758
4721
4335
2462
5756
2284
1094
4163
9537
7006
5241
9790
9074
534
9393
3237
7836
5064
9668
5716
4742
6854
521
4618
1720
5372
3204
7452
1455
5035
6264
5246
9445
6565
2001
2024
7411
6386
6471
1050
667
3139
5352
2468
7686
1026
8218
7143
7048
4650
261
85
6324
4099
3054
24
3566
6935
7192
3261
8812
6135
9420
6782
6584
8370
2586
518
5816
2060
7703
9351
6540
4057
443
7359
1796
1996
9675
2892
5515
8288
8010
4032
1948
3490
6641
3427
3451
6135
443
5061
7748
5464
1810
7628
5569
7232
6146
8682
1069
5523
6962
1208
6079
4555
2011
4453
3272
4567
8974
3621
2477
7932
6189
623
7383
7890
9558
8735
7473
1292
1409
4084
8249
8428
761
5109
369
9646
7251
1239
8364
9976
8199
4772
1930
541
1772
8968
2543
8793
7311
5880
6283
766
4411
2258
547
49
3307
9496
3837
121
6502
2841
8390
2535
1789
2379
1729
9059
9424
4649
4146
5252
1407
2321
4169
9277
6313
3929
5362
7498
6685
7881
7700
702
8897
1756
3434
4728
1210
8764
4839
7222
7915
5400
7727
5390
5506
6358
481
6643
3948
8009
1856
8298
1312
157
5352
7036
7602
9241
5543
5604
119
4044
8420
6917
7778
6195
480
6707
8220
8919
7042
3604
9564
3833
5906
1862
4867
4090
2362
654
5226
2667
884
1160
5547
2799
7557
392
8164
2463
7887
5128
7981
5932
6811
4556
1359
5535
3009
5631
8359
340
694
8428
2766
6930
5421
9271
1928
7166
7806
4389
1309
5318
5637
2848
2288
2462
7156
2869
5126
3538
2662
3068
9011
4091
5035
8747
4178
6786
6601
4392
1193
8804
266
5757
2351
340
4001
2159
7604
2125
4044
6427
2967
4195
694
3069
7791
9585
3375
4721
8369
6732
615
8715
4762
227
7367
8893
9161
3824
8876
2798
5883
6212
8408
2842
3590
7286
6799
6196
45
1583
43
491
6677
3366
3206
7984
9264
6538
8528
5412
2764
8285
4508
6861
8335
2483
8639
4238
5928
4528
5657
749
8428
1558
1148
3589
5484
9327
2611
8776
1196
9670
7786
1919
9834
143
1905
2418
1696
5276
3767
1751
5093
923
1542
3606
6123
6947
5275
1302
4105
7456
1218
5812
4607
5135
5097
7384
3755
4343
9178
6343
1814
4606
8891
8437
1246
6870
6403
3601
1187
9365
9998
2930
9623
1700
6534
1019
55
8347
3122
1361
566
3749
6250
2167
1950
1304
8218
8571
6638
6741
927
8495
7433
7139
9207
7544
9979
73
3351
416
9136
4105
8946
7138
3174
4342
7492
6635
7016
8756
2716
87
3119
4524
6729
2008
8807
3319
470
6821
8432
7199
3215
6803
4678
841
2694
8179
1420
5278
8358
5835
1528
3144
6237
396
6330
1530
4337
7587
527
3644
4039
8889
4618
7182
6614
5580
7977
8099
558
4743
2968
9041
5473
4736
6478
5039
2822
2966
3071
189
5212
5096
7968
1084
2944
316
6643
6962
9392
1651
4854
4132
4117
7759
8912
5193
2375
544
8141
1866
3904
4408
6869
7926
7046
6370
381
5067
9694
2562
8580
4640
9981
614
8509
7577
2985
6544
1006
1578
1377
5310
2475
7834
5730
7417
5183
7902
3023
5638
5913
7388
1468
8006
6073
1402
4564
5799
2598
2869
3200
6864
3710
5331
8920
8686
7694
305
2337
2054
8093
4895
5254
8234
2950
3400
2869
4789
1230
9249
6529
3777
6200
6288
9284
7699
4605
7169
8651
2510
2081
2747
8365
1123
8527
3157
3572
4049
7163
2172
3345
3554
7114
3214
5639
8740
7827
8399
1483
2854
2572
7690
789
4382
7234
8320
7739
3795
8497
4521
3752
9343
9839
1097
6831
6206
858
802
2790
4060
672
6038
7168
7798
2503
4203
4831
1640
4559
7308
3992
2584
3290
2104
964
812
4147
2448
3741
6968
5157
8679
6377
3619
1694
8158
116
7124
197
3768
2532
3962
7171
1802
2155
4022
7722
4555
1729
8959
2479
997
9371
1950
2839
9290
406
5862
344
7587
4371
2671
1289
1240
7905
1917
800
4011
9936
1908
3485
9747
978
1566
7900
3208
4994
4326
5125
5621
3382
4915
6551
7757
8368
9356
6402
6137
5125
436
7980
1832
2914
8022
6365
5040
350
2678
8801
5492
8710
353
466
8164
5103
7408
3674
648
6981
9060
8925
5708
6197
2482
8219
8075
2196
2499
7596
4394
9791
1435
7004
5021
8053
9746
3321
7915
3086
5657
7094
5430
9840
2954
5838
25
9894
6459
5815
6022
8868
5825
9495
7844
3114
6302
1569
8719
1958
1465
7460
9712
4609
7150
3788
7126
2546
9588
5367
7670
9406
5001
548
5134
517
3673
8551
2180
2461
1110
2467
481
6127
8855
1728
4073
2450
8170
7479
3833
660
1211
9296
7924
6771
1218
8442
2912
5460
152
4504
8800
5560
7811
7984
615
1111
244
5696
6898
390
3059
4384
3710
8867
6954
861
3348
2565
5652
4498
9987
9056
3631
2565
8140
3091
9254
101
7524
8812
6865
4626
9585
9579
2200
4767
907
6433
991
3768
3150
893
8311
4160
9062
354
8940
7979
1507
9233
3868
2768
8289
9198
1927
5079
6698
1723
4748
951
8077
6531
2247
7532
41
7304
7643
7427
5830
9739
2367
5329
6624
4437
8590
7208
2084
211
1185
9895
5987
7709
7117
5653
566
6447
1868
3176
1145
1702
5381
3600
6443
3441
7628
4903
4063
6441
9170
8562
3226
8304
2006
4931
9260
7458
5426
3035
3760
2123
9992
5435
1310
7448
5455
5937
3327
5673
7726
8967
1418
57
5281
1381
4837
8890
2429
9479
6790
2916
5655
2212
3338
9151
6820
8163
4120
7158
8940
9571
2243
5222
9961
6203
22
5766
4722
2709
925
5382
6453
6889
2212
8539
4388
1832
7199
6134
3134
7379
8985
4341
722
9969
2822
9566
2086
9414
5261
2296
2015
1912
6205
2615
4410
927
1788
8235
4481
6881
3464
4044
9957
6683
8166
4156
2893
871
6369
8688
3777
7685
607
8671
5429
7882
2357
2089
616
2738
4059
6101
7497
2775
3444
8084
3808
5146
5946
1036
4590
2104
7987
2599
4875
2538
7013
8693
8667
492
347
7940
7524
3669
3845
4161
8598
8009
8982
5137
3750
8759
9924
1081
9462
1682
4518
9616
1799
7674
3520
3236
231
7604
7847
1351
6341
7888
8116
7129
7178
2760
7770
9719
1131
9394
1918
8891
7984
5358
462
1040
5369
253
3354
8872
6983
7692
6715
8443
9039
4507
3517
8928
1782
7092
5197
3490
9480
7742
9221
9012
9547
217
6779
5520
9157
4843
6682
5132
4091
2097
3564
3633
3444
46
7609
7292
4202
1390
7588
2169
5853
4144
112
1518
4387
595
8096
1448
3682
4787
3676
6968
9149
9004
698
9789
2541
8279
9788
1202
9932
830
6829
5319
2484
6438
566
8142
7760
1231
6133
6475
3012
2076
9861
3572
9014
7808
8613
4376
8786
7831
8884
7568
5226
619
5981
1770
4983
6251
5232
2448
5834
9420
8444
2883
3521
2579
8348
5225
271
1289
1883
4393
7233
7462
3828
8936
3277
3725
2650
9320
880
2078
4234
2837
7730
3767
2465
6868
6909
5426
4923
1594
9644
7714
9342
4831
7195
8073
3543
6732
2316
9401
8890
5162
5830
8749
6168
3069
7813
5405
5781
5651
3863
1083
653
4352
8349
4385
3733
7885
98
5197
9574
2057
8634
4960
8665
6312
7757
6703
929
2298
5011
5605
7685
7695
9254
1896
9189
7714
1251
2734
2908
1286
8124
2255
5668
3705
376
8958
8263
180
6726
3479
469
6645
4319
985
1064
7386
8478
1864
3347
4972
9921
3415
4134
8775
2074
933
2890
4692
1665
203
9436
1909
1251
4562
782
7059
6789
3889
3371
9964
8936
7935
1812
3932
155
795
6169
224
7539
6498
500
1558
4575
6884
1528
5506
5638
8486
2962
3965
212
2672
1664
3292
405
2282
3123
7811
3841
3977
8563
1081
3256
3391
9489
8861
7568
893
9119
809
7565
9271
7119
6185
9998
7346
2285
9903
7594
9640
7075
667
4330
2756
9295
9556
4137
3767
1513
5357
1184
3700
1910
3339
5054
4114
6076
2675
8635
2774
181
4312
1548
1639
876
3891
153
8733
758
9083
1843
6374
5720
176
3108
575
2241
1376
8275
5051
4634
6357
5838
9524
1487
4552
3558
3247
9171
552
7981
8584
8282
7090
7368
7594
8486
3874
1864
9773
8850
7317
2373
558
2087
4807
1698
5653
6418
6613
7063
9385
140
2255
7359
8052
1920
6718
977
1073
5275
2064
5517
5241
2655
6510
4851
4588
1841
828
9688
6811
7723
4287
7948
4900
5327
2952
9529
9262
6107
4808
7932
2162
4650
2231
2141
3086
5939
2661
724
8523
893
6739
6875
4581
6646
1692
2948
8855
1598
2088
1000
7485
9700
4125
2202
2199
2357
1605
6202
6142
719
8331
7348
4039
5206
9134
3329
7692
8676
4884
1384
6787
1307
3635
4437
1276
1776
6661
2951
6492
7339
2547
8280
7618
3561
4455
6659
9778
5379
4322
2361
5544
6398
4189
6297
7788
494
9922
4574
8914
9000
3640
8162
8087
5085
4166
1685
4140
6303
909
3651
4054
3110
520
6428
1872
4755
6181
462
4990
1412
8021
5156
1574
6827
1389
1896
3084
7992
2285
8157
1493
9853
3915
8265
8995
8386
1320
8253
8778
5228
8332
2397
5267
9240
2138
4664
3432
8344
9722
2980
3550
1475
5072
9988
673
4703
1416
2250
9761
8937
3519
4483
5235
1698
1969
2349
3740
984
2743
1140
4143
7496
3402
5402
9822
4275
1411
8412
3787
8190
4278
5731
5799
5392
3937
7843
3606
3688
6496
6312
8379
2209
3927
6327
9502
1095
3555
3747
1442
5846
744
934
4248
4355
6544
2278
8283
8509
1115
4801
6739
5689
9504
3096
5545
1735
139
7461
6600
7392
8705
5519
1548
4202
6103
8902
2962
838
7731
863
5704
4844
4467
4105
9825
9278
8888
4580
1298
7408
9982
1926
5900
7692
2907
9314
7635
8655
1180
2103
8853
9746
8708
3503
7874
6001
3369
6203
1175
4261
2420
1473
3220
6761
1576
5544
1030
5381
935
4035
807
7934
2046
666
9232
547
361
702
4602
2091
175
631
2485
3200
4286
2371
3682
6111
4315
1222
6919
6168
540
1001
20
7058
6549
8990
1492
4646
8336
5936
9783
6154
9921
3583
1107
7734
7076
6792
5421
1880
4011
7048
3566
1235
3720
4791
214
6464
4913
8678
5177
6691
6160
9016
2709
386
1070
5697
2082
9541
8622
6514
781
8533
2991
3529
5684
1579
517
8446
5057
5052
6007
4678
3847
9333
1408
1179
675
5504
2824
6153
1207
6059
570
9769
8268
2977
8289
3753
9281
8731
8235
1333
8784
3861
7543
7590
3772
6004
8564
7531
5612
5470
2643
9823
9589
1893
4275
3584
6317
9969
9913
2693
7081
7180
1026
439
6568
7141
7172
447
6440
8665
9884
6275
7606
9280
5201
719
3165
6979
648
3364
2763
2883
9560
5818
7711
6899
5759
3040
7579
1503
7393
9356
8734
3163
7951
6826
3212
2096
4899
7360
3198
6626
8108
6182
1575
5084
4874
3774
1666
3860
9400
324
7009
4975
7750
4340
4133
2478
1376
6093
3227
901
8620
7077
9662
9178
4771
5465
4879
3258
2711
8277
2872
3784
3051
9022
2464
1495
2887
5192
2874
4704
4173
6795
8501
4450
7382
4264
416
7325
9790
232
5362
2649
1091
78
7295
2807
3737
9051
9342
2225
1295
3936
978
2011
2788
6260
5458
2663
7696
2974
9458
3046
993
3584
9205
5562
9231
3391
9320
8444
5416
1634
4860
3125
7497
8878
4533
2364
5606
8192
4283
3821
6790
6575
6949
4590
2534
765
886
4348
902
6338
2315
4926
9421
7555
7265
1978
4415
121
6479
3914
3520
4667
2152
2560
425
1023
3511
556
484
298
1001
5222
2002
6308
5252
319
4700
9148
1069
2178
520
1369
4920
8087
8643
9193
1506
1979
933
5833
1054
9395
1681
6035
2369
2995
4626
5006
9062
4886
9140
8907
4073
7211
9372
7276
7249
2239
791
4947
3181
1355
523
5393
6321
3701
7911
4315
9822
9097
455
1294
1264
9886
5088
2414
3267
2720
2030
8280
8194
8027
3438
7658
875
775
7945
2327
9640
6498
8760
3010
3753
2139
9530
587
4042
5357
1332
1186
7377
6701
9776
9748
900
2716
2956
2175
8959
4290
7997
1370
4198
4745
6618
3805
6710
4682
8059
7237
661
1758
5600
1972
5937
6892
1548
7477
4143
5650
5786
9077
3493
9565
4136
4748
159
1513
8244
4008
4575
7264
9550
417
8976
9595
358
1877
2104
3230
8463
7152
6730
4355
892
414
5364
4848
9504
7250
984
846
5416
2729
6904
9251
6773
1044
1285
4723
414
7273
878
7638
9139
2714
3033
3194
7042
6406
8205
8195
5351
6760
670
4702
7808
7641
7682
2492
9547
7337
6666
4286
9360
5299
482
7312
7582
3757
1327
2858
8191
19
8209
4054
5067
4217
373
2383
2335
6760
5547
8042
314
6664
3146
2486
360
3297
7977
8067
2915
5002
3560
5532
566
9847
1258
6273
7161
1338
5262
7556
7487
6845
1338
7919
282
2276
6222
8577
6931
8932
3333
1403
1480
9281
8103
2743
6360
2446
9505
6051
8157
4792
2536
9517
5369
5327
2996
6234
6746
3591
4097
7069
4639
8231
5244
2466
536
5945
301
7651
663
6605
3476
8637
2619
185
4004
5257
2455
1481
1127
5307
8489
8057
7859
3547
9455
834
9998
7046
7113
1940
9083
1093
7695
7950
6103
2839
7201
6488
2470
8647
1692
7795
9163
9665
8518
9814
8345
3871
660
1668
402
4092
4241
3774
6295
2020
3338
601
2054
4781
8957
8898
915
783
2027
8299
9977
2605
749
1421
9644
2854
3748
6532
104
2640
6655
7464
9
7891
529
748
5493
2869
9342
9632
4432
22
3167
3266
5835
8373
4799
761
133
9563
7633
2930
2468
2179
9442
9194
5736
2200
7017
7199
6053
9349
3152
538
9760
3523
9906
6830
3027
8415
9778
155
4623
7098
3606
8049
5269
462
9487
1641
9063
655
4534
1995
6748
9593
7692
4164
8286
8770
2192
7386
1042
2611
9956
6637
309
4883
9886
9162
9501
7627
617
1074
1880
40
2270
1937
2778
6163
3131
983
7984
4553
8910
7828
7844
8849
4786
3273
6893
9320
468
5397
2763
5195
8625
895
6301
1369
636
6534
7403
8246
2897
4182
6456
3664
5640
5613
819
8935
321
4026
2623
4471
2922
8987
7241
2909
7496
3061
645
223
8842
4448
4890
5198
2714
3401
2773
6034
5277
4349
8152
959
594
5122
651
6270
1636
9363
7461
4859
2051
5563
6264
7790
8054
6871
7121
4289
2392
4792
2550
8507
6290
4995
7102
8266
4596
8686
3847
685
4903
6639
5700
5106
621
7737
3412
2998
7131
6475
2480
3786
3433
8170
9200
5226
68
6509
6039
955
6886
9376
8610
1931
3366
6502
1577
9197
8934
3731
6989
3045
1983
8349
7771
2514
1983
5647
7113
5175
1493
7365
1875
3246
4403
5723
958
5579
5001
5383
996
763
5653
2579
26
8019
2708
2144
6063
2774
456
5163
7964
9244
2170
5608
1064
2612
3265
6935
2139
1803
8688
8441
1887
5321
6723
1020
3941
5975
169
7530
4110
651
5047
4312
4257
1164
8660
7785
7595
8022
9951
4915
4112
9353
9241
6937
7766
280
8902
4959
9756
2883
2167
8482
3840
7783
8957
2897
4628
468
5195
9756
4754
4621
8048
6878
5087
2559
5718
400
9535
1327
8080
472
4002
3923
2910
7807
9092
7586
9181
537
6277
9156
6645
8967
2738
7961
5305
9131
4059
2449
7434
6584
987
2847
5891
8627
6073
4595
4940
3877
5559
1593
2558
447
367
5590
2103
4549
8901
8389
2026
542
8737
3942
7086
7900
4054
7958
56
3542
1713
49
6480
4607
5232
175
3922
9457
1552
288
4388
5818
756
1236
1271
991
3113
7385
4684
90
3880
3614
8865
7024
5315
9303
8413
840
7375
1876
2699
4582
9901
4474
2174
9530
2645
7569
9414
5691
6005
7171
5595
6409
3625
4390
7106
3060
2383
1077
4080
243
6312
5493
8029
1882
8269
3017
8696
6695
1642
6781
2511
7752
6462
5878
5686
3134
2033
4529
4271
5181
7781
1195
1687
5845
631
4947
4511
7551
4093
5716
3726
9041
1064
9186
4728
7641
2148
3651
9154
3908
819
7748
2789
6182
7801
4386
971
9288
9769
7773
5927
1024
9235
2106
4277
1261
6957
8572
7385
5479
8576
4679
3852
1467
3150
7319
1186
8298
7158
3972
4625
6945
2509
9566
139
1673
1008
4802
2814
6608
717
6438
3798
6321
6123
1488
107
672
2200
1022
5278
5362
1932
286
7949
65
2557
7332
7224
1098
3670
8438
5090
5744
8619
1789
8739
1870
7575
2923
8314
8614
1610
3921
6823
8321
7251
6321
2214
8184
8002
1564
6575
8417
1007
8096
1891
5982
9553
3792
3228
9411
1315
4110
6684
6135
7953
8162
3304
4739
5671
5452
7706
2158
5128
5853
2946
9091
2198
7784
1052
6387
9846
2261
8086
3227
1904
9359
9497
1925
4288
3590
8323
2630
151
2445
2745
2858
1026
4450
2148
5379
8496
8800
1167
949
4783
633
6813
7132
6716
8170
6013
7465
1973
1907
4626
2100
785
4242
5630
531
4033
6047
4039
59
5990
5388
3350
7577
9934
7103
5950
7715
231
2933
7538
2948
8800
207
3961
3954
9979
5125
627
8226
3817
2895
9974
3703
1672
1073
9772
7298
6551
2600
5531
1325
4133
156
4952
9780
9867
100
657
5144
3611
3190
3726
7742
7957
3710
5914
1556
5443
9823
2424
675
8710
7293
1481
1420
1855
893
8165
9541
8383
9277
2443
9992
983
7994
5228
2085
5375
9941
7130
6926
6177
220
7491
4390
7606
255
1122
5027
7039
987
8166
4969
5210
5802
9854
6702
6073
4658
1672
4460
3470
4021
8918
1488
8344
2776
9260
6545
6046
8664
4711
3826
9957
5319
8951
9359
8677
9759
9816
2617
8870
4943
9307
993
5393
212
9548
3111
2857
5148
3556
9355
6520
8673
1720
1891
3011
7901
7417
8455
3168
6416
6466
625
5000
1929
2252
8706
4058
5859
8921
3034
966
3600
9562
938
4916
3054
7568
7208
6820
2468
7555
9759
1952
3389
9323
3097
3496
5481
8440
2521
9750
6997
570
9923
5672
1764
3770
5114
7686
6258
2244
5478
3190
4527
4530
9214
4137
3504
5726
4439
8443
9394
1781
149
6773
9962
3087
4440
420
3360
6253
6676
2119
5210
9307
2633
53
7554
4002
299
6675
1511
5345
6980
3858
4136
1725
8265
7920
5088
8300
5288
4496
6841
97
6919
4239
7662
3792
3539
9450
7707
8291
6748
9251
4852
8894
3871
2700
1396
5679
7151
4304
6532
9929
5434
7301
7042
8176
7561
2374
6937
3043
5581
5501
3850
2719
4935
6221
6479
2054
9686
8983
680
6589
3175
6267
6298
1580
5397
2481
2218
9232
5884
5909
1888
6545
3260
7124
61
678
4849
1591
8051
6940
9872
3516
8908
3133
4047
9455
3465
4496
3466
8750
2573
6264
85
1652
513
7622
6381
8488
9107
2093
1813
6141
5921
7274
5927
9005
9955
8914
5300
6921
5825
5374
3379
1724
7093
1247
4884
3468
6039
4563
3281
2132
3112
6868
1379
1188
4404
8360
9182
2247
6453
3770
360
9336
2402
9593
5447
143
262
4960
5366
339
3775
6660
7162
5372
1237
9674
4852
694
2897
1486
7617
9526
3058
9618
8890
2129
946
6757
1894
3004
5667
3491
7000
2649
6171
2791
98
1486
7510
3024
1856
7649
6074
2195
4011
4068
8146
8251
3
9398
1120
4257
8338
528
206
2810
9054
7151
596
9841
9593
5414
188
6694
9637
773
4109
879
3630
779
7802
4028
8301
8617
3184
4641
68
1966
5106
2908
537
1150
5447
7442
8218
9741
3896
3822
925
2964
4955
4136
8684
2952
1304
4012
8006
9505
516
9358
6787
6334
4268
8600
5826
1094
4032
866
2512
8913
342
4587
7670
1031
7520
6886
2036
1960
4873
2051
5038
1200
9896
220
9438
3399
6163
4702
3362
8852
2612
304
6334
327
5860
7478
3851
9840
3482
3680
6538
6264
4554
6547
1181
4259
3613
2866
2275
2144
1450
4557
5676
3031
7497
631
5203
2836
4041
9882
873
7709
1544
804
1204
2050
2997
3227
9700
3612
1286
7995
8498
9784
3468
7713
6977
2849
8099
4880
6130
7377
740
2009
3068
8279
7986
155
6325
4808
6537
3535
2026
8814
8890
9882
1262
9733
67
22
7378
8626
5784
8020
9768
6668
8731
7187
7164
2107
475
948
7050
3281
3211
5928
2234
1992
2836
6976
4534
3878
6726
5782
7718
705
9764
7170
1847
7122
1799
7579
317
8958
2947
4292
3170
2220
4893
5877
1858
906
7555
9178
4135
5146
9953
3350
5477
2874
8448
4351
1531
6595
7692
5157
6392
7434
56
266
364
6947
3382
3719
9468
9787
2262
5340
565
4042
1588
1392
3192
4976
4453
891
4251
7000
553
9233
8477
2479
9615
4546
5290
9442
437
7198
5528
1541
6020
8823
9594
1976
9394
4466
7720
71
934
6264
1891
3317
543
752
6625
3305
7089
4699
1774
4897
4079
308
7421
5329
6716
1864
8752
2401
1754
5385
4354
971
730
9151
8172
9404
5919
2587
7617
159
3703
7297
9458
4840
2316
8600
5596
995
2360
8108
2390
9863
1562
1403
7627
6285
3639
4004
3419
3095
7158
9584
8916
8511
9959
5611
1692
6490
3805
2310
7840
6988
369
2206
7757
2147
4384
4517
1012
6325
9351
9089
5046
1863
9759
9438
819
5019
794
6979
5664
130
6993
8270
4221
4453
1489
6075
853
7113
7661
9619
6405
2702
4135
8889
5097
9165
9891
6924
5973
5752
925
6836
9708
2730
431
8676
6928
4988
8268
5324
2365
706
7342
7881
6163
5821
6784
4531
9362
1052
297
4127
4853
9147
5574
7538
3893
1498
2561
3392
567
3171
4661
7437
9441
7734
8233
3235
7143
5269
7481
9328
9317
1985
1783
1263
7953
3978
2687
2236
717
7782
4546
9986
1352
1280
5858
469
4574
1834
3462
2312
37
9688
8015
3586
7959
3988
6197
6433
8755
3359
8732
6693
5724
3238
8319
2410
2548
1810
6753
5374
8688
7883
3196
8292
1838
4659
2298
7744
6096
4465
3196
9950
8301
220
9174
2359
871
1517
9504
805
3510
6779
8228
3784
3212
6291
7356
5776
6650
597
8264
4432
5547
5278
2810
6166
8022
444
2099
9939
863
2116
4394
5763
5711
8872
6796
8882
7415
3001
5083
7593
1485
2901
744
3187
7389
6171
6413
7027
7899
5923
5597
1739
8507
6743
8196
7003
7230
2507
1656
6016
2678
4480
264
4026
1170
7448
4272
4797
9098
9790
9040
4123
8378
3057
6497
8756
4380
4330
8228
3235
8057
611
3419
7851
6027
4597
7222
6212
4029
7622
7993
6838
4694
1834
5475
3095
9037
2702
4623
509
6376
9636
2137
1390
5718
8968
3294
3662
5365
425
7295
6448
1527
936
3076
7849
8489
1115
8456
609
2957
1759
2362
8551
9031
9033
5731
2198
2216
121
9505
2612
7080
1078
3877
9175
2232
4553
2638
448
5985
3698
1241
728
8891
5945
9749
7065
7314
8159
7152
1354
3054
238
1921
9122
1505
6419
2940
91
1249
8263
8599
4859
4993
1537
9199
2734
1887
7186
1418
6982
868
5857
486
4767
7233
5714
1723
1930
5422
3855
4789
3209
7430
1755
6856
9385
8390
7879
3235
2044
3287
3836
1723
9213
6497
1396
964
6551
2827
2330
4612
5330
5863
9326
8754
10000
6625
9782
2432
1209
3405
4172
6032
8246
8601
3557
2219
2137
6602
8337
2814
4542
8799
8396
2440
181
5214
8758
6491
2759
7743
7730
150
2790
9155
4189
5977
464
1297
4079
1443
2184
1285
3915
2643
9474
7064
6735
1506
2418
5257
1489
124
5232
5814
2510
8710
6612
771
4375
1236
8506
8732
9293
9416
678
6725
916
4755
2593
2134
2773
4027
7182
8140
4217
8648
3804
4177
4852
4388
8098
4272
6850
8551
5983
4475
9170
7649
207
4977
49
1343
9378
3276
1216
6707
7736
1943
2179
1957
7978
2154
3342
5596
1523
5631
5036
3504
7104
8427
2117
5012
8578
9956
9065
952
8148
2037
804
2461
3538
7210
5513
2682
1541
5496
9836
6701
3516
9927
8885
7924
4555
6506
4641
4707
2136
1640
8433
9875
446
9047
412
2649
6178
9408
9430
2056
6247
7502
4972
6654
8766
328
2982
6833
5132
8318
1121
575
9960
1831
1468
5561
8826
1225
383
7995
2766
3145
1309
5898
4186
4740
7046
7006
3175
5149
4424
9243
6704
9470
4441
8712
6824
9886
5561
2702
4137
6913
5133
4163
7076
3886
5795
8657
4581
7634
8396
4698
9476
3986
9191
5105
980
3208
8411
3623
1904
9409
6035
5840
7684
3732
8816
1009
1337
5141
7455
4871
2601
4124
7491
8591
898
7223
9096
2615
7917
6818
2465
900
3029
7003
4422
5855
6220
3712
5906
4503
7300
8024
6897
9790
9260
286
1439
2143
57
7536
9155
1144
5576
6511
6512
3111
7444
5370
6175
8680
3013
2178
5903
6296
6041
9905
6497
5261
9058
2756
2078
5283
1383
4990
6887
1310
2032
4868
1541
3657
5416
545
3132
1622
7009
9064
5968
4786
3708
7205
9103
2480
6641
2403
9148
4334
2798
2542
7358
5070
3789
6996
4389
359
8727
7455
7825
1229
4178
1743
5995
4870
9904
652
6490
399
2824
1194
848
1058
5439
6616
4646
3206
9648
6387
5781
2028
8176
8021
3373
7880
1288
8887
9588
8795
1611
3151
7978
5184
8299
6623
8560
4586
2193
1738
2800
2149
1741
3651
2822
9875
8620
8037
3388
1282
4645
8258
8251
8214
4833
9501
1465
6604
531
6356
4753
9950
9518
9622
3527
4220
4
1438
3406
9
785
395
4065
2709
6982
3590
9669
6414
1112
5182
4519
9003
1301
6255
6109
5487
9314
7007
7300
6391
9212
738
7696
5278
7657
6448
7453
4886
3772
3349
4871
629
1298
8488
849
9090
2237
3814
2159
6712
811
472
8308
1798
9437
3603
8917
2591
365
831
4135
793
1300
6885
863
8811
8060
7589
6988
6030
815
468
466
2405
7012
3069
2721
7235
729
4345
414
7992
3295
5502
4757
6395
6599
1764
2498
4995
9155
429
208
9747
8256
8050
360
931
5190
3888
412
1984
414
1352
2391
3188
4621
3794
2327
4686
4491
3372
5749
9861
9662
3761
477
9979
8564
8940
1784
4199
2297
9205
8347
6282
6953
7015
5291
5331
4027
9347
7375
7733
4469
57
4761
6513
2245
251
4336
8207
957
6927
8682
7616
492
9363
3700
1850
4982
9517
6262
2159
8252
1949
8961
9502
4402
8752
2879
5773
6249
8208
4711
516
214
6875
3912
1059
8686
5199
4291
2504
2155
7688
9536
1997
3348
6688
9767
6324
5400
7507
1232
212
4753
9664
3018
2380
4645
9417
6412
1100
9255
9432
6056
7926
4708
2357
1191
3293
4457
5167
59
2437
5196
6428
9793
1433
6447
731
7631
389
2614
7017
846
4822
7666
6871
608
393
2696
9695
7949
7054
5334
5801
5436
1518
8361
6807
3567
2137
4736
1208
972
1381
8193
7397
5840
2161
6116
1937
9336
9498
1968
6316
1042
5647
6466
1507
1499
4690
767
8845
8228
9073
1479
6973
4715
6281
9556
5139
3155
7146
2129
7411
2046
1955
2378
871
6996
6686
4499
8350
4517
4825
6352
7946
9814
4659
7238
2117
8820
9612
508
9570
2149
6486
7655
6400
3764
9565
5260
6712
3075
4912
1222
3156
9463
1380
2520
2027
3351
3331
6927
4312
3674
6295
8304
2463
2546
8842
7340
4520
5663
617
4404
6794
6689
5541
7297
5422
9299
6816
4272
4092
31
2922
31
9887
5572
5496
7959
5925
3518
7583
26
6447
6335
2017
182
3877
9126
2800
8660
6980
3415
2343
4189
3531
7706
9898
3799
6143
7837
7046
4451
5610
624
9553
2578
5807
4406
281
2901
4973
5490
5297
6744
6594
1393
8897
5018
7129
4343
4230
8649
3572
8680
5353
3175
815
2867
8565
7405
8821
476
4880
935
4128
2865
3067
3350
2249
6193
4253
2070
5269
7803
7396
5333
4402
3217
5074
1852
5074
5679
3586
4676
5172
5926
7982
8635
9206
4995
673
6518
9693
3338
3893
2376
7715
7244
6923
2938
7990
3278
794
8838
633
5972
9347
3770
5085
8015
3511
6430
4020
7941
8771
9019
3061
3733
5830
6535
9663
2226
1434
551
5686
7466
362
3058
7470
4207
1317
6261
5632
4312
660
6817
7488
8666
7891
770
8033
8986
2524
9262
1363
9031
5321
4853
7401
3366
3203
546
6133
567
5255
3658
738
437
6660
732
4755
4219
8502
9395
7172
4358
7124
6770
8014
6742
5550
5184
8549
4021
7552
7414
2112
4309
6731
4391
1034
405
4147
6594
2543
8823
204
393
4332
7920
7143
8321
8821
271
7304
5359
4219
7907
1850
1632
4804
4005
2121
4811
5025
5941
3861
9360
6879
4681
2152
7651
4773
9540
177
3647
5419
5459
1647
3839
4211
9753
9112
6750
3725
433
9877
1500
303
6341
1376
4458
4828
5118
4595
6548
8918
1446
9702
996
3438
8473
6306
4285
231
3141
384
3726
5522
6607
8975
529
6680
9291
5393
5887
2963
2951
6925
4589
8968
1012
3846
5334
6167
6256
6692
3003
329
6281
5640
465
6326
5089
6898
3129
531
7602
3667
719
8653
3972
7634
8510
7482
4979
581
3158
306
7094
3188
8959
2727
8064
5341
5837
2336
9812
3369
8782
76
4177
5321
3739
90
5941
2200
6239
6061
8535
5969
5184
8196
4424
1882
2129
3133
5402
4905
8052
6567
1982
7394
2277
8425
3232
9928
858
301
7779
638
6887
9645
2142
3353
9473
6662
9876
8154
9750
7595
9480
2277
5161
6293
9196
2555
9486
9460
9583
6290
7305
6243
3952
6381
4225
2878
8518
8440
9753
6347
1414
7327
8483
6679
4625
7531
8612
7557
7583
2987
3229
3281
3142
137
6048
3982
3989
6108
2668
8403
8162
9363
1393
3819
7495
572
9056
7130
2276
1632
5872
5627
1956
4007
1196
5375
6334
5727
5086
9435
3913
7542
9872
5076
8376
7925
6640
3864
8312
172
7433
6629
7224
3348
4811
4056
1544
1485
2161
1160
5557
9172
8152
4
1781
8174
9207
846
4679
794
4943
6385
3250
3955
9588
7643
6809
8183
9014
3328
4133
5764
7015
5354
9904
2021
4448
1136
5218
1653
8582
372
6099
9916
613
6176
3052
3431
1915
5650
5382
2685
779
7150
3863
4022
8571
4629
318
1880
4519
3613
4069
1428
8396
1190
9730
3705
1719
7879
831
6191
1156
5493
7582
8217
4524
1325
6777
1392
179
290
9400
9395
3056
6359
5468
3706
2304
3527
8991
899
1071
68
6979
6327
7305
6755
3223
7776
7493
9577
3231
2099
9415
7011
9134
2859
5536
2261
4893
9693
192
5175
6359
7224
5532
4312
6419
4960
7345
5203
6263
6631
2755
1640
1969
9354
4782
4758
5913
5046
4454
8073
9265
570
7153
6110
7472
2459
5705
4225
5135
3202
1623
7164
1969
2924
8483
9232
9914
1945
8993
1100
7728
9060
2588
3026
8945
1974
9113
6981
9999
8221
755
6159
9178
6928
3619
2922
3519
2138
7434
7868
8834
6176
8057
9950
3758
3700
5520
3298
1357
4485
2130
8517
7581
519
9183
1489
4161
8021
8284
9937
9874
802
521
7982
2966
3602
804
6401
8704
6555
7385
1831
4514
9296
7450
6758
2669
3405
7573
1174
4597
2662
2862
4776
1104
4652
7489
27
8482
5736
5376
3071
9695
3895
4737
334
4301
3235
3397
7220
2034
7524
5726
9890
6144
9214
4483
2599
1778
8425
8007
8760
3495
6324
7649
3966
629
9395
5212
24
6284
8983
4452
9732
3838
2815
9771
7813
2361
1944
2010
9586
778
5969
6843
7815
9188
3369
1951
9396
1392
7282
6201
6460
9666
9398
5347
9911
6624
8624
8771
5951
2592
2680
1870
8912
3641
2372
828
1598
1087
1789
584
8380
6816
5316
4865
5433
6103
25
5040
6628
267
9879
7074
269
2242
3623
113
6900
1010
91
9014
7120
2473
7997
6731
921
8452
7104
2538
5450
5490
4949
9487
4509
6547
2007
8173
6829
4861
8777
9389
1928
59
1503
6814
1422
1880
9985
5528
7309
5975
9666
6623
8700
8288
9853
5258
961
101
6658
2169
7525
7493
813
6968
9509
619
3931
2119
573
3793
970
9693
3895
9617
3221
4690
5974
6178
4212
2836
5943
5223
4284
3330
7227
7539
2057
3878
6515
9322
5617
7406
3012
9242
5886
5087
2146
9923
9847
7121
987
9912
3521
1994
496
4515
9927
7528
979
3916
8698
7422
6736
4430
9606
7482
1866
757
1999
2538
393
1998
9631
6635
448
9098
9286
3320
8796
463
1731
6989
2975
869
6127
8507
4521
9421
9676
7583
3510
2247
5565
2239
5001
5701
1007
1701
725
8806
9597
5086
6437
5862
5753
8011
1246
2409
8550
7959
5441
9473
2258
4249
4093
8019
8739
7191
6649
8273
5021
193
8563
7099
1688
2060
5195
9439
43
1226
7754
3311
9171
6263
4648
8003
3412
7067
1238
4919
9084
5947
1313
4250
3357
6872
75
8317
1446
1758
4822
7180
9289
9631
5929
880
6202
6345
3682
7528
5202
5214
4774
7666
9992
8852
3257
4902
3897
6670
1288
7964
4164
9025
8593
4516
6959
4131
3140
1123
335
595
4826
7375
4199
8123
3709
6059
102
5953
952
1022
6249
3896
1404
7168
7943
3717
1014
9138
2374
3675
1014
7785
6922
311
9348
6283
1520
114
9020
6513
8810
8036
7507
2692
4112
1534
1720
7847
6746
7144
6792
8602
5337
4286
805
9767
7171
6064
1596
4697
8729
6254
1011
4276
6180
5886
8800
90
410
9769
6969
1086
3026
2803
3363
1252
4323
2563
1637
84
4763
7263
157
6261
3778
4056
7851
494
6765
9174
2140
2358
2094
1253
5987
2280
3531
347
8001
4426
1224
5320
5033
1018
3979
554
7076
4460
7156
4976
1421
8778
4592
7850
3043
2190
8054
3969
4281
6490
7854
8627
2593
6407
2575
4646
1625
4004
4053
4378
2517
2391
4341
8316
5761
304
6926
7368
649
2253
8972
744
4119
1047
5255
8153
3736
2950
3748
1237
6252
559
4487
184
9916
6860
5010
724
4991
4516
2358
530
2578
6238
9818
9665
9561
656
9574
1241
309
3110
5685
7936
397
5580
5552
7906
2610
2348
2186
9145
4244
4365
5637
6169
3602
1067
3837
8976
8347
3930
5436
8151
8565
3732
548
8459
2114
555
3919
5445
3764
8610
8055
2131
8597
5609
8232
6966
368
8135
7979
5092
7222
177
9435
8318
7050
5496
698
2633
9062
3698
7992
8165
9777
8228
6381
6753
1298
1536
7387
7707
9497
9954
2313
1633
2256
6593
5936
5515
4450
2998
8968
7974
9208
2509
5495
4207
3811
2132
6504
7042
6981
198
6108
7649
8777
2528
6459
5836
4764
8810
2487
721
4962
5862
2299
8812
6693
3423
1738
2052
1716
2372
9264
6085
8354
9552
358
3746
9962
4566
1373
7577
5856
8729
5060
6604
4726
4784
1414
1462
2993
6126
2347
5262
4339
3457
9410
3354
5559
7706
9771
8449
7634
1285
6479
1263
5153
2652
7496
5142
320
5934
7495
2517
9025
5226
2410
3175
4704
7470
2261
6387
6008
1177
6234
2222
1096
5249
1250
872
3727
3433
5878
6228
5761
9751
2137
6168
17
7753
5584
869
4457
5513
4675
691
8832
2339
5659
9585
4578
7459
6849
1077
1127
8694
9241
5988
5437
8199
342
438
4549
2485
7339
7263
2075
1306
3865
9106
1429
2184
4701
6691
2323
3099
7609
1808
8671
9296
4372
7810
8912
1091
8925
3289
7578
9596
4336
8640
2437
8026
9524
3015
8174
8660
5809
4193
3984
6596
8069
292
4348
2356
1304
1423
7310
400
7975
7280
2248
6727
6559
707
2740
5221
9759
2695
9284
7866
1085
9445
9211
3106
4810
3197
1809
4177
6670
8542
212
238
2195
7124
1707
7067
1691
921
973
6559
3032
3537
9896
8861
8661
6335
9030
9297
1414
7726
1711
9164
7699
4976
6245
6063
2328
2814
359
1194
778
1680
7323
5911
3872
1593
625
6486
7949
9936
1958
3711
7660
8935
361
9355
7122
5110
976
4504
2202
5420
5478
5047
5926
2668
5154
5511
4857
6055
2655
5371
8754
7576
2082
8510
2424
9639
8261
1501
7914
3482
1422
9415
140
5507
3248
2010
8171
7112
5208
5201
7287
806
3417
8902
7866
6025
9695
1179
2807
8547
4869
3219
2072
5868
8393
4100
5519
1636
9642
7874
3543
5345
3659
5709
1788
4584
5681
9870
5851
4237
3098
2218
1484
2511
2335
9216
918
9582
3193
4536
6914
5996
8663
6616
9613
7777
4093
120
9869
9308
9406
4922
1106
8491
6967
1612
1415
4913
9132
9232
8125
5719
4641
8366
4571
7147
2316
3360
7009
4559
8117
1936
2816
5478
2905
680
9947
4062
1181
4805
9171
1312
2506
8039
7093
2183
2844
6236
1275
7556
7764
3995
8998
7058
1816
7596
1292
7239
3462
3710
9066
5118
6338
7274
4121
6155
5109
9722
2455
9857
7398
1811
8806
3449
5097
6377
5385
8153
7990
6476
4644
3624
3716
1017
2258
8359
6886
4023
7651
7812
3097
6787
3166
9186
2716
7157
2698
13
1366
2627
8063
3065
4733
5108
7175
4040
7121
8981
6952
4258
3810
9378
3442
1287
7968
6486
7559
7263
6956
8997
1542
7458
243
4011
1934
671
6341
962
5724
3228
223
3805
1045
6736
9438
5003
3636
7663
7856
305
436
6247
88
7809
6424
464
3701
1419
2831
428
2972
427
2410
9821
2616
8278
9639
7068
947
3867
7314
816
4321
6784
4797
6406
2978
3597
7563
2834
2478
165
9741
4527
6028
9866
7113
6227
2898
