-99832
-99783
-99743
-99527
-99504
-99467
-99262
-99221
-99045
-99029
-99022
-98886
-98606
-98479
-98372
-98309
-98180
-98005
-97965
-97932
-97806
-97743
-97315
-96966
-96525
-96127
-95930
-95750
-95474
-94819
-94781
-94661
-94609
-94608
-94497
-94446
-94349
-94197
-94172
-94067
-93861
-93857
-93687
-93375
-93251
-93241
-92604
-92396
-92315
-92053
-92021
-91997
-91994
-91463
-91219
-90903
-90734
-90443
-90355
-90321
-90069
-90032
-89964
-89656
-89472
-89120
-89054
-88506
-88424
-88299
-87887
-87870
-87718
-87569
-87555
-87467
-87439
-87407
-87230
-86778
-86593
-86514
-86505
-86448
-85935
-85849
-85759
-85427
-85394
-85232
-85107
-84986
-84817
-84713
-84550
-84281
-84176
-84122
-83767
-83579
-83241
-83209
-82985
-82903
-82891
-82535
-82404
-82113
-82087
-81974
-81714
-81458
-80519
-80508
-80265
-80214
-80179
-80059
-79926
-79892
-79584
-79483
-79246
-79233
-79198
-79033
-79024
-78858
-78719
-78378
-78255
-77975
-77961
-77597
-77553
-77384
-77371
-77336
-77282
-77240
-77210
-76833
-76740
-76700
-76425
-76396
-76379
-76370
-76192
-76145
-75826
-75725
-75370
-75211
-75096
-74240
-74157
-74045
-74042
-73970
-73933
-73648
-73585
-73090
-73035
-72587
-72554
-72413
-72271
-72192
-72006
-71977
-71893
-71806
-71790
-71631
-70985
-70721
-70608
-70566
-69861
-69801
-69752
-69701
-69482
-69418
-69414
-69047
-68991
-67845
-67729
-67444
-67167
-66869
-66526
-66405
-65710
-65595
-65532
-65357
-65304
-64974
-64917
-64859
-64716
-64536
-64195
-64189
-64113
-64110
-63744
-63720
-63431
-63302
-63092
-63008
-62752
-62503
-62424
-62422
-62338
-61798
-61714
-61547
-61537
-61505
-61381
-61328
-61106
-60818
-60633
-60338
-60270
-59630
-59576
-59284
-59198
-59123
-59036
-58903
-58768
-58750
-58042
-57947
-57780
-57779
-57364
-57223
-57075
-56900
-56616
-56075
-55998
-55314
-54611
-54123
-54077
-53671
-53656
-53634
-53619
-53559
-52976
-52655
-52434
-52189
-52043
-52040
-51823
-51693
-51059
-50889
-50703
-50698
-50639
-50620
-50350
-50112
-49717
-49354
-49032
-48912
-48477
-48398
-48220
-47980
-47871
-47190
-47119
-47025
-46881
-46740
-46444
-46222
-45965
-45687
-45669
-45382
-45340
-44895
-44799
-44671
-44660
-44635
-44624
-44446
-44365
-44156
-43665
-42833
-42641
-42591
-41438
-41413
-41276
-41265
-41215
-41123
-40767
-40737
-40715
-40661
-40635
-40583
-40450
-40330
-39780
-39660
-39312
-39231
-39080
-38904
-38866
-38767
-38622
-38584
-38556
-37847
-37729
-37693
-37526
-37454
-37015
-36671
-36551
-36474
-36241
-36199
-35467
-35455
-35336
-35326
-35023
-34881
-34784
-34530
-34247
-33923
-33884
-33883
-33463
-33447
-33219
-32581
-32562
-32475
-32461
-32288
-31970
-31891
-31693
-31327
-31131
-31096
-30955
-30820
-30348
-30188
-30145
-30115
-30096
-30096
-29735
-29701
-29585
-29409
-29169
-29121
-29105
-29070
-29005
-28838
-28775
-28724
-28554
-28348
-28017
-27957
-27945
-27944
-27833
-27779
-27532
-27490
-26977
-26900
-26738
-26710
-26697
-26646
-25979
-25864
-25667
-24760
-24748
-24630
-24558
-23908
-23783
-23483
-23403
-23372
-23154
-22539
-22513
-22258
-22161
-22084
-22029
-21934
-21375
-21235
-20484
-20091
-19810
-19743
-19732
-19528
-19126
-19105
-18983
-18489
-18393
-17965
-17932
-17605
-17586
-17335
-17245
-17207
-17207
-17146
-16776
-16717
-16637
-16438
-16342
-16205
-16116
-15999
-15633
-15531
-15464
-15455
-15356
-15354
-15156
-14723
-14692
-14655
-14454
-14055
-13950
-13818
-13816
-13124
-12233
-12077
-12035
-11883
-11882
-11540
-11443
-11296
-11262
-11258
-10832
-10433
-10249
-10116
-9577
-9384
-9283
-9178
-9060
-8971
-8929
-8696
-8194
-7925
-7841
-7780
-7625
-7300
-7091
-7039
-6789
-6728
-6494
-6365
-6284
-5682
-5366
-5261
-4989
-4905
-4818
-4794
-4667
-4577
-4571
-4479
-4396
-4347
-4010
-3816
-3680
-3612
-3590
-3386
-3286
-2441
-1907
-1849
-1726
-892
-69
724
739
936
1047
1251
1356
1581
1660
1774
1858
2154
2285
2542
2881
3246
3337
3465
3553
3954
4420
4535
4910
5272
5652
5805
5993
6103
6116
6239
6334
6402
6681
6788
6894
7049
7425
7560
7799
7816
8168
8189
8339
8445
8663
9050
9193
9695
9957
10140
10164
10251
10507
10829
11191
11571
11811
11926
12032
12117
12120
12169
12297
12916
13043
13531
13788
14027
14482
14784
14823
14986
15306
15420
15567
15787
16229
16300
16476
16644
16912
17076
17263
17491
17513
17547
17575
17634
17650
17897
18309
18541
18589
18939
19028
19520
19676
19845
19989
20063
20130
20676
20680
20704
20799
21163
21179
21219
21229
21232
21636
21839
22000
22052
22093
22617
22804
22809
22845
22990
23270
23287
23406
23659
24247
24592
24594
25197
25261
25468
25690
26060
26067
26095
26115
26604
26727
26903
26964
27243
27262
27557
27767
28072
28115
28331
28346
28859
28891
29253
29324
29427
29974
30225
30237
30529
30789
30801
31504
31647
31850
31870
31962
32202
32891
32996
33130
33183
33337
33363
33588
34145
34370
34884
35572
35771
35855
35857
36346
36528
36967
38085
38132
38674
38697
38906
38920
39144
39278
39305
39567
39573
40208
40418
40660
40878
41056
41920
42067
42074
42231
42351
42383
42568
42655
42752
42784
42995
43185
43528
43644
43868
43879
44058
44396
44970
45015
45117
45344
45597
45835
46030
46168
46213
46360
46625
46639
46932
47617
47718
48273
48651
48725
48913
49432
49567
49946
50072
50382
50602
50887
51347
51513
51588
51965
52121
52373
52485
52706
52836
52982
54113
54207
54377
54545
54572
54632
54645
54720
54720
54784
55098
55293
55614
55744
55833
56360
56702
57324
58071
58397
58664
58877
59018
59411
59816
60200
60765
61106
61314
61344
61469
61523
61536
61629
61659
61709
61783
61791
61828
61968
62082
62164
62364
62762
62856
63027
63134
63492
63753
63877
64293
64474
64482
64553
64651
64659
64816
65429
65569
65612
67156
67262
67803
67833
68154
68298
68381
68487
68725
69095
69105
69481
69588
69981
70101
70189
70487
71142
71184
71345
71500
71530
71720
71757
72003
72078
72116
72174
72379
72920
73227
73293
73372
73597
73635
73755
73834
73986
74003
75217
75651
75661
75815
75850
76216
76231
76373
76408
76591
76749
76797
77103
77369
77622
77770
77785
77889
77995
78057
78293
78440
78490
78566
79093
79219
79421
79424
79483
79554
79629
79821
80124
80314
80383
80411
80413
80533
80538
81585
81682
82043
82116
82188
82306
82342
82537
82770
82783
83301
83340
83439
83680
83766
83835
84151
84179
84205
84586
84636
84881
84946
85249
86103
86264
86959
87023
87320
87323
88273
88626
88731
88960
89183
89250
89549
89602
89758
90672
91131
91168
91845
91904
92020
92166
93664
93862
93936
94211
94457
94765
94852
95036
95071
95095
95120
95733
95841
96124
96595
97403
97421
97669
97782
97784
97981
98151
98205
98454
98614
98902
99459
99843
99872