-99402
-99353
-99339
-99255
-99230
-98975
-98761
-98581
-98443
-98081
-98039
-98009
-97794
-97641
-97018
-96868
-96666
-96636
-96304
-96245
-96035
-95679
-95456
-95103
-95048
-94892
-94787
-94495
-94279
-94266
-94248
-94178
-93714
-93675
-93397
-92955
-92905
-92645
-92388
-91968
-91692
-91382
-91221
-91204
-91180
-90813
-90790
-90746
-90732
-90671
-90541
-90514
-90437
-90244
-90227
-89827
-89826
-89811
-89644
-89255
-89176
-89165
-88954
-88603
-88353
-88312
-88295
-87849
-87713
-87368
-87120
-86918
-86839
-85543
-85535
-85489
-85417
-85173
-84898
-83797
-83753
-83737
-83612
-83575
-83428
-83269
-83208
-83122
-83037
-82817
-82244
-82219
-82145
-81890
-81820
-81722
-81573
-81372
-80704
-80693
-80395
-80097
-80062
-79955
-79928
-79640
-79424
-79398
-79345
-79105
-78952
-78838
-78494
-78446
-78328
-77224
-76926
-76727
-76559
-76434
-76167
-75864
-75789
-75597
-75477
-75206
-75124
-74821
-74649
-74527
-74384
-74286
-74094
-74052
-74036
-73934
-73834
-73728
-73668
-73665
-73650
-73573
-73423
-73334
-72939
-72320
-72308
-72272
-72096
-72096
-72081
-71804
-71620
-70982
-70828
-70474
-70370
-70337
-69904
-69794
-69700
-69668
-69552
-69544
-69303
-69207
-69133
-68400
-68290
-68228
-68027
-67962
-67215
-67207
-67052
-67049
-67008
-66766
-66521
-66368
-66360
-66343
-66318
-66315
-66065
-65931
-65855
-65845
-64966
-64773
-64527
-64503
-64089
-63871
-63820
-63661
-63546
-63249
-62458
-62264
-61988
-61544
-61488
-60540
-60102
-59851
-59563
-59206
-59191
-59122
-58133
-57441
-57422
-56653
-56611
-56524
-56514
-56099
-55870
-55723
-55636
-55625
-55463
-55461
-55297
-55226
-54572
-54430
-54357
-54023
-53579
-51829
-51605
-51572
-51426
-51410
-51368
-51210
-50936
-50597
-50277
-50223
-50203
-49876
-49725
-49691
-49628
-49549
-49456
-49399
-49391
-49328
-49290
-49101
-49037
-48888
-48739
-48685
-48516
-48394
-48089
-48021
-47342
-47180
-47120
-47033
-46954
-46910
-46644
-46521
-45945
-45930
-45660
-45154
-44885
-44764
-44619
-44462
-44440
-44368
-44363
-43921
-43892
-43779
-43632
-43611
-43338
-43225
-43131
-42927
-42922
-42504
-42427
-42371
-42178
-42035
-41953
-41915
-41881
-41631
-41588
-41512
-41392
-41342
-40885
-40672
-40165
-40121
-39661
-39606
-39330
-39278
-39114
-39100
-38883
-38772
-38139
-37881
-37874
-37733
-37489
-37372
-37300
-37280
-37187
-37074
-36976
-36962
-36836
-36790
-36226
-36222
-36075
-35991
-35743
-35474
-35389
-35142
-35000
-34654
-34636
-34291
-33755
-33675
-33029
-32937
-32862
-32601
-32545
-31952
-31838
-31331
-30918
-30676
-30482
-30320
-30005
-29783
-29762
-29693
-29304
-29099
-28975
-28891
-28689
-28572
-28564
-28495
-28420
-28272
-28267
-28005
-27913
-27646
-27594
-27477
-27245
-26962
-26407
-25640
-25486
-25028
-24755
-24728
-24314
-23787
-23606
-23230
-22920
-22839
-22725
-22698
-22641
-22441
-22391
-22371
-22356
-21685
-21338
-21281
-21257
-20986
-20858
-20761
-20406
-20252
-20202
-19927
-19920
-19519
-19504
-19497
-19011
-18950
-18847
-18721
-18560
-18465
-18415
-17728
-17700
-17559
-17393
-17199
-17110
-16914
-16867
-16660
-16463
-16358
-16249
-16022
-15889
-15821
-15767
-15623
-15258
-15027
-14982
-14848
-14431
-13961
-13922
-13877
-13793
-13540
-12938
-12736
-12377
-12147
-12000
-11838
-11825
-11762
-11746
-11740
-11678
-11605
-11529
-10907
-10613
-10462
-10019
-9836
-9734
-9429
-8395
-8296
-8226
-7929
-7693
-7588
-7583
-7320
-7253
-7132
-7130
-6694
-6613
-6491
-6205
-5836
-5668
-5343
-4830
-4697
-4509
-4030
-3958
-3628
-3567
-3477
-3464
-3246
-3189
-3138
-2927
-2919
-2519
-2452
-2337
-2270
-2077
-2032
-1957
-1809
-1205
-1161
-487
-326
-150
-21
345
347
530
628
756
920
1111
1162
1239
1253
1375
1774
1911
1916
1976
2504
3096
3141
3242
3342
3518
3974
3985
4228
4459
4482
4491
4702
5073
5422
5520
5994
6147
6261
6407
6411
6413
6547
6689
7130
7393
7614
7719
7920
7929
8706
8760
9342
9473
9668
9678
9704
9722
9917
10147
10280
10482
10715
10877
11001
11087
11257
11366
11550
11584
11831
12116
12354
12384
12744
12823
12891
12920
12934
13151
13156
13244
13467
13559
13751
14862
15356
15437
15607
15782
15899
15913
15932
15998
16003
16121
16287
16409
16460
16503
16594
16633
16933
16937
17608
18677
19058
19292
19852
20444
20642
20759
20774
20991
21344
21550
21846
21851
22227
22878
23338
23370
23379
23546
23582
23928
24024
24200
24481
24643
25037
25187
25270
25772
25821
26159
26602
26730
27205
27303
27404
27417
27485
27489
27587
27903
28514
28767
28856
28917
29098
29295
29442
29619
29952
30140
30285
30731
31066
31137
31454
31681
32020
32203
32216
32300
33460
33972
34612
34793
35228
35373
35596
35684
35908
36257
36281
36294
36351
36398
36790
36911
37271
37509
37573
37629
37969
37989
38093
38138
38258
38332
38675
39181
39432
39816
39920
40337
40618
40674
40746
40888
40968
41358
41703
41830
41882
41979
42351
42503
42888
43337
43513
43877
43899
44238
44383
44465
44711
45310
45571
46105
46168
46313
46313
47887
47891
48117
48125
48251
48386
48518
48646
48900
49558
49599
49736
49844
50152
50486
50860
51133
51366
52237
52455
52485
52817
53000
53011
53282
53463
53493
53722
53750
54202
54350
54364
54427
54668
54874
55568
55588
55630
55787
55797
55804
56152
56928
57016
57019
57112
57247
57339
57357
57658
57688
58284
58310
58659
58735
58742
58984
59575
59727
59918
60165
60671
61035
61687
61819
61923
61999
62017
62170
62261
62295
62951
63018
63038
63204
63469
63579
63687
64185
64406
64650
64686
64789
65040
65283
65374
65380
65422
65518
65529
65843
65912
65915
66166
66248
66319
66323
66494
67156
67174
67200
67323
67349
67616
68263
68601
68693
68740
68937
68952
69132
69519
69541
69737
70381
70649
70881
71284
71366
71693
71771
71996
72155
72315
72654
72732
73232
73266
73409
73662
73944
74301
75335
75464
75710
75779
75904
76076
76453
76562
77051
77196
77390
77507
77805
77969
78035
78421
78579
78782
79056
79070
79276
80090
80337
80442
80572
80742
80969
80985
81085
81086
81281
81408
81573
81716
81799
82046
82148
82385
82414
82596
83112
83363
84198
84434
84566
84570
84582
84605
84707
84908
84951
85028
85081
85167
85512
85573
86052
86242
86297
86326
86701
87151
87481
87802
88023
88035
88362
88545
88578
88622
88844
89080
89118
89230
89326
89398
89433
89606
89762
90086
90110
90384
90532
90944
91087
91110
91404
91494
91628
91669
91850
92086
92107
92215
92222
92585
93152
93222
93284
93511
93788
94192
94425
94549
94673
94858
94912
95010
95044
95384
95425
95782
96048
96420
96481
96537
97006
97339
97638
97777
97843
98246
98378
98525
98555
98570
98673
98773
99135
99200
99343
99345
99672
99767
99851
99871