-99928
-99883
-99785
-99318
-99286
-99283
-99209
-99203
-98559
-98393
-98340
-97610
-97537
-97396
-97329
-97313
-96506
-96341
-96145
-96102
-96023
-95177
-94954
-94666
-94582
-93876
-93794
-93523
-93480
-93415
-93275
-92969
-92964
-92617
-92598
-91718
-91683
-90943
-90919
-90657
-90368
-90102
-89827
-89694
-89389
-89190
-89101
-88125
-87909
-87601
-87534
-87285
-87056
-86986
-86509
-86277
-85917
-85733
-85586
-85572
-85044
-84896
-84668
-84664
-84609
-84450
-84237
-84195
-84005
-83888
-83521
-83467
-83349
-83164
-83026
-82932
-82826
-82641
-82174
-81805
-80939
-80885
-80214
-80080
-80075
-80030
-79859
-79674
-79447
-79246
-79234
-79052
-78715
-78630
-78610
-78224
-78177
-77790
-77705
-77501
-77491
-77244
-77107
-76999
-76931
-76913
-76824
-76779
-76697
-76538
-76416
-76217
-76140
-76135
-75925
-75860
-75756
-75064
-75030
-74669
-74544
-74450
-74428
-74306
-74215
-74141
-73993
-73723
-73420
-73344
-73190
-73068
-72095
-71970
-71356
-71127
-70431
-70243
-70094
-69908
-69690
-69587
-69434
-69380
-69193
-68855
-68745
-68611
-68226
-68113
-67921
-67556
-66772
-66641
-66260
-66248
-65832
-65764
-65664
-65610
-65497
-65432
-65306
-65184
-65036
-64947
-64802
-64737
-64704
-64641
-64412
-64358
-64349
-64049
-64003
-64001
-63599
-63321
-63095
-63004
-62704
-62531
-61865
-61655
-61489
-61431
-61001
-60984
-60967
-60189
-60060
-59870
-59677
-59600
-59549
-59055
-58870
-58817
-58773
-58559
-58275
-58195
-58072
-58012
-57809
-57542
-57231
-56930
-56892
-56794
-56048
-55961
-55888
-55710
-55035
-55005
-54783
-54320
-54214
-53410
-52957
-52829
-52794
-52603
-52444
-52387
-51988
-51934
-51838
-51709
-51574
-51314
-51243
-51047
-50961
-50364
-50224
-49553
-49493
-49238
-49164
-48919
-48896
-48820
-48742
-48182
-47724
-47397
-46708
-46665
-46565
-46366
-45969
-45722
-45222
-44973
-44920
-44876
-44795
-44654
-44377
-44302
-44095
-43966
-43949
-43947
-43732
-43631
-43600
-43529
-43387
-42859
-42810
-42702
-42327
-42322
-42162
-41964
-41785
-41675
-41511
-41173
-41153
-41081
-41074
-40819
-40561
-40166
-40009
-39910
-39543
-39532
-39459
-38807
-38755
-38736
-38676
-38139
-37987
-37650
-36471
-36029
-35788
-35692
-35504
-35307
-34910
-34736
-34550
-34497
-34439
-34266
-33919
-33915
-33875
-33819
-33720
-33678
-33373
-33270
-32929
-32426
-31960
-31190
-31134
-30570
-30561
-30388
-30277
-30264
-30243
-30139
-30096
-29780
-29726
-29624
-29499
-29343
-29342
-29218
-28598
-28582
-28500
-28238
-28061
-27785
-27698
-27613
-27571
-27436
-27097
-27058
-26812
-26667
-26573
-26318
-25636
-25546
-24734
-24567
-24482
-24357
-24069
-23783
-23285
-23044
-22999
-22974
-22266
-22140
-22013
-22010
-21930
-21560
-21271
-21257
-21212
-21050
-20817
-20636
-20416
-20346
-20289
-20210
-19548
-19450
-19407
-19105
-18935
-18892
-18878
-18547
-18311
-18065
-18027
-17972
-17310
-17224
-17062
-17055
-16877
-16564
-15931
-15611
-15352
-15287
-15189
-15111
-14934
-14452
-14193
-13875
-13866
-13721
-13649
-13592
-13566
-13417
-13360
-13351
-13329
-13122
-13120
-12905
-12902
-12486
-12381
-12380
-12179
-11934
-11700
-11595
-11546
-11447
-11165
-11070
-10966
-10863
-10825
-10590
-10516
-10396
-10287
-10086
-9932
-9872
-9439
-9281
-9265
-9122
-9057
-8945
-8911
-8729
-8371
-8032
-7896
-7603
-7525
-7302
-7294
-7149
-7073
-6859
-6718
-6685
-6154
-6036
-6023
-6020
-5968
-5440
-5235
-5198
-5126
-5070
-4867
-4539
-4472
-4275
-4176
-4068
-3923
-3751
-3493
-3426
-3268
-3186
-3175
-2926
-2909
-2547
-2346
-2328
-2240
-1688
-1569
-1434
-904
-885
-799
-536
-347
134
292
312
920
1087
1237
1238
1846
2429
2465
2470
2637
2911
3219
3537
3540
3788
4061
4132
4167
4223
4295
4501
4549
4636
4825
4862
4972
5282
5593
6000
6226
6462
6504
6525
6527
6625
6679
6843
7583
7585
7619
7643
7855
7865
8032
8089
8111
8188
8207
8283
8480
8525
8828
8929
9029
9110
9426
9683
9713
9872
10041
10208
10774
11199
11562
11865
11965
12497
12505
12836
12968
13516
13804
13928
14123
14221
14229
14676
14713
14923
14946
15070
15506
15760
15792
16211
16441
16507
16588
16677
16802
17211
17494
17632
17747
17796
17855
18175
18181
18204
18445
19219
19231
19364
19493
19643
19896
20072
20528
20607
20928
20976
21384
21408
21521
21838
22606
22606
22832
22841
22996
23139
23278
23353
23496
23677
23722
23769
24133
24228
24393
24841
25011
25157
25225
25600
25690
25884
26002
26007
26073
26324
26608
27016
27552
27651
28111
28161
28721
28905
29133
29460
29884
29912
30226
30457
30467
30503
30731
30973
31097
31157
31181
31320
31414
31455
32099
32147
32533
32927
32934
33469
33558
33660
33731
34349
35030
35089
35121
35277
35392
35587
35777
35994
36064
36512
36546
36679
36709
37097
37107
37229
37230
37414
37812
37979
37998
38002
38070
38128
38154
38571
38881
39134
39249
39334
40061
40083
40426
40589
40620
40898
40970
41321
41332
41460
41726
41927
42040
42416
42438
42754
43165
43392
43857
43911
44183
44192
44278
44345
44559
44710
44961
45207
45333
45597
45677
46959
47360
47366
47425
47431
47586
47631
47674
47712
47942
48126
48136
48222
48418
48421
48489
48598
49068
49607
49788
50048
51350
51397
52162
52463
52558
52803
53025
53348
53529
53835
54414
54554
54598
54681
55177
55278
55391
55951
56177
56313
56852
57321
57328
57443
57714
57895
58205
58406
58500
58704
58881
58980
59013
59163
59245
59329
59336
60084
60202
60582
61150
61429
61560
61577
61678
61724
61784
62457
62780
62819
62922
62996
63214
63538
63826
63991
64048
64148
64161
64172
64338
64449
64758
64832
65167
65701
65729
65776
66311
66378
66404
66456
66610
66808
66992
67424
67788
67923
68026
68065
68355
68694
68858
68942
69421
69500
69548
69878
69902
70377
70403
70578
70833
70905
71077
71162
71351
71660
71971
72790
72813
72852
72966
73199
73232
73579
73639
73725
73937
74007
74035
74154
74722
74866
74890
75463
75564
75901
76173
76463
76535
76724
77216
77576
77706
77710
77716
77742
77763
77815
77863
77931
78032
78267
78888
78927
79245
79332
79703
80098
80140
80145
80359
80901
81058
81092
81529
81546
81637
81659
81776
81817
82333
83032
83305
83369
83442
83492
83606
83636
83666
83946
84007
84012
84153
84482
84749
84774
84900
85054
85080
85115
85116
85325
85451
85773
85819
86506
86709
86818
86949
87030
87374
87388
87450
87733
88021
88259
88403
88463
89006
89350
89734
89772
90189
90686
90877
90909
91048
91683
92103
92137
92202
92373
92578
92751
93020
93300
93400
93553
93696
93818
93909
94193
94250
94829
94831
95038
95139
95656
96056
96143
96447
96626
97039
97870
97991
98467
98667
98816
98887
98902
99110
99136
99365
99509
99774
99893