-99724
-99045
-98309
-98304
-98200
-98149
-97960
-97940
-97786
-96893
-96750
-95781
-95095
-94978
-94931
-94672
-94533
-94488
-94357
-94344
-94230
-94207
-94043
-93837
-93820
-93814
-93694
-93115
-92921
-92896
-92770
-92698
-92528
-92411
-92123
-91797
-91555
-91527
-91233
-91040
-90879
-90734
-90293
-90252
-90245
-90008
-89942
-89083
-88993
-88894
-88838
-88744
-88505
-88367
-88349
-88237
-88112
-88082
-87831
-87775
-87270
-87204
-87126
-86913
-86835
-86812
-86775
-86721
-86719
-86469
-86363
-86332
-86236
-85942
-85731
-85619
-85617
-85479
-85356
-85116
-85110
-85093
-84637
-84367
-84226
-84072
-84018
-83667
-83359
-83230
-83079
-82801
-82749
-82684
-82421
-82414
-81228
-81066
-81002
-80821
-80669
-80623
-80321
-80235
-79928
-79629
-79422
-79245
-78726
-78619
-78478
-78467
-78316
-78054
-77775
-77339
-77007
-76969
-76900
-76593
-76166
-76052
-75767
-74822
-74467
-74359
-74179
-74153
-73972
-73793
-73780
-73544
-73165
-73051
-72839
-72633
-72149
-71929
-71884
-71828
-71720
-71715
-71280
-71200
-71006
-70772
-70547
-70518
-70219
-70038
-69767
-69730
-69489
-69398
-69076
-69057
-68651
-68469
-68221
-68167
-68011
-67967
-67829
-67696
-67379
-67242
-67056
-66050
-65864
-65864
-65744
-65631
-65194
-65132
-65057
-65054
-64855
-64712
-64630
-64524
-64476
-64469
-64427
-64370
-64170
-63816
-63713
-63696
-63586
-63546
-63261
-63082
-62974
-62834
-62811
-62589
-62583
-62399
-62232
-62165
-62037
-62035
-61811
-61706
-61185
-60949
-60911
-60763
-60607
-60269
-60130
-60078
-59607
-59516
-59139
-59061
-58950
-58889
-58860
-58652
-58367
-57993
-57957
-57480
-56728
-56552
-56390
-55384
-55087
-55027
-53902
-53889
-53858
-53785
-53483
-52983
-52692
-52400
-52162
-52024
-51900
-51634
-51489
-51405
-51078
-50419
-49719
-49559
-49301
-49097
-49052
-49020
-48707
-48408
-47961
-47877
-47140
-46967
-46956
-46879
-46222
-46183
-46003
-45773
-45678
-45675
-45611
-45326
-45308
-45083
-45014
-44746
-44738
-44711
-44685
-43960
-43251
-42639
-42228
-42185
-41817
-41796
-41783
-41627
-41345
-41072
-40796
-40685
-40601
-39866
-39678
-39634
-38984
-38657
-38437
-38405
-38251
-37735
-37303
-37195
-36854
-36503
-36408
-36290
-36157
-35718
-35699
-35509
-35428
-35410
-35362
-34684
-34559
-34526
-34447
-34385
-34379
-34066
-34045
-33998
-33993
-33571
-33103
-32836
-32831
-32705
-32474
-31856
-31784
-31518
-30900
-30865
-30596
-30462
-30107
-30103
-29546
-29439
-28979
-28958
-28927
-28604
-28506
-28379
-28340
-28339
-28086
-28082
-27979
-27428
-27314
-27279
-26768
-26461
-26316
-26234
-25902
-25527
-25203
-25079
-25031
-24968
-24847
-24249
-23394
-23390
-23259
-23177
-22876
-22547
-22419
-21857
-21152
-21064
-20961
-20744
-20426
-20143
-20012
-19990
-19584
-19513
-19390
-19184
-19153
-19060
-18920
-18692
-18610
-18450
-18450
-18248
-18049
-17515
-17472
-17262
-16829
-16664
-16530
-16462
-15548
-15460
-15357
-15280
-15258
-14241
-13947
-13774
-13649
-13584
-12961
-12886
-12587
-12585
-12530
-12496
-12250
-12218
-12035
-11962
-11808
-11541
-11407
-11060
-10543
-10499
-10485
-10378
-10168
-9765
-9716
-8440
-8318
-8237
-7857
-7842
-7531
-7502
-7397
-7392
-7130
-7103
-6635
-6508
-6371
-5870
-5866
-5394
-5120
-4803
-4583
-4455
-4223
-4147
-3309
-3137
-3036
-2996
-2941
-2840
-2680
-2448
-2224
-1985
-1910
-1887
-1742
-1644
-1447
-1378
-1337
-1171
-1006
-225
-35
225
332
518
644
903
972
1072
1444
1644
1681
1893
1915
2096
2242
2243
2267
2493
2831
2908
3372
3438
3937
4124
4362
5187
5205
5667
5683
5731
5815
6397
6540
6990
7360
7717
7753
7964
8032
8107
8497
8771
8812
9167
9212
9465
9519
9724
9894
9985
10097
10113
10184
10578
10799
10847
10902
11224
11323
11702
11764
11806
11915
11921
11922
12376
12636
12648
12817
13120
13487
13666
14176
14189
14209
14280
14745
14872
15047
15227
15821
16643
16918
17095
17107
17392
17619
17627
18263
18296
18451
18501
18713
18949
19084
19164
19174
19479
19488
19583
19758
20393
20403
20762
20934
21504
21696
21802
21813
21832
22164
22252
22467
22601
22722
22862
23423
23452
23636
23658
23808
24470
25136
25471
25551
25999
26037
26201
26344
26425
26725
26848
27230
27359
27517
27859
28006
28236
28551
28643
28714
28926
29363
29437
29712
29725
29751
29786
30110
30167
30496
30497
30535
30653
30786
30849
30948
31109
31185
31212
31356
31433
31461
31462
31682
31792
32015
32245
32281
32331
32958
33015
33342
33829
33926
33976
34613
34707
34898
35073
35339
35457
35492
35637
36003
36043
36583
37121
37158
37436
37683
37850
37876
37947
37954
37963
37983
38087
38236
38302
38334
38411
38551
38584
38617
38924
38953
38983
39100
39102
39483
39509
39598
39740
39807
40470
40473
40482
41343
41462
41867
42151
42194
42420
42700
42815
44049
44111
44399
44407
44451
44455
44951
44997
45103
45346
45376
45412
45451
45622
45779
45789
45814
45845
46230
46541
46613
46618
46719
46793
46829
46938
46981
47028
47353
47366
47477
47970
48358
48557
48913
48930
48931
49051
49051
49067
49303
49337
49841
49890
49920
50255
50334
50419
50490
50697
51232
51267
51388
51564
51712
51789
52074
52131
52173
52811
53027
53195
53257
53269
53410
53839
53849
53909
54078
54300
54543
54680
54927
55076
55590
55689
55738
55864
55933
56057
56258
56503
56883
57028
57435
57556
57708
57795
57858
57957
58345
58394
58516
58591
58750
58957
58998
59169
59338
59573
60108
60148
60426
60453
61136
61184
61193
61205
61363
61798
61848
61941
62157
62235
62573
62650
62700
62955
63141
63196
63202
63358
63392
63902
64025
64028
64037
64624
64734
64860
64906
65162
65492
65605
65617
65801
65819
65993
66219
66322
66457
66511
67498
67510
67560
68085
68196
68229
68291
68313
68351
68906
69180
69571
69665
69730
69956
69983
70205
70332
70743
71331
71654
71729
71865
72026
72106
72915
73390
73927
74202
74438
74474
74931
75007
75083
75408
75595
75672
75997
76056
76164
76237
76447
76644
76815
77156
77941
78035
78091
78233
78309
78361
78421
78784
78966
79175
79263
79372
79391
79453
79513
80039
80126
80281
80292
80447
80891
80962
81274
81363
81393
81436
81519
81898
81944
82091
82525
82579
82717
82834
82978
83066
83068
83102
83171
83853
83873
83922
84104
84202
84600
84664
84814
84874
84888
85020
85216
85718
86081
86771
86895
87097
87142
87348
87373
87687
88125
88461
88503
88527
88750
88852
88948
89225
89612
89769
89822
89928
90841
90892
91203
91221
91290
91512
91660
92112
92178
92771
92794
92855
93266
93300
93435
93452
93802
93858
93866
93911
94430
94860
95609
96015
96163
96664
96757
97032
97069
97203
97239
97821
98124
98548
98675
98934
99040
99045
99320
99331
99978