-99878
-99606
-99561
-99560
-99367
-99343
-99336
-99303
-99143
-98956
-98713
-98621
-98583
-98531
-98518
-98180
-98166
-98057
-97923
-97880
-97793
-97724
-97596
-97500
-97074
-97008
-96878
-96579
-96290
-96259
-96180
-96130
-96038
-95801
-95542
-95501
-95410
-95189
-95076
-94969
-94864
-94520
-94463
-94225
-94148
-94138
-94004
-93977
-93904
-93813
-93806
-93784
-93755
-93735
-93351
-93301
-93072
-93070
-91648
-91583
-91058
-90860
-90788
-90762
-90574
-90537
-90288
-90243
-90186
-89865
-89725
-89713
-89237
-88946
-88706
-88688
-88373
-88145
-88112
-88000
-87899
-87735
-87468
-87227
-86923
-86856
-86386
-86254
-86008
-85740
-85641
-85614
-85382
-85164
-84692
-84652
-84235
-84182
-83916
-83841
-83806
-83793
-83735
-83677
-83412
-83314
-83062
-82915
-82851
-82061
-82048
-81853
-81597
-81550
-81304
-81217
-81157
-81115
-81076
-80775
-80524
-80485
-80468
-80432
-79792
-79591
-79464
-79406
-79386
-79079
-79049
-78486
-78454
-78184
-77900
-77710
-76335
-75806
-74909
-74737
-74660
-74399
-74118
-73936
-73803
-73110
-73049
-72648
-72562
-72226
-72204
-72119
-71853
-71561
-71496
-71495
-71082
-71041
-70880
-70852
-70399
-70380
-70221
-70172
-69932
-69926
-69619
-69297
-69105
-68853
-68360
-68001
-67540
-67100
-66876
-66592
-66322
-66121
-66079
-65814
-65614
-65426
-65118
-64990
-64741
-64702
-64581
-64314
-64303
-64212
-63577
-63477
-63456
-63455
-63395
-63334
-63094
-62985
-61472
-60838
-60535
-60532
-60440
-60306
-60303
-60183
-60151
-59874
-59629
-59360
-59343
-59336
-59134
-59074
-58816
-58467
-58321
-57778
-57563
-57388
-56959
-56955
-56672
-55995
-55414
-55189
-54955
-54896
-54827
-54824
-54816
-54734
-54558
-54481
-54309
-53907
-53877
-53864
-53372
-53345
-52884
-52755
-52697
-52286
-52234
-52162
-51915
-51380
-51375
-51090
-50843
-50806
-50769
-50584
-50554
-50478
-49948
-49909
-49461
-49171
-48556
-48158
-48087
-48011
-47957
-47953
-47860
-47731
-47673
-47341
-47288
-46980
-46525
-45940
-45796
-45217
-44836
-44788
-44459
-44355
-44241
-44216
-44090
-43926
-43718
-43705
-43222
-42844
-42415
-42217
-42086
-41456
-41120
-41019
-40987
-40439
-40090
-39887
-39733
-39641
-39633
-39616
-39560
-39381
-39261
-39154
-39142
-39083
-38824
-38659
-38409
-38334
-38182
-37736
-37722
-37529
-36973
-36550
-36479
-36258
-36226
-36154
-36079
-35932
-35486
-35127
-34979
-34950
-34553
-34538
-34258
-34206
-34175
-34019
-33959
-33915
-33842
-33792
-33736
-33615
-33559
-33280
-33264
-33139
-32887
-32708
-32474
-32425
-32336
-32292
-31682
-31681
-31585
-31486
-31423
-30985
-30578
-30397
-30290
-30105
-30077
-30074
-29693
-29504
-29307
-29098
-28883
-28851
-28725
-28687
-28493
-28246
-28109
-27667
-27130
-27111
-26843
-26520
-26475
-26368
-26340
-25915
-25845
-25069
-24944
-24842
-24808
-24676
-24597
-24446
-24338
-24212
-24035
-23892
-23809
-23773
-23448
-23324
-23100
-22957
-22771
-22505
-22183
-21836
-21585
-20934
-20802
-20624
-20567
-20301
-20054
-19579
-19533
-19438
-19213
-18597
-18591
-18417
-18340
-18332
-18310
-18276
-17408
-17289
-17172
-17159
-16842
-16810
-16633
-16532
-16494
-16320
-16170
-15884
-15703
-15686
-15645
-15463
-15448
-15281
-14863
-14656
-14430
-13950
-13152
-12829
-12730
-12522
-12492
-12069
-11810
-11305
-10526
-10507
-10081
-9906
-9853
-9398
-9325
-9207
-9059
-8767
-8496
-8360
-8354
-7979
-7083
-6889
-6453
-6404
-6011
-5959
-5642
-5420
-5322
-5199
-4530
-4526
-3904
-3893
-3889
-3828
-3391
-3132
-3036
-3023
-2934
-2848
-2628
-2600
-2483
-2090
-2060
-2002
-1865
-1849
-1623
-1621
-1430
-1301
-507
-430
-238
66
134
198
207
429
448
758
1470
1495
1571
1614
1864
1872
2044
2055
2310
2682
2953
3029
3098
3177
3255
3484
3798
3888
3926
3970
4076
4732
5008
5084
5169
5296
5487
5653
5661
5707
5868
5967
6050
6156
6451
6622
6869
6915
6953
6990
6995
7019
7142
7335
7547
7598
7624
7701
7853
7861
8160
8613
8707
8926
9100
9527
9616
9858
9954
9954
10240
10321
10787
11237
11289
11375
11436
12236
12482
12639
12801
12810
13075
13137
13224
13356
13521
13885
14225
14340
14388
14422
14728
15498
15614
15900
16601
16888
16950
17232
17247
17356
17381
18501
18642
18973
19168
19581
19996
20075
20412
21536
21647
21841
21915
22362
22573
22578
22616
22923
23156
23445
23586
23728
24568
24600
24649
24923
25416
25653
26062
26310
26541
26783
26956
27148
27253
28191
28459
28631
29127
29332
29551
29630
29838
29847
30053
30174
30211
30242
30250
30256
30384
30466
30696
30922
31045
31685
32415
32492
32874
33072
33184
33240
33406
33432
33509
33751
34065
34235
34266
34315
34357
34427
34877
35000
35289
35305
35401
35774
35807
35849
35956
35982
35993
36113
36259
36418
36470
36620
37156
37167
37300
37410
37652
37879
37937
38198
38241
38375
38440
38445
38635
38716
39475
39498
39564
39614
39897
40368
40593
40672
40934
41219
41234
41371
41480
41480
41582
41671
42248
42475
42630
42656
42789
43207
43207
43247
43513
43659
44001
44245
44291
44923
45021
45022
45070
45281
45286
45576
45639
46036
46300
46307
46414
46679
47092
47260
47700
47773
47857
47925
47958
48102
48404
48627
48681
49424
49435
49458
49509
49563
49563
50095
50681
50685
50760
50957
51014
51109
51294
51336
51421
51630
51726
51875
52128
52202
52340
52577
52673
53345
53652
53811
53823
53861
53863
54412
54637
54676
54749
55179
55183
55568
55817
55869
55987
56242
56587
56644
56719
57004
57234
57307
57524
57912
58110
58301
58438
58519
58572
58903
58946
58998
59308
59406
59455
59938
60179
60247
60271
60419
60671
60844
60962
61004
61107
61157
61263
61584
62190
62505
62656
62962
62978
63047
63067
63895
63979
64311
64590
64656
64876
65987
66210
66452
66463
66598
66735
66925
67079
67181
67312
67340
68068
68073
68211
68326
68379
68425
68753
68782
69168
69207
69374
69425
69720
69787
70041
70203
70287
70611
70763
71119
72205
72238
72414
72578
73080
73144
73239
73736
74081
74224
74697
74984
75247
75470
76048
76341
77073
77948
78132
78240
78420
78656
78738
78777
79283
79329
79663
79705
79918
79960
80311
80551
80584
80921
81247
81342
81648
81993
82326
82571
82608
82681
82999
83150
83284
83395
83477
83481
83549
83853
84403
84410
84582
84782
84823
84834
84864
84990
85005
85335
85369
85467
85650
85721
85775
85922
85996
86262
86346
86769
87204
87347
87439
87450
87863
88109
88109
88155
88204
88536
88856
89031
89268
89898
90379
90540
90595
90691
90770
91556
91677
91755
91932
92021
92063
92314
92399
92929
92951
93814
94175
94329
94469
94656
95470
95538
95813
96469
96633
97245
97349
97534
98008
98121
98172
98174
98372
98641
98680
98684
98695
98875
99313
99389
99391
99951