-99894
-99887
-99882
-99853
-99709
-99689
-99673
-99492
-99412
-99143
-99098
-98965
-98861
-98623
-98600
-98597
-98287
-98058
-97993
-97874
-97784
-97773
-97603
-97601
-97498
-97250
-97207
-96516
-96513
-96468
-96355
-95962
-95413
-95365
-95103
-95045
-94463
-94438
-94277
-94132
-93600
-93354
-92815
-92572
-92564
-92350
-92248
-92041
-91689
-91619
-91547
-91049
-90912
-90372
-90363
-89899
-89578
-89469
-89211
-89178
-88950
-88802
-88455
-88217
-88119
-87991
-87311
-87198
-86230
-85899
-85736
-85713
-85575
-84299
-84260
-84030
-83948
-83671
-83566
-83331
-83090
-82908
-82690
-82619
-81961
-81858
-81642
-81397
-81188
-81183
-81114
-80641
-80636
-80592
-80211
-79906
-79771
-79298
-79206
-79031
-79028
-78961
-78943
-78141
-78129
-78090
-77771
-77733
-77720
-77347
-77103
-76979
-76732
-76606
-76131
-76093
-76077
-75912
-75756
-75483
-75373
-75371
-75242
-75194
-75050
-74925
-74749
-74302
-74255
-74033
-73799
-73469
-73367
-73211
-72650
-72476
-72390
-72175
-72000
-71774
-71523
-71142
-70876
-70565
-70372
-70341
-69933
-69916
-69323
-69269
-69172
-69126
-68959
-68205
-68094
-68017
-67610
-67499
-67366
-67188
-66910
-66903
-66895
-66623
-65366
-65339
-65297
-65179
-64653
-63878
-63410
-62920
-62614
-62214
-61771
-61663
-61203
-61201
-61176
-60925
-60838
-60653
-60635
-60523
-60423
-60043
-59695
-59692
-59337
-58987
-58546
-58527
-58454
-58009
-57978
-57863
-57854
-57830
-57699
-57681
-57645
-57326
-57053
-56880
-56722
-56667
-56398
-56395
-56387
-56087
-55448
-55403
-55238
-55212
-55157
-54847
-54361
-54220
-53670
-53502
-53198
-53099
-52974
-52710
-52654
-52632
-52293
-52152
-51712
-51352
-50946
-50834
-50645
-50514
-50395
-50297
-50218
-49641
-49598
-49455
-48952
-48915
-48407
-48312
-48205
-47895
-47828
-47583
-47550
-47453
-47104
-47034
-46654
-46437
-46417
-46137
-46084
-45813
-45671
-45615
-45504
-45483
-45383
-45109
-44955
-44532
-43993
-43966
-43840
-43731
-43693
-43635
-43605
-43339
-43330
-42778
-42534
-42078
-41970
-41360
-41250
-41175
-41171
-41116
-41074
-40997
-40808
-40682
-40152
-39837
-39641
-39589
-39475
-39343
-38751
-38709
-38669
-38613
-38603
-38594
-38591
-38590
-38260
-38047
-37658
-37085
-37044
-36499
-36148
-36114
-35845
-35793
-35446
-35185
-35106
-35002
-34395
-34239
-34146
-33933
-33642
-33335
-32970
-32743
-32549
-32382
-32267
-31998
-31714
-31494
-31154
-30994
-30902
-30902
-30710
-30701
-30482
-30306
-30296
-30296
-30154
-30010
-29914
-29552
-29162
-29078
-28925
-28715
-28351
-28319
-28174
-28047
-27895
-27284
-27190
-27136
-26843
-26836
-26688
-26584
-26538
-26353
-26164
-26075
-26023
-25983
-25961
-25723
-25401
-25181
-24780
-24570
-24535
-24417
-24172
-23702
-23631
-22335
-22127
-22122
-22006
-21792
-21702
-21538
-21329
-21272
-21262
-20892
-20881
-20756
-20732
-20397
-20259
-20159
-20135
-19901
-19759
-19193
-18920
-18810
-18793
-18533
-18346
-18242
-18231
-18198
-18173
-18064
-18032
-17957
-17884
-17779
-17688
-17674
-17605
-17430
-16716
-16685
-16620
-16550
-16477
-16469
-16456
-16339
-16174
-16037
-15877
-15864
-15078
-14885
-14861
-14839
-14814
-14067
-13951
-13734
-13490
-13364
-13234
-13144
-13081
-12397
-12173
-11837
-11762
-11615
-11425
-11243
-11196
-11021
-10962
-10885
-10637
-10506
-10458
-10262
-9934
-9869
-9859
-9835
-9556
-9555
-9383
-9245
-9196
-9043
-8961
-8742
-8229
-8175
-7951
-7932
-7832
-7701
-7219
-6871
-6857
-6842
-6495
-5884
-5575
-5572
-5230
-5188
-4445
-4322
-4189
-4089
-3118
-2736
-2623
-2247
-2196
-1437
-1374
-1307
-1162
-1096
-1086
-941
-841
-742
-648
-191
-154
100
253
748
939
1105
1234
1247
1362
1930
1960
2011
2318
2380
2639
2693
2892
2998
3309
3403
3406
3555
3581
3721
3828
4346
5076
5233
5383
5598
5894
6127
6686
6948
6964
7191
7441
7800
7819
8139
8320
8374
8401
8491
9029
9040
9321
9604
9677
9707
9827
10155
10200
10860
10977
11386
11394
11415
11530
11687
11783
11805
12508
12512
12821
13345
13429
13488
13911
13934
14292
14363
14586
14649
14756
14785
15137
15340
15462
15466
15567
15706
15882
16228
17295
17806
17851
18373
18745
18810
18917
19394
19405
19568
19615
19732
20142
20212
20459
20482
20482
20666
20962
21041
21149
21396
21453
21617
21772
21902
21989
22112
22726
22903
23029
23217
23651
23901
24417
24521
24795
24877
24921
24969
25021
25114
25211
25899
25999
26080
26086
26117
26333
26466
26624
26696
27139
27325
27559
27650
27803
28192
28242
28580
28594
29022
29124
29844
29858
29879
30289
30321
30375
30899
30968
31168
31170
31246
31578
31622
31714
31839
31896
31898
32234
32491
32509
32558
32695
33291
33377
33958
34094
34241
34594
35185
35247
35318
35703
35921
36027
36198
36432
36977
37048
37301
37684
37860
37956
38114
38322
38525
39129
39341
39876
39881
40134
40221
40286
40998
41207
41331
41850
41986
42215
42292
42410
42656
42684
42749
42805
43199
43585
43664
43852
43856
43882
43959
44061
44107
44118
44651
44689
44691
44762
44822
45281
45290
45370
45652
45780
45782
45799
45878
46471
47118
47535
47746
48054
48147
48192
48239
48382
48539
48567
48691
49059
49423
49861
50066
50206
50225
50347
50675
50689
50992
51026
51536
51689
51901
52382
52704
52711
52889
52952
52964
53320
53493
53710
53744
53786
54408
54527
54738
55077
55192
55267
55383
55493
56481
56483
56639
57115
57144
57366
57842
58669
58789
58876
58886
58988
59866
60147
60219
60465
60469
60687
60727
60791
60838
60920
61139
61929
61979
62170
62420
62616
62930
62942
63300
63604
63692
63714
63760
63956
64076
64285
64366
64426
64458
65361
65376
65574
65737
65762
66081
66121
66127
66502
66727
67067
67219
67528
67532
67544
67641
67791
68031
68057
68280
68404
68476
68540
68562
68744
68978
69114
69265
69307
69431
69750
70313
70517
70529
70685
71489
71727
71862
71865
72138
72519
72580
72668
72736
73109
73435
74264
74731
74739
74904
75020
75143
75187
75231
75358
75477
75513
75542
76001
76460
76461
76928
76980
76984
76992
77253
77530
77825
78067
78523
78578
78811
78982
79225
79773
79884
80060
80139
80220
80283
80859
80869
80948
80987
81019
81095
81417
81600
81796
82352
82480
82525
82760
82964
83054
83095
83263
83321
83601
83695
83747
83757
83925
83938
84173
84271
84456
84576
85112
85166
85539
85701
86194
86549
86590
86924
87014
87289
87347
87366
87869
88287
88307
88484
88941
89257
89518
89667
89974
89996
90000
90020
90120
90139
90238
90363
90602
90629
91069
91205
91386
91916
91919
91998
92323
92993
93408
93612
93621
93741
94036
94068
94429
94862
95072
95235
95341
95372
95462
95549
96317
96344
96521
96568
96725
97029
97208
97270
97990
98281
98430
98469
98677
98877
99158
99941