-99980
-99950
-99742
-99697
-99591
-99488
-99356
-99208
-99021
-98896
-98805
-98726
-98464
-98364
-98348
-98281
-98160
-98134
-97615
-97523
-97460
-96944
-96875
-96773
-96639
-96327
-96114
-95860
-95701
-95103
-94900
-93935
-93809
-93561
-93481
-93465
-93403
-93080
-92902
-92778
-92560
-92449
-92355
-92036
-91948
-91905
-91558
-91391
-91327
-90932
-90910
-90716
-90645
-90625
-90563
-90351
-90293
-89993
-89814
-89508
-89489
-89157
-89090
-88950
-88731
-88578
-88534
-88180
-88029
-87861
-87783
-87756
-87687
-87436
-87263
-87157
-86427
-86089
-85893
-85889
-85409
-85072
-84569
-84335
-84259
-84022
-83910
-83732
-83666
-83664
-83517
-83186
-82859
-82437
-82392
-82377
-82315
-82004
-81952
-81765
-81355
-81029
-81018
-80722
-80679
-80639
-80548
-80522
-80006
-80003
-79782
-79574
-79567
-79367
-79268
-78970
-78806
-78628
-78535
-78524
-78472
-78317
-78295
-77668
-77452
-77315
-77171
-76775
-76649
-76427
-76327
-76211
-76183
-76096
-75937
-75308
-75130
-75034
-74958
-74656
-74441
-74403
-74379
-74159
-74124
-74051
-73791
-73378
-73097
-72763
-72567
-72538
-72496
-72331
-72093
-71950
-71806
-71769
-71478
-71355
-71288
-71209
-71177
-71058
-70998
-70944
-70244
-70237
-69965
-69836
-69822
-69324
-69154
-69145
-68349
-68122
-67999
-67907
-67854
-67839
-67175
-67123
-67029
-66915
-66872
-66522
-66521
-66450
-66280
-66027
-65879
-65781
-65753
-65717
-65670
-65554
-65257
-65216
-65017
-64923
-64870
-64841
-64778
-64208
-63538
-63082
-62837
-62752
-62468
-62177
-62096
-62096
-62089
-61581
-61572
-61497
-61248
-61206
-60752
-60677
-60621
-60557
-60554
-60283
-59994
-59820
-59530
-59119
-58551
-57915
-57824
-57820
-57127
-57045
-56982
-56520
-55932
-55917
-55769
-55765
-55268
-55265
-55180
-55010
-54409
-54241
-54222
-53814
-53535
-53182
-53114
-52924
-52765
-52706
-52361
-52146
-52093
-51966
-51910
-51490
-51071
-50962
-50899
-50793
-50506
-50348
-50237
-50177
-50024
-49974
-49699
-49278
-48920
-48893
-48702
-48500
-48394
-48352
-48143
-48076
-48035
-47418
-47360
-47196
-47193
-46980
-46899
-46887
-46843
-46597
-45955
-45669
-45546
-45350
-45231
-45229
-44991
-44785
-44742
-44577
-44397
-44147
-43972
-43491
-43420
-43343
-43313
-42377
-41745
-41230
-41156
-40983
-40937
-40809
-40802
-40695
-40487
-40456
-39947
-39226
-39048
-38822
-38790
-38007
-37814
-37566
-37516
-36967
-36936
-36924
-36786
-36716
-36627
-36523
-36023
-35976
-35924
-35862
-35723
-35645
-35257
-35132
-34603
-34301
-34251
-34102
-33871
-33859
-33727
-33567
-33536
-33274
-33206
-33136
-32889
-32428
-32330
-31511
-31427
-31257
-31118
-30588
-30429
-30307
-29832
-29831
-29679
-29241
-29210
-29109
-29077
-28873
-28864
-28584
-28534
-28254
-28219
-28206
-28175
-28023
-27921
-27634
-27614
-27507
-27258
-27134
-26986
-26981
-26945
-26759
-26501
-26460
-26324
-26287
-26239
-26058
-26040
-25839
-25309
-24884
-24638
-24352
-23969
-23750
-23548
-23103
-22940
-22852
-22824
-22791
-22638
-22469
-22232
-22214
-22154
-22055
-22035
-21888
-21532
-21279
-21256
-20812
-20199
-19750
-19737
-19638
-19570
-19502
-19442
-19195
-19148
-19073
-18885
-18214
-18166
-17966
-17731
-17163
-17031
-16875
-16528
-16378
-16102
-15968
-15404
-15354
-15127
-14793
-14463
-14013
-13359
-13266
-13261
-13134
-13025
-12641
-12591
-12522
-12200
-12018
-11923
-11855
-11829
-11686
-11574
-11511
-11468
-11418
-11161
-11153
-11052
-10985
-10361
-10250
-10217
-9760
-8936
-8795
-8616
-8481
-8465
-7934
-7575
-7355
-7287
-7276
-7252
-7078
-6562
-6481
-6284
-5926
-5753
-5719
-5025
-4862
-4777
-4223
-3801
-3692
-3192
-3036
-3010
-2823
-2704
-2379
-2291
-1915
-1653
-1623
-1348
-1049
-822
-670
-406
155
194
497
542
716
971
1052
1152
1349
1428
1553
2145
2485
2574
3545
3710
3845
4008
4432
4495
4609
4693
5539
5863
5944
6158
6540
6950
7022
7064
7572
7869
7970
8276
8856
8897
9151
9293
9957
10271
10357
10377
10529
11030
11114
11377
11621
11631
11803
12060
12350
12688
13093
13390
13473
13638
13778
14114
14525
14759
15031
15034
15167
15307
15337
15502
15628
15872
15888
16004
16540
16577
16689
16765
16988
17873
18047
18086
18089
18283
18488
18664
18839
18882
19225
19505
19524
19781
19880
20002
20236
20485
20737
20849
20904
21077
21788
21960
22077
22676
22934
23122
23143
23686
24026
24115
24432
24776
24852
25145
25665
26140
26557
26840
26851
27311
27880
28167
28276
28410
28472
28479
28784
28823
29118
29323
29765
29921
29958
30325
30352
30827
31220
31432
31479
31482
31493
31675
32225
32610
32610
32785
33089
33682
33844
33951
34066
34067
34138
34251
34292
34555
34652
34752
34858
35085
35112
35215
35689
36581
36679
36900
36944
37064
37133
37568
37798
37877
38014
38090
38127
38711
38797
38814
39133
39509
40214
40427
41119
41303
41459
41757
41783
41859
42212
42489
42610
42653
42657
42858
42974
43357
43403
43720
43786
44019
44598
44713
44890
45168
45184
45292
45394
45761
45851
45876
45964
46066
46596
46729
46890
46941
47148
47299
47648
47783
48202
48211
48655
48811
48842
49175
49364
49685
49878
50069
50416
50481
50500
50536
50730
51613
52656
52656
52658
52990
53259
53462
53609
53737
53817
53903
53956
54431
54899
55089
55540
55641
55928
55976
55998
56429
56871
56899
56921
56970
57234
57398
57547
57769
58025
58200
58219
58356
58475
58738
59136
60121
60323
60650
60779
61212
61288
61882
61887
61911
62451
62511
63307
63450
63802
63838
63851
63913
63974
64232
64340
64459
64469
64898
64936
65083
65296
65616
65653
65677
65750
66413
66656
66747
66874
67031
67041
67122
67484
67666
67847
67968
68106
68170
68522
68564
68596
68706
68797
68866
68987
69297
69577
69866
69898
69913
70110
70427
70494
70543
70804
70878
71802
72127
72237
72294
73131
73171
73265
73653
73930
74504
74659
74757
75033
75060
75069
75103
75484
75586
75609
75650
75882
75946
76066
76439
76461
76563
76656
76714
76894
77272
77464
77556
77910
78496
78616
79035
79066
79385
79393
79488
79515
79602
79902
80007
80034
80533
80577
80920
80997
81020
81344
81411
81690
81893
81994
82033
82277
82300
82385
82438
82677
82784
82841
82969
82970
83126
83331
83434
83595
83607
83850
84161
84286
84366
84392
84833
85095
85835
85852
85942
85950
86291
86333
86376
86446
86561
86737
87004
87364
87367
88249
88692
88799
89110
89157
89459
89473
89829
90067
90285
90499
90555
90664
90998
91010
91350
91453
91713
91937
92112
92122
92307
92313
92373
92727
92891
93109
93182
93401
93825
93960
94038
94220
94325
94460
94553
94592
94676
94918
95029
95101
95606
95693
95971
96114
96150
96618
96798
96889
97200
97205
97651
97707
97804
97825
98026
98083
98084
98391
98400
98643
98693
98924
98984
99102
99496
99565