-99945
-99813
-99624
-99189
-99048
-98590
-97732
-97685
-97666
-97569
-97267
-97005
-96501
-96334
-96321
-96019
-96009
-95775
-95543
-95455
-95373
-95260
-95182
-95100
-95062
-94074
-93991
-93859
-93120
-92992
-92837
-92665
-92468
-92377
-91828
-91828
-91444
-91144
-91129
-90817
-90111
-89843
-89590
-89564
-89411
-89039
-88875
-88761
-88526
-88405
-88254
-88215
-88061
-87915
-87761
-87696
-87685
-87653
-87579
-87447
-87246
-86542
-86056
-85994
-85939
-85860
-85856
-85800
-85721
-85172
-85167
-85066
-84902
-84763
-84443
-84241
-83765
-83639
-83583
-83560
-83470
-83288
-83267
-83253
-82718
-82517
-82420
-82212
-81701
-81408
-81376
-81081
-80986
-80930
-80496
-80390
-80362
-80205
-79891
-79726
-79695
-79062
-79022
-78960
-78943
-78595
-78556
-78129
-78037
-77463
-77337
-77314
-77235
-77132
-77019
-76972
-76871
-76845
-76625
-76415
-76181
-76043
-75862
-75529
-75436
-75213
-74888
-74325
-74257
-74072
-73627
-73452
-73431
-73086
-72898
-72831
-72618
-72554
-72492
-72136
-71997
-71810
-71700
-71610
-71493
-71486
-71058
-71007
-70597
-70288
-70047
-69933
-69863
-69771
-69529
-69512
-69240
-69202
-68879
-68716
-68678
-68669
-68647
-68291
-68172
-68015
-67913
-67771
-67703
-67623
-67499
-67018
-66837
-66270
-66177
-65947
-65850
-65825
-65650
-65577
-65518
-65507
-65052
-64880
-64818
-64669
-64663
-64564
-64074
-63912
-63828
-63774
-63693
-63508
-63476
-63136
-62572
-62118
-61794
-61585
-61569
-61280
-61166
-61145
-61088
-60814
-60378
-60130
-59896
-59687
-59583
-59381
-58967
-58907
-58875
-58599
-58222
-58188
-57788
-57553
-57249
-57222
-57079
-57042
-56678
-56422
-56394
-56022
-55835
-55712
-55698
-55206
-55071
-54862
-54650
-54607
-54409
-54252
-54065
-54059
-54028
-53898
-53864
-53789
-53759
-53644
-53528
-53377
-53097
-52924
-52476
-52335
-52324
-51975
-51974
-51705
-51376
-51265
-51260
-51009
-50847
-50716
-50286
-50022
-49731
-49567
-49407
-49404
-49373
-49360
-49278
-49244
-49194
-48609
-48273
-47797
-47736
-47679
-47491
-47257
-47055
-47035
-46854
-46510
-46201
-46113
-46059
-45782
-45287
-45152
-44812
-44801
-43346
-43132
-42966
-42815
-42751
-42576
-42490
-42394
-42121
-41752
-41201
-41082
-41012
-40804
-40764
-40674
-40379
-40286
-40128
-40070
-39563
-39315
-39212
-39094
-38991
-38984
-38866
-38695
-38597
-38527
-37634
-37604
-37408
-37329
-37096
-37025
-36898
-36683
-36667
-36163
-36106
-35788
-35752
-35709
-35444
-35422
-35072
-34601
-34543
-34348
-34101
-34075
-33303
-33034
-33015
-32364
-32338
-32101
-31825
-31801
-31757
-31754
-31742
-31677
-31582
-31431
-31310
-31177
-30961
-30932
-30855
-29961
-29921
-29666
-29542
-29441
-29374
-29272
-29232
-28997
-28010
-27959
-27879
-27695
-27482
-27112
-27046
-27040
-26897
-26491
-26361
-26325
-26299
-26259
-26041
-25823
-25687
-25601
-25220
-25187
-24388
-24368
-23913
-23745
-23386
-23178
-22975
-22755
-22285
-22196
-22102
-21999
-21854
-21810
-21591
-21097
-20977
-20698
-20688
-20566
-20429
-20281
-20245
-20208
-20189
-19535
-19362
-19024
-18988
-18971
-18783
-18744
-18577
-17935
-17808
-17601
-17579
-17092
-16625
-16413
-16340
-16164
-16008
-15991
-15328
-15125
-15005
-14612
-14426
-14368
-14062
-14045
-13935
-13747
-13732
-13730
-13713
-13607
-12821
-10274
-10199
-9900
-9831
-9762
-9758
-9415
-9162
-9015
-9009
-8949
-8751
-8654
-8453
-7992
-7732
-7677
-7676
-7676
-7469
-7441
-7423
-6950
-6881
-6669
-6288
-5979
-5946
-5938
-5874
-5873
-5472
-4916
-4834
-4780
-4738
-4595
-4032
-3710
-3617
-3598
-3438
-3093
-2859
-2687
-2668
-2304
-2303
-2110
-1862
-1689
-1611
-1456
-1443
-1413
-1349
-1331
-1279
-1272
-1228
-894
-669
-496
-391
741
769
1002
1079
1095
1313
1501
1891
1965
2314
2430
2683
3043
3474
3626
3894
3999
4132
4206
4435
4609
4941
5125
5172
5372
5469
6565
6683
6801
7007
7167
7319
7337
7417
7853
7877
8366
8511
8597
8777
8841
9062
9090
9137
9399
9460
10088
10111
10114
10465
10910
10955
11370
11414
11514
11702
11808
11912
11918
12501
12667
12698
12777
12837
13022
13175
13649
13760
13787
13820
13894
14036
14207
14215
14287
14345
14348
14382
15229
15241
15368
15449
15491
15492
16058
16316
16437
16841
17515
17657
17957
17971
18281
18312
18874
19010
19047
19396
19415
20051
20508
20884
20956
21503
21875
21882
22727
23054
23792
23855
23923
24042
24443
24585
24588
24642
24718
24853
24865
25543
25635
25702
25720
25896
26359
26814
26831
26931
27238
27308
27325
27366
27477
27620
27658
27996
28424
28518
28919
29293
29298
29304
29439
29642
29881
30105
30136
30177
30316
30752
30854
31303
31359
31522
32034
32299
32339
32502
32641
32936
33055
33318
33558
33992
34366
34386
34419
34454
34802
34882
35123
35346
35566
35938
36171
36379
36829
37086
37414
37445
38048
38178
38295
38297
38392
38404
38658
38997
39362
39367
39389
39440
39550
39657
39697
39748
39906
40120
40258
40271
40326
40332
40361
40369
40376
40585
40682
41018
41064
41200
41397
41710
42306
42335
42355
42498
43053
44002
44316
44384
44579
44964
44985
45074
45074
45234
45299
45333
45720
45807
45955
46415
46669
46746
47010
47188
47241
47242
47294
47404
47562
48108
48627
49060
49301
49806
49964
49970
50095
50128
50228
50504
50771
50807
51220
51353
51586
51698
51990
52346
52491
52522
52758
52973
53158
53448
53590
53664
53701
53748
54194
54379
54545
54659
55184
55344
55390
55421
55459
55670
55739
55795
55944
56286
56806
56894
56972
57287
57628
57668
57690
57718
57828
57907
58078
58463
58629
58774
58983
59176
59357
59931
59938
59967
60035
60341
60440
60671
60715
60771
60994
61055
61523
61860
62115
62147
62179
62206
62436
62638
62828
63078
63188
63342
63558
63624
63634
63808
63895
64522
64999
65226
65956
65957
66378
66719
66743
67157
67325
67497
67782
67801
67859
67911
68232
68259
68553
68605
68607
68706
69340
69381
69594
69750
69952
69975
70252
70301
70911
70991
71399
71542
71647
71682
72214
72525
72994
73002
73006
73311
73344
73481
73837
74235
74769
74875
75446
75762
76214
76236
76262
76809
76892
76948
77312
77380
77399
77782
77884
78794
79242
79669
79956
79960
80302
80836
80890
80895
81094
81332
81389
81946
82246
82335
82351
82471
82756
83044
83154
83292
83696
84025
84196
84330
84653
84811
85312
85381
86084
86150
86191
86668
86671
86715
87568
87623
87826
87959
88001
88002
88075
88846
88930
89091
89126
89224
89353
89571
89739
90106
90227
90610
90797
91176
91185
91316
91412
91533
91690
91746
91886
92188
92198
92231
92267
92372
92408
92479
92506
92679
92919
93109
93271
93374
93666
93786
94098
94462
94490
95129
95329
95371
95507
95716
95831
96091
96666
96949
96967
97870
98074
98372
98396
98932
99996