-99784
-99554
-99396
-99393
-99372
-99022
-98795
-98468
-98447
-98418
-97986
-97639
-97336
-97197
-96623
-96129
-96080
-95635
-95606
-95377
-95245
-95012
-94947
-94931
-94797
-94735
-94449
-94400
-94303
-94215
-94192
-93797
-93529
-93382
-93341
-93181
-92978
-92801
-92729
-92666
-92572
-91855
-91538
-91538
-91468
-91453
-91349
-91236
-91015
-90948
-90686
-90453
-90303
-90219
-89849
-89626
-89583
-88759
-88745
-88409
-88120
-87968
-87499
-87454
-87449
-87391
-86835
-86352
-86287
-86218
-86158
-85874
-85865
-85764
-85291
-85242
-84982
-84891
-84114
-83454
-83234
-82777
-82517
-82146
-82064
-81883
-81722
-81380
-81122
-80819
-80218
-80197
-79123
-78650
-78421
-78289
-78278
-78172
-78148
-77926
-77608
-77092
-77024
-76923
-76519
-76028
-75847
-75727
-75724
-75355
-75160
-74927
-74729
-74589
-74431
-74368
-74070
-73611
-73441
-72663
-72318
-72058
-71797
-71609
-70989
-70465
-70330
-70280
-70262
-70070
-70029
-70010
-69900
-69879
-69494
-69152
-68536
-68212
-68145
-68121
-68117
-67725
-67456
-66908
-66703
-66533
-66417
-65887
-65800
-65527
-65514
-65441
-65393
-65306
-65245
-65058
-64896
-64855
-64078
-64045
-63880
-63791
-62991
-62969
-62941
-62789
-62732
-62390
-62327
-62288
-61933
-61644
-61415
-61205
-60794
-60764
-60548
-60163
-59803
-59661
-59617
-59431
-59269
-59215
-58926
-58901
-58894
-58588
-58231
-58225
-58186
-58154
-58093
-57624
-57469
-57453
-56987
-56482
-56407
-56333
-56226
-56141
-55700
-55665
-55358
-54869
-54795
-54657
-54561
-54447
-54285
-54174
-53857
-53788
-53736
-53712
-53231
-53171
-53157
-52930
-52736
-52525
-52243
-51286
-51128
-50949
-50918
-50823
-50639
-49772
-49668
-49611
-48980
-48555
-48480
-48083
-47992
-47970
-47919
-47912
-47875
-47840
-47836
-47474
-47402
-47235
-46742
-46738
-46484
-46232
-45842
-45738
-44277
-43743
-43532
-43270
-43201
-42920
-42051
-42037
-41526
-41383
-40515
-40330
-40230
-40084
-39694
-39326
-39229
-38931
-38797
-38752
-38414
-38384
-38378
-38032
-38005
-37955
-37838
-37357
-37290
-37183
-37095
-36939
-36911
-36728
-36662
-36575
-36559
-36355
-36310
-36093
-35936
-35878
-35790
-35469
-35457
-35371
-35261
-35084
-35041
-34869
-34809
-34732
-34660
-34293
-33567
-33538
-33516
-33283
-33194
-32400
-32379
-32283
-32019
-31815
-31716
-31535
-31309
-30895
-30013
-29880
-29810
-29691
-29413
-29395
-29264
-29128
-28926
-28872
-28569
-28198
-28029
-27856
-27809
-27588
-27388
-27008
-26843
-26843
-26774
-26768
-26742
-26732
-26640
-26481
-26310
-25942
-25570
-25442
-25252
-25072
-25063
-24988
-24764
-24627
-24593
-24563
-24381
-24051
-23841
-23275
-22960
-22903
-22444
-22406
-22247
-22184
-21910
-21861
-21584
-21423
-21386
-21326
-21055
-20985
-20903
-20580
-19981
-19214
-19093
-18991
-18082
-18069
-17941
-17839
-17804
-17658
-17547
-17502
-17347
-17057
-16931
-16926
-16768
-16548
-16383
-16202
-15678
-15109
-15083
-14940
-14924
-14904
-13960
-13776
-13757
-13723
-13583
-13582
-13481
-13145
-12884
-12829
-12590
-12541
-12331
-12182
-11899
-11894
-11835
-11785
-11516
-11385
-10894
-10487
-10345
-10268
-10165
-10146
-10131
-9322
-8766
-8171
-8161
-8144
-8140
-7821
-7666
-7626
-7562
-7555
-7331
-7249
-7187
-6867
-6698
-6522
-5914
-4946
-4705
-4681
-4673
-4655
-4628
-4307
-4176
-4175
-4056
-3654
-3558
-3241
-3233
-3065
-3064
-3024
-2930
-2876
-2819
-2395
-2310
-2084
-1529
-1469
-1303
-1287
-961
-841
-829
-698
-593
-449
474
794
977
1034
1048
1146
1205
1314
1342
1378
1563
1604
1738
1855
2233
2241
2765
2786
2993
3297
3306
3559
4034
4205
4566
4783
4852
4862
5199
5299
5380
5432
5474
5529
5558
5919
6621
7025
7263
7380
7425
7462
7486
7493
7584
9082
9592
9648
9734
10215
10270
10372
10394
10608
10727
10778
10873
11141
11163
11188
11247
11265
11646
11726
11866
12002
12165
12339
12427
12439
12479
12546
12577
12591
12598
12971
13134
13439
13461
13581
14001
14054
14171
14315
14604
14656
14670
14848
14861
15013
15244
15297
15298
15676
15736
15752
15796
15988
16442
16761
16982
17153
17182
17250
17301
17374
17568
18105
18109
18185
18217
18517
18920
18967
19365
19530
19845
20017
20321
20346
20685
20748
20904
21297
21433
21484
21929
22269
22311
22391
22403
22630
22953
23184
23276
23336
23625
23656
23920
23938
23987
24006
24278
24388
24413
24508
24867
24985
24998
25071
25149
25465
25876
26124
26302
26767
26820
27288
27379
27725
27777
27779
27948
28210
28593
28595
28854
29236
29268
29472
29546
29879
30079
30346
30359
30918
31075
31111
31226
31495
31535
31621
31701
31896
32017
32206
32237
32737
32765
32832
32847
32861
32874
32922
33119
33404
33565
33697
33778
34013
34025
34038
34243
34490
34759
34918
34965
35026
35077
35249
36164
36177
36202
36589
36609
37066
37207
37311
37320
37912
38126
38448
38749
39082
39096
39542
39982
40357
40365
40656
40789
41052
41130
41131
41267
41340
41552
42220
42229
42241
42475
42578
42673
42863
42967
43308
43484
43512
43754
44094
44889
45043
45171
45222
45675
45703
45844
46037
46197
46243
46388
46428
46892
47238
47364
47437
47937
48555
49599
49767
49866
49961
49982
50296
50998
51096
51231
51565
52415
52690
52851
53099
53113
53462
53470
53605
53732
53882
54081
54498
54616
54625
54721
55021
55595
55611
55626
55669
55743
55791
55807
55858
55926
55959
56204
56311
56387
56833
57193
57196
57363
57363
57745
57766
57890
58167
58238
58287
58561
58593
58677
58947
58968
59345
59644
59697
59960
60111
60121
60146
60186
60299
60612
60684
60730
60789
60826
61365
61981
62192
62800
63060
63181
63462
64081
64092
64189
64325
64599
64653
64901
65343
66702
67022
67079
67138
67207
67449
67674
67686
67901
68064
68284
68382
68661
68743
68744
69059
69143
69417
69484
69824
69999
70290
70341
70464
70508
71150
71151
71224
71242
71249
71372
71407
71534
71590
71835
71859
72346
72392
72695
72831
72910
72936
73228
73259
73421
73796
74494
74503
74721
74915
74935
74954
75069
75355
75374
75629
75691
75765
76242
76390
76777
77030
77121
77121
77210
77279
77294
77640
77904
78059
78079
78193
78382
78424
78567
78839
78879
78983
79058
79398
79437
79446
79481
79493
79562
79881
80299
80413
81329
81354
81361
81948
82642
82911
83034
84233
84332
84494
84734
84738
84997
85370
85443
85485
85699
86601
86911
87021
87079
87171
87707
87864
87865
87894
87941
87954
88080
88099
88197
88434
88519
89596
89684
91149
91323
91469
91528
91680
91765
92111
92121
92281
92304
92489
92593
92812
94062
94273
94375
94465
94485
94656
94735
94846
95031
95044
95052
95176
95225
95298
95402
95488
95815
96509
96543
96627
96630
97661
97711
97823
97843
97858
98071
99000
99113
99388