-99740
-99625
-99496
-99262
-99138
-98842
-98633
-98559
-98512
-98414
-98262
-98155
-97732
-97477
-97228
-97193
-97162
-96568
-96488
-96211
-96155
-96045
-96042
-95820
-95648
-95472
-95451
-95420
-95328
-95271
-94953
-94579
-94368
-94231
-94183
-94071
-94024
-93891
-93775
-93774
-93457
-93445
-93342
-93298
-93168
-92998
-92994
-92973
-92905
-92840
-92785
-92736
-92722
-92631
-92583
-92367
-92006
-91992
-91921
-91897
-91687
-91578
-91290
-90689
-90586
-89839
-89705
-89295
-89241
-89184
-88922
-88912
-88910
-88606
-87821
-87671
-86691
-86044
-86012
-85826
-85342
-85315
-85111
-84746
-84202
-83742
-83740
-83544
-83281
-83198
-83029
-82954
-82632
-82525
-82360
-81799
-81657
-81101
-80991
-80838
-80686
-80464
-80236
-80135
-80133
-80015
-79937
-79021
-78967
-78918
-78809
-78743
-78311
-77750
-77698
-77438
-77213
-76558
-76469
-76411
-76099
-75899
-75817
-75817
-75759
-75702
-75678
-75537
-75458
-74793
-74661
-74436
-74374
-74297
-73927
-73741
-73724
-73664
-73178
-73017
-72284
-72066
-71529
-70826
-70780
-70693
-70181
-70010
-69975
-69955
-69953
-69447
-69369
-68597
-68434
-68071
-67918
-67832
-67815
-67552
-67249
-67224
-67115
-66994
-66929
-66900
-66594
-66545
-66532
-66361
-66098
-66062
-66054
-65840
-65763
-65696
-65226
-65189
-65056
-64997
-64910
-64805
-64106
-64009
-63981
-63631
-63499
-63413
-63368
-63255
-63234
-63176
-63034
-62502
-62255
-62188
-62009
-61837
-61819
-61782
-61766
-61475
-61402
-61275
-61196
-61043
-60848
-60479
-60465
-60416
-60308
-60273
-60188
-59734
-59668
-59394
-58987
-58814
-58689
-58182
-57650
-57452
-56689
-56359
-56289
-55954
-54330
-54307
-54270
-54242
-54185
-54065
-54055
-54053
-54014
-53906
-53847
-53792
-53504
-53267
-53066
-53054
-52998
-52956
-52890
-52522
-52473
-52361
-51764
-51236
-51076
-50825
-50740
-50594
-50578
-50244
-50101
-49896
-49642
-49586
-49143
-49141
-48955
-48950
-48802
-48200
-48045
-47750
-47565
-47441
-46941
-46903
-46847
-46723
-46446
-46331
-46104
-45958
-45902
-45361
-45212
-45112
-44994
-44914
-44904
-44730
-44717
-44675
-44600
-44587
-44541
-44161
-44029
-44006
-43993
-43962
-43774
-43351
-43268
-43142
-43031
-42857
-42769
-42344
-42342
-41950
-41935
-41768
-41443
-41351
-41340
-41230
-40960
-40738
-40047
-40032
-39995
-39660
-39582
-39504
-38868
-38439
-38150
-38088
-36994
-36987
-36902
-36650
-36648
-36310
-35900
-35819
-35512
-35056
-34951
-34902
-34491
-34478
-34155
-33986
-33974
-33883
-33869
-33747
-33387
-33150
-33000
-32412
-32368
-32368
-32325
-32140
-31466
-31365
-31331
-31226
-31225
-31051
-30957
-30697
-30672
-30668
-30496
-30034
-29872
-29856
-29752
-29613
-29531
-29473
-29409
-29220
-28945
-28356
-28219
-28162
-28097
-28043
-27913
-27782
-27596
-27167
-27166
-27026
-26933
-25654
-25634
-25608
-25562
-25411
-25205
-25144
-24911
-24607
-24556
-24552
-24247
-23975
-23938
-23691
-23535
-23482
-23442
-23108
-23072
-22946
-22875
-22850
-22844
-22836
-22750
-22748
-22470
-22429
-22303
-22003
-21906
-21764
-21436
-21338
-21010
-20577
-20571
-20390
-20077
-19990
-19417
-18857
-18783
-18634
-18618
-18553
-18297
-18281
-18164
-18074
-17969
-17545
-17460
-16971
-16813
-16685
-16392
-15884
-15787
-15687
-15686
-15313
-15085
-14609
-14584
-14135
-14088
-13983
-13339
-12982
-12881
-12834
-12059
-12022
-11647
-11583
-11422
-11295
-10675
-10656
-10623
-10476
-10220
-9816
-9570
-9492
-9207
-9182
-9178
-9088
-9034
-9008
-8963
-8868
-8833
-8732
-8335
-8329
-7881
-7802
-7672
-7649
-7285
-7270
-7085
-6881
-6651
-6368
-5438
-4822
-4808
-4761
-4564
-4262
-4060
-4054
-4017
-3670
-3529
-3435
-3179
-2982
-2782
-2566
-2436
-2406
-2088
-1807
-1765
-1720
-1389
-711
-47
59
397
992
1171
2026
2457
2705
2745
2944
2986
3113
3283
3296
3822
3951
4153
4337
4464
4572
4627
5595
6033
6738
7668
7705
7720
8234
8393
8440
8447
8567
8842
8907
8971
9010
9095
9646
9819
9942
10055
10424
10475
10794
10831
11082
11780
11973
12284
12560
12797
13489
13498
13876
14016
14064
14150
14244
14343
14346
14685
14785
14851
15103
15192
15565
16539
16762
16781
16843
17009
17197
17203
17523
17546
17611
17662
17832
17981
18986
19403
20533
20570
20797
21243
21749
22093
22542
22921
22925
23019
23466
23615
23627
23639
23755
23861
23871
23908
24158
24827
24848
24985
25394
25497
25617
26139
26299
26431
27026
27116
27380
27751
27873
27874
28266
28636
28737
28864
29185
29206
29252
29374
29642
29667
30061
30169
30223
30530
30786
31245
31442
31757
31777
31972
32015
32350
32713
32736
33034
33113
33219
33393
33488
34026
34380
34882
35072
35220
35267
35469
36050
36133
36430
36460
37061
37326
38053
38084
38620
38977
39089
39510
39562
39591
39663
40031
40063
40421
40428
40538
40544
40637
40850
41125
41421
41855
42065
42455
42698
43213
43264
43383
43847
43903
43905
44071
44103
44153
44275
44367
44381
44768
44965
45102
45123
45184
45292
46155
46378
46396
46495
46822
46828
46857
46884
46940
47192
47263
47307
47677
47690
47814
47951
48190
48207
48531
48631
48643
48722
48917
49031
49061
49174
49196
49384
49516
49564
49603
49996
50164
50275
50393
50506
50802
50885
51272
51499
51555
51601
52109
52374
52418
53384
53438
53581
54103
54391
54673
54752
54989
55089
55395
55751
55939
55953
55962
56011
56067
56106
57266
57270
57434
57496
57740
57803
58416
58533
58592
58709
58957
59055
59206
59228
59275
59756
59893
60000
60360
60425
60469
60674
61159
61341
61372
61434
61475
61544
61872
62341
62555
62993
63121
63334
63791
64221
64600
64674
64990
65149
65160
65225
65539
65555
65701
65974
65981
66121
66149
66513
66639
67047
67655
67704
67834
68566
68610
69185
69269
69403
69792
69891
70151
70360
70388
70678
70679
70919
71095
71096
71494
71838
71873
72271
72392
72985
72995
73207
73224
73229
73253
73575
73734
73774
73851
74315
74453
74517
74681
75335
75569
75682
75759
75898
75943
76243
76312
76533
76631
76721
76766
76937
76952
77088
77130
77186
77289
77443
77801
78422
78438
78442
78980
79107
79158
79256
79500
79557
79635
80175
80693
80939
81245
81479
81720
81722
81803
82322
82580
82643
83331
83941
84040
84597
84814
84863
85212
85412
85479
85676
85870
86110
86477
86552
86746
86960
87004
87172
87273
87304
87313
87419
87509
87537
87589
87864
88012
88101
88190
88341
88591
88602
88758
88986
88992
89233
89439
89577
89640
89647
90132
90209
90736
90871
90887
90930
91319
91946
92008
92201
92555
92875
92955
93076
93164
93209
93797
93987
94197
94577
94588
94957
95006
95228
95241
95678
95694
95860
95991
96030
96128
96165
96220
96317
96488
96643
96752
96875
96882
97317
97729
97771
97828
97952
98407
98755
98940
99653
99679
99699
99707
99818