-99972
-99919
-99783
-99610
-99474
-99466
-99358
-99082
-99076
-98488
-98108
-97919
-97842
-97707
-97149
-96875
-96688
-96365
-96086
-96009
-95954
-95853
-95357
-95195
-94922
-94499
-94161
-93937
-93834
-93726
-93453
-93307
-92548
-92476
-92063
-92003
-91996
-91971
-91922
-91823
-91812
-91778
-91757
-91679
-91027
-90966
-90589
-90508
-90494
-90330
-90247
-90038
-89969
-89936
-89777
-89534
-89460
-89050
-88994
-88864
-88830
-88805
-88445
-88397
-88169
-88100
-88074
-87800
-87529
-87452
-87313
-87167
-86959
-86823
-86663
-86634
-86589
-86360
-86347
-86291
-85993
-85809
-85729
-85534
-85147
-85056
-84565
-84445
-84437
-84378
-84348
-84129
-84018
-83782
-83661
-83399
-82760
-82713
-82643
-82520
-82442
-82118
-82070
-81737
-81548
-81486
-81316
-80997
-80828
-80689
-80474
-80090
-80069
-80041
-79931
-79305
-78916
-78267
-78169
-78154
-78065
-78035
-77616
-77152
-76636
-76243
-75634
-75595
-75574
-75444
-75276
-75217
-75212
-75114
-74681
-74548
-74524
-74443
-74138
-73766
-73166
-73155
-73023
-72505
-72395
-72390
-72338
-71839
-71819
-71624
-71498
-71451
-71173
-71057
-70996
-70761
-70706
-70642
-70234
-70155
-69719
-69051
-69003
-68765
-68720
-68520
-68202
-67919
-67621
-67395
-67331
-67274
-67235
-67197
-67143
-66916
-66829
-66215
-66067
-66064
-66001
-65929
-65882
-65536
-65491
-65400
-65238
-65182
-65145
-65037
-64849
-64647
-64455
-64428
-64419
-64203
-64036
-63723
-63510
-63264
-63209
-63123
-62913
-62171
-61870
-61783
-61732
-61613
-61493
-61321
-60678
-60646
-60541
-59809
-59570
-59523
-59393
-59327
-59226
-59151
-58840
-58679
-58617
-58566
-58560
-58475
-58207
-58167
-58162
-58121
-58070
-57975
-57853
-57842
-57720
-56344
-56122
-55933
-55712
-55678
-55676
-55506
-54788
-54729
-54223
-53995
-53916
-53872
-53821
-53506
-53452
-53445
-53441
-53328
-53225
-53163
-53120
-52820
-52785
-52662
-52498
-52096
-51658
-51029
-50625
-50317
-50280
-50197
-49865
-49729
-49685
-49406
-49393
-49226
-49109
-48948
-48750
-48622
-48507
-48037
-48011
-47937
-47757
-47735
-47180
-47118
-47105
-47001
-46391
-44840
-44735
-44593
-44547
-44367
-44294
-44236
-44042
-44018
-43961
-43824
-43756
-43697
-43594
-43429
-43333
-42993
-42787
-42752
-42091
-41918
-41839
-41786
-41669
-41483
-41207
-40859
-39854
-39814
-39788
-39681
-39485
-39316
-39244
-39232
-38745
-38466
-38438
-38215
-38160
-37842
-37766
-37428
-37424
-37000
-36946
-36939
-36873
-36847
-36722
-36660
-36178
-36094
-35628
-35461
-35204
-34797
-34629
-34536
-34520
-34458
-34032
-33853
-33715
-33564
-33354
-33212
-33115
-33082
-32364
-32317
-32152
-32132
-32130
-31668
-31408
-31229
-30742
-30093
-30092
-29978
-29531
-29441
-29284
-29168
-28963
-28961
-28593
-28326
-28140
-28101
-28085
-27701
-27680
-27673
-27665
-27581
-27569
-27447
-27142
-27010
-26562
-26216
-26011
-25974
-25933
-25912
-25836
-25683
-25679
-25413
-25270
-25133
-25058
-25030
-24940
-24654
-24439
-24429
-24364
-24310
-23487
-23483
-23372
-23141
-22848
-22725
-22713
-22678
-22529
-22346
-21428
-20995
-20967
-20534
-20313
-20284
-20259
-19982
-19539
-19340
-19240
-19168
-19160
-19025
-18914
-18346
-18332
-18313
-17988
-17812
-17624
-17347
-17157
-17047
-16821
-16785
-16746
-16518
-16472
-16200
-16194
-16139
-15758
-15727
-15508
-15403
-14884
-14462
-14215
-13588
-13175
-13016
-12831
-12825
-12808
-12591
-12208
-11370
-11300
-10794
-10742
-10568
-10303
-10297
-10224
-9594
-9529
-8789
-8011
-7997
-7807
-7507
-7471
-7365
-7299
-6852
-6797
-6605
-6471
-6221
-6081
-5453
-5297
-5098
-5067
-4837
-4824
-4785
-4590
-4121
-4063
-3864
-3828
-3722
-3313
-3243
-3141
-3043
-3037
-2651
-2463
-2116
-1399
-1258
-976
-638
-606
-95
73
91
580
625
1121
1140
1473
1690
2288
2354
2462
2641
3017
3421
3523
3529
4011
4276
4983
5294
5647
5862
6061
6093
6199
6437
6603
7619
7875
8243
8243
8324
8437
9121
9324
9723
9996
10117
10210
10364
10409
10443
10684
10713
11314
11844
11888
12197
12260
12324
12568
13055
13212
13320
13569
13605
13842
14139
14308
14637
14652
14816
14916
15581
15607
15704
15709
15818
15925
16111
16386
16751
16906
16938
16959
17152
17222
17678
18032
18064
18181
18221
18637
18716
19255
19316
19581
19635
19808
20390
20408
20484
21062
21168
21397
21604
21816
21891
21956
21994
22009
22211
22420
22433
22484
22934
23040
23092
23379
23394
23494
23641
23845
24043
24435
24700
24750
25021
25263
25457
25618
25967
26221
26393
26598
26635
26833
26990
27223
27273
27414
27705
27746
27848
28017
28085
28323
28526
28706
28810
29153
29334
29621
29816
29915
29933
29948
30396
30460
30797
30923
31038
31466
31950
32161
32255
32593
32620
32628
32730
33057
33261
33669
33813
33860
34535
34575
34724
34849
34941
34953
35185
35275
35423
35634
35665
35879
35949
36060
36098
36654
36904
37447
37521
37616
37623
37722
37816
37956
38362
38609
38821
39069
39390
39404
39426
39555
39760
40534
41395
41884
41992
42136
42147
42288
42335
42510
42611
42859
43614
43736
43839
43952
44162
44253
44414
44415
44597
44602
44976
45131
45416
45419
45553
45632
45725
45727
45844
46232
46233
46274
46558
46827
47050
47136
47545
48016
48054
48090
48595
49030
49206
49428
49818
49952
49980
50101
50102
50280
50355
50364
50409
50647
50774
50779
50871
51370
51469
51542
51882
52221
52420
52553
52572
53057
53298
53588
54023
54127
54370
54458
54548
54962
54990
55116
55177
55562
55679
55712
55757
55777
56158
56202
56373
56395
56547
57029
57788
57970
58015
59893
60377
60416
60537
60837
60942
61090
61160
61247
61703
61735
62366
63001
63163
63172
63212
63360
63585
63675
63695
63949
64022
64142
64167
64560
64626
64753
64767
64979
65336
65501
65550
65664
65812
65886
66279
66544
66665
67437
67518
68002
68095
68107
68174
68254
68314
68648
69087
69113
69161
69180
69347
69761
69809
70550
70938
70942
71156
71250
71839
71980
72052
72073
72596
73112
73195
73318
73337
73566
73886
73987
74012
74528
74892
74958
75197
75235
75376
75521
75588
75650
75666
75707
76117
76200
76630
76890
76926
76942
77803
77967
78032
78412
79064
79114
79658
79989
80062
80912
81039
81309
81602
81643
81971
81972
82160
82239
82335
82523
82677
82811
82942
83069
83160
83543
83562
83730
83740
84244
84516
84764
85122
85313
85314
85370
86124
86607
86617
87379
87729
87917
88073
88109
88116
88211
88413
88529
88543
88591
88605
88696
89041
89060
89531
89847
89880
90298
91174
91304
91338
91500
91854
91860
91945
92407
92888
93325
93888
94174
94213
94390
94622
94841
94982
95727
95828
95855
96264
96348
96416
96442
97034
97040
97315
97456
97545
97566
97808
97822
97977
98155
98227
98330
98715
98773
99040
99326
99359
99386
99754
99825
99860