-99481
-98951
-98850
-98557
-98328
-98206
-98097
-97929
-97669
-97499
-97027
-97000
-96967
-96755
-96428
-96363
-96004
-95423
-95421
-95389
-95240
-95129
-95083
-95025
-94822
-94729
-94583
-94430
-94345
-94327
-94226
-93588
-93187
-93106
-92901
-92896
-92805
-92498
-92448
-91951
-91491
-91157
-90901
-90885
-90576
-90523
-90315
-89828
-89774
-89564
-89427
-89310
-89189
-89189
-89022
-88952
-88942
-88881
-88797
-88645
-88425
-88425
-87431
-87424
-87258
-86989
-86829
-86547
-86029
-86003
-85826
-85777
-85068
-84823
-84677
-84538
-84321
-84096
-83985
-83621
-83532
-83343
-83034
-82640
-82606
-81973
-81736
-81646
-81643
-81479
-81208
-81012
-80957
-80776
-80722
-80628
-80554
-80261
-80192
-79545
-79250
-79211
-78543
-78489
-78436
-78200
-77854
-77812
-77805
-77769
-77672
-77657
-77426
-76717
-76693
-76604
-76524
-76113
-76043
-75875
-75714
-75627
-75412
-75332
-75079
-74971
-74919
-74821
-74809
-74688
-74407
-74241
-74191
-73786
-73775
-73302
-73188
-73089
-73066
-73031
-72604
-72388
-72299
-72263
-71604
-71335
-71292
-71244
-71059
-70698
-70078
-70064
-70033
-69991
-69920
-69853
-69694
-69545
-69458
-69064
-68925
-68923
-68545
-68437
-68428
-68276
-67940
-67728
-67373
-67214
-67004
-66960
-66878
-66009
-65963
-65649
-65537
-64938
-64682
-64440
-64390
-64235
-64143
-63913
-63669
-63645
-63340
-63339
-63076
-62938
-62497
-62311
-62163
-62002
-61832
-61694
-61417
-60893
-60731
-60467
-59681
-59529
-59404
-59373
-59312
-59203
-58874
-58716
-58460
-58426
-58338
-58295
-57966
-57829
-57470
-57234
-57205
-57163
-56826
-56802
-56226
-55640
-55597
-55252
-55239
-55142
-55087
-54260
-53995
-53863
-53476
-53417
-53235
-53120
-52974
-52898
-52863
-52642
-52449
-52430
-52175
-52145
-52037
-51791
-51778
-51290
-51033
-50617
-50102
-49820
-49617
-49613
-49129
-48840
-48685
-48470
-48433
-48165
-48004
-47757
-47391
-47337
-47175
-47017
-47002
-46838
-46732
-46721
-46702
-46559
-46302
-46003
-45989
-45559
-45162
-44679
-44621
-44491
-44237
-43932
-43515
-43117
-43069
-43061
-43052
-42963
-42614
-41988
-41987
-41432
-41346
-41324
-41098
-41047
-40916
-40737
-40735
-40703
-40692
-40587
-40529
-40306
-40300
-40235
-39804
-39390
-39342
-38934
-38920
-38773
-38692
-38559
-38272
-38239
-38184
-38132
-38086
-37737
-37262
-37157
-37138
-37064
-36819
-36215
-35777
-35699
-35654
-35586
-35241
-35159
-34797
-34476
-34035
-33760
-33751
-33263
-33176
-32913
-32826
-32807
-32718
-32582
-32553
-32499
-31778
-31494
-31452
-31443
-31366
-30885
-30813
-30402
-30305
-30069
-30042
-29893
-29856
-29825
-29555
-29409
-29331
-29214
-29043
-28571
-28561
-28478
-28353
-28319
-28282
-28280
-28264
-27943
-27849
-27570
-27110
-26875
-26757
-26527
-26355
-26061
-25854
-25766
-25676
-25326
-25268
-25102
-25000
-24794
-24658
-24301
-24075
-23941
-23781
-23599
-23563
-23519
-23408
-23196
-23058
-22797
-22351
-22121
-21598
-21369
-21306
-21193
-20960
-20818
-20670
-20390
-20017
-19975
-19685
-19637
-19554
-19354
-19292
-19167
-19154
-18817
-18285
-17963
-17945
-17798
-17782
-17745
-17577
-17276
-17069
-16921
-16864
-16051
-15390
-15352
-15210
-14510
-14454
-14088
-13718
-13718
-13712
-13530
-13425
-13214
-13193
-12922
-12533
-12412
-12394
-12138
-12002
-11925
-11824
-11665
-11479
-11458
-11266
-11057
-11023
-10962
-10832
-10701
-10692
-10633
-10287
-10216
-10065
-9820
-9513
-9484
-9477
-9347
-9135
-9104
-8850
-8624
-8547
-8399
-8315
-8151
-8015
-7981
-7968
-7960
-7916
-7397
-6924
-6817
-6350
-5826
-5810
-5550
-5526
-5131
-5054
-4990
-4795
-4627
-4489
-4326
-3900
-3790
-3769
-3500
-3325
-3265
-3257
-2838
-2581
-2339
-2236
-1880
-1621
-1512
-1408
-1067
-950
-588
-51
95
359
385
390
505
567
736
1000
1226
1315
1918
1968
2022
2087
2150
2337
2670
2833
2870
2914
3892
3954
4010
4395
4426
4501
4672
4835
5231
5298
5372
5389
5678
5691
5789
5949
6249
6281
6521
6576
6595
6726
6996
7690
7880
7896
7956
8253
8960
9443
9705
9839
9915
10017
10213
10396
10512
10907
11029
11779
11788
11998
12113
12507
12824
12854
13173
13191
13196
13227
13375
13644
13649
13691
13954
14373
14959
15176
15759
15799
16159
16615
17259
17745
17749
18018
18359
18977
19315
19430
19748
19953
19979
20039
20811
20832
21233
21236
21854
22304
22444
22652
22701
22862
23562
23646
24484
24572
24576
24647
24816
25207
25334
25365
25892
26551
26638
26764
27095
27444
27470
27689
28079
28380
28394
28653
28764
28960
28991
29364
29477
29666
29751
29957
29981
30044
30081
30094
30097
30342
30766
30949
31088
31513
31558
31752
32254
32587
32863
32900
33041
33323
34315
34419
34815
34835
34930
35209
35430
35936
36419
36539
36746
36836
36935
37260
37370
37748
37999
38215
38305
38570
38963
39025
39050
39071
39271
40821
41212
41476
41529
41742
41820
41960
41990
42225
42379
42384
42400
42546
42714
43110
43672
43871
43927
44057
44230
44247
44380
45306
45466
45473
45648
45806
46105
46115
46247
46696
46796
47157
47188
47225
47517
47781
47854
48438
48449
48661
48986
49469
49572
49886
49939
50002
50538
50727
50768
50834
50917
50979
51110
51153
51153
51560
51686
51726
51801
51960
52069
52080
52215
52424
52482
52489
52542
52569
52644
52713
52915
53163
53216
53548
53653
53688
54424
54967
55126
55141
55267
55394
55514
55544
55884
55999
56169
56541
56570
56573
56912
57253
57395
57637
57969
58005
58335
58337
58356
58514
58702
58777
58917
59173
59474
59614
59865
60510
60796
60846
60964
61286
61346
62068
62390
62522
62705
62769
62929
63458
63476
63901
64121
64425
64600
64639
64893
65237
65247
65980
66244
66367
66478
66916
66959
66968
67509
67763
67784
67898
68722
69005
69452
69552
69640
69943
70008
70047
70314
70640
71023
71087
71188
71450
71572
71641
71868
71926
71987
71991
72091
72113
72362
72502
72733
72798
72891
72915
73167
73193
73593
73805
73865
74408
74726
74810
75052
75496
75699
76025
76133
76212
76456
76463
77418
77442
77893
78255
78312
78380
78756
78777
78883
79181
79437
79820
79931
80309
80456
80545
80587
80625
80670
80989
81096
81257
81400
81423
81597
81624
82005
82028
82096
82099
82355
82446
82622
82659
83047
83211
83250
83919
83930
84033
84327
84525
84735
84943
84957
84998
85110
85230
85625
85709
86365
86501
86520
86575
86595
86673
86708
86749
86766
86832
87101
87767
87895
87900
88038
88191
88393
88979
89370
89539
89654
89871
90016
90026
90392
90491
90703
90813
90907
90992
91184
91428
91459
91530
91683
91884
92023
92101
92770
92785
93149
93794
94317
94332
94339
94701
94705
95169
95316
95947
96173
96306
96570
96669
96885
96918
96926
97186
97422
97492
97641
97838
97921
97925
98459
98690
98946
99152
99564