-99539
-99444
-99276
-99127
-99074
-98803
-98478
-98397
-98322
-98082
-98011
-97999
-97538
-97502
-97297
-97106
-96978
-96934
-96661
-96572
-96293
-95439
-95412
-95392
-95011
-94904
-94686
-94653
-94469
-94449
-94382
-94293
-94171
-94171
-94124
-94040
-93992
-93679
-93614
-93228
-93083
-92893
-92534
-92201
-91970
-91868
-91695
-91416
-91407
-91392
-91066
-90992
-90967
-90851
-90728
-90720
-90523
-90266
-89821
-89704
-89503
-89460
-89200
-89033
-89021
-88842
-88727
-88605
-88317
-87470
-87438
-87155
-87102
-87070
-86899
-86369
-86360
-86349
-85399
-85328
-85017
-84889
-84647
-83858
-83700
-83423
-83413
-82851
-82697
-82692
-82488
-82378
-82331
-82090
-82024
-81995
-81978
-81515
-81365
-81098
-81013
-81005
-80942
-80857
-80764
-80512
-80459
-80376
-80018
-79515
-79424
-79377
-78968
-78878
-78820
-78559
-78457
-78301
-78279
-77113
-76469
-76359
-76341
-75993
-75730
-75419
-75382
-75319
-75257
-74664
-74561
-74470
-74181
-74082
-73991
-73892
-73758
-73452
-73107
-72967
-72868
-72534
-72375
-72350
-72333
-71920
-71862
-71560
-71438
-71363
-71200
-71134
-70636
-70301
-69860
-69532
-69422
-69170
-68982
-68832
-68623
-68505
-68494
-68165
-67592
-67582
-67554
-67550
-67396
-67196
-67116
-67095
-67083
-66952
-66621
-66574
-66361
-66302
-66263
-65914
-65763
-65715
-64736
-64674
-64429
-64107
-64045
-64030
-64010
-63987
-63952
-63932
-63741
-63064
-62742
-62129
-62039
-61220
-60570
-60451
-60439
-60385
-60284
-59665
-59608
-59232
-59209
-59124
-59007
-58850
-58721
-58455
-58425
-58162
-58007
-57655
-57287
-56563
-56557
-56432
-56209
-56196
-56049
-55920
-55647
-55619
-55594
-55481
-55040
-54989
-54775
-54744
-54602
-54244
-54168
-53953
-53890
-53847
-53796
-53729
-53533
-53408
-53200
-53184
-53068
-52502
-52461
-52446
-52262
-52209
-52164
-51260
-51233
-51017
-50873
-50795
-50373
-49872
-49486
-49342
-49202
-49197
-48870
-48221
-48135
-47537
-47458
-47420
-47146
-47084
-46950
-46912
-46644
-46108
-45738
-45647
-45638
-45549
-45424
-44840
-44500
-44137
-43550
-43450
-43337
-43175
-42775
-42524
-42434
-42313
-42259
-42244
-42022
-41899
-41870
-41779
-41730
-41663
-41509
-41040
-40816
-40362
-40203
-40100
-40071
-39700
-39559
-39541
-39394
-39200
-38652
-38200
-38045
-37394
-37222
-37129
-37038
-37004
-36849
-36593
-36430
-36318
-36177
-35982
-35784
-35458
-35429
-34979
-34847
-34823
-34737
-34686
-34455
-34293
-33912
-33849
-33835
-33649
-33191
-32868
-31859
-31542
-31363
-31289
-31195
-31170
-31010
-30995
-30926
-30782
-30693
-30645
-30440
-30129
-29846
-29600
-29392
-29123
-28915
-28701
-28502
-28487
-28350
-28250
-28155
-28147
-27964
-27845
-27687
-27585
-27514
-27280
-27069
-27064
-26511
-26494
-26307
-26240
-26229
-26222
-26082
-25805
-25443
-25296
-25060
-24616
-24544
-24429
-24021
-23947
-23688
-23385
-23331
-23124
-23058
-22844
-22616
-22335
-22275
-22031
-21862
-21195
-21157
-20424
-20402
-20093
-19505
-19321
-19075
-19023
-18956
-18938
-18833
-18793
-18552
-18105
-17746
-17640
-17366
-17231
-16841
-16639
-16500
-16458
-16416
-16084
-16003
-15735
-15415
-15351
-14911
-14867
-14826
-14743
-14600
-14361
-14137
-14111
-13856
-13567
-13234
-13201
-13014
-12631
-12442
-11949
-11901
-11750
-11266
-10963
-10697
-10560
-10243
-10138
-10096
-10080
-10076
-9937
-9631
-9081
-8905
-8665
-7806
-7619
-7475
-7382
-7376
-6864
-6753
-6643
-6517
-5967
-5903
-5722
-5163
-5142
-4821
-4339
-3715
-3636
-3374
-2681
-2147
-1949
-1638
-1487
-1327
-1235
-1060
-1044
-845
-614
-340
-232
-186
-167
-116
-95
118
273
596
1078
1176
1711
1851
1891
2237
2378
2403
2609
2776
2844
2906
3387
3395
3499
3563
3580
3898
3949
4011
4041
4159
4190
4403
4657
5592
5675
5697
6331
6460
7099
7189
7217
7517
8167
8407
8524
8809
8899
8923
9233
9234
9357
9699
9701
9717
10354
10733
10925
11200
11401
11871
11900
12646
12654
12963
13097
13120
13363
13672
13697
13953
13978
14063
14101
14246
14350
14505
14596
14754
14780
15030
15337
15470
15599
15663
15718
15948
16131
16308
16326
17079
17537
17718
17936
18051
18478
18549
18923
18937
19177
19423
19646
19654
19980
20451
20856
21019
21178
21494
21532
21707
22051
22153
22186
22286
22470
22492
22743
23016
23211
23263
23324
23691
23758
24261
24593
24667
24835
24900
24906
25011
25160
25254
25374
25514
25760
26433
26614
26954
27287
27792
28022
28030
28251
28560
29003
29162
29547
29669
29777
29894
29942
30040
30366
30664
31101
31798
31886
31959
31993
32200
32300
32326
32554
32791
32840
33090
33193
33228
33286
33315
33323
33808
33837
33980
34074
34276
34298
34439
34656
34665
34934
35073
35088
35210
35220
35320
35464
35798
35848
36159
36659
36705
36735
37777
37800
37840
38014
38485
38575
38858
39647
39783
40648
40803
40807
40837
41194
41227
41289
41715
41774
41855
41864
42222
42251
42416
42808
43177
43330
43507
43769
44002
44193
44373
44490
44871
45041
45383
45491
45872
46111
46366
46411
46849
46975
47000
47046
47125
47330
47792
48018
48237
48617
48836
48975
49105
49230
49300
49480
49486
49507
50643
50944
51336
51557
51617
52110
52570
52702
52949
53000
53038
53064
53227
53378
53413
53481
53539
54130
54759
54867
54924
54948
54949
55588
56309
56445
56587
56634
56857
57402
57447
57866
57939
58080
58087
58247
58342
58512
58603
59418
59509
60198
60280
60578
60600
60974
61002
61175
61187
61303
61608
61731
61800
61854
62029
62142
62151
62164
62476
62569
62631
62664
63214
63415
63487
64087
64439
64492
64530
65021
65228
65424
65485
65527
65985
66005
66045
66140
66184
66287
66435
66446
66677
66799
66968
67024
67170
67235
67437
67484
67573
68471
68503
68515
68590
68609
69111
69153
69172
69477
69487
69818
69955
69959
70162
70408
70549
70613
70632
70720
70839
71373
71478
71503
71773
71776
72393
72469
72658
73104
73139
73176
73456
73658
73735
73943
74144
74369
74435
74634
74911
75069
75167
75363
75427
75444
75976
76244
76468
76559
76601
76678
76813
76839
76864
77140
77351
77810
77957
77997
78195
78414
78542
79159
79265
79370
79460
79519
79546
79952
79954
79995
80086
80245
80248
80503
81154
81162
81293
81350
81581
82458
82771
82784
85675
85699
85703
86225
86322
86476
86574
86597
86661
86767
86963
86981
87362
87989
88845
88853
88909
89240
89365
89385
89625
89769
89816
90440
90578
90893
90948
91384
91600
91683
91805
91889
92140
92222
92405
92443
92846
92972
93201
93213
93439
93914
93968
94330
94472
94611
94625
94635
94653
95118
95368
95430
95552
95627
95663
95705
95966
96108
96167
96180
96191
96393
96485
96518
96539
96566
96680
96872
97063
97087
97166
97432
97769
97791
97934
98233
98943
99208
99271
99387
99765
99811