-99877
-99523
-99486
-99353
-99207
-98617
-98471
-98357
-98018
-97881
-97767
-97700
-97677
-97519
-97159
-96866
-96814
-96314
-95896
-94932
-94536
-93901
-93451
-93182
-93088
-93084
-92522
-92311
-92303
-92229
-92109
-91811
-91803
-91128
-91051
-90977
-90885
-90778
-90563
-90537
-90519
-90440
-90359
-89816
-89653
-89506
-89458
-89359
-89350
-88784
-88184
-88138
-88117
-87896
-87543
-87499
-87434
-87410
-87016
-86529
-86011
-85683
-84667
-84466
-84416
-84066
-84007
-83823
-83431
-82452
-82429
-82232
-82130
-81976
-81787
-81582
-81280
-81131
-80847
-79981
-79675
-79613
-79557
-79422
-79383
-79008
-78609
-78604
-77946
-77813
-77780
-77570
-77448
-77433
-77182
-76974
-76844
-76815
-76682
-76604
-76497
-76395
-76284
-76249
-76140
-76135
-76031
-76011
-75854
-75805
-75673
-75522
-75227
-74770
-74230
-74200
-74049
-74048
-73986
-73978
-73893
-73649
-73141
-72825
-72670
-72275
-72226
-71748
-71149
-70688
-70443
-70119
-69695
-69695
-69616
-69587
-69472
-67128
-66844
-66588
-66071
-65947
-65898
-65877
-65866
-65776
-65633
-65604
-65552
-65458
-65389
-65053
-64837
-64646
-64549
-64276
-63940
-63887
-63838
-63793
-63425
-63195
-63168
-62772
-62735
-62700
-62621
-62525
-62441
-62376
-62374
-62283
-61884
-61594
-61541
-61517
-61505
-61343
-60346
-60307
-59571
-59567
-59559
-58838
-58781
-58673
-58641
-58380
-58214
-57749
-57402
-57312
-57277
-57176
-57164
-56867
-56616
-56616
-56542
-56298
-55915
-55849
-55410
-55398
-55309
-55260
-55072
-54984
-54862
-54714
-54355
-54236
-54110
-53842
-53126
-52900
-52868
-52727
-52580
-52507
-52421
-52227
-52052
-51795
-51712
-51230
-51000
-50861
-50742
-50679
-50547
-50369
-49828
-49792
-49636
-48948
-48573
-48412
-48185
-48184
-48009
-47210
-47048
-47038
-46933
-46555
-46300
-46204
-45983
-45733
-45145
-44993
-44920
-44447
-44376
-44303
-44158
-43625
-43607
-43532
-43448
-43429
-43385
-43265
-42720
-41847
-41385
-40995
-40634
-40615
-40359
-40266
-39963
-39747
-39612
-39462
-39450
-39099
-38830
-38766
-38630
-38460
-38277
-38222
-37793
-37081
-36987
-36826
-36746
-36436
-35997
-35831
-35791
-35289
-35217
-34946
-34804
-34787
-34709
-34136
-34085
-33501
-33272
-33202
-32980
-32954
-32901
-32837
-32422
-32311
-31780
-31624
-31589
-31549
-31474
-31153
-31108
-31093
-30793
-30433
-30414
-30283
-30137
-30044
-29949
-29593
-29140
-29033
-28846
-28756
-28707
-28457
-28251
-27934
-27889
-27848
-27677
-27590
-27392
-27238
-26696
-26664
-26500
-26419
-26391
-26389
-25755
-25678
-25558
-25456
-25218
-24934
-24549
-24547
-24470
-24364
-23969
-23751
-23614
-22725
-22316
-22184
-22100
-22090
-22063
-21713
-21656
-21508
-21204
-21110
-20925
-20897
-20761
-20501
-20367
-20244
-19708
-19615
-19431
-19336
-18817
-18809
-18039
-17947
-17935
-16965
-16859
-16718
-16699
-16652
-16548
-16547
-16231
-16058
-16011
-15871
-15815
-15781
-15681
-15548
-15476
-15470
-15180
-14736
-14499
-14497
-14424
-14366
-13955
-13571
-13494
-13431
-13383
-13121
-13098
-12765
-12685
-12588
-12536
-12242
-12238
-11909
-11741
-11634
-11196
-10767
-10637
-10601
-10581
-10505
-10421
-10120
-10028
-9566
-9503
-9486
-9402
-9270
-8806
-8598
-8422
-8162
-8142
-7994
-7589
-7100
-7084
-6568
-5874
-5504
-5261
-5198
-4570
-4382
-4279
-3978
-3920
-3899
-3776
-3690
-3638
-3630
-3399
-3108
-3043
-2584
-1966
-1878
-1628
-1428
-1407
-1327
-1167
-1086
-1013
-934
-809
-629
-393
-360
-225
-97
20
327
408
437
555
1444
1742
1756
1796
1974
2317
2799
2953
3048
3054
3092
3163
3417
3436
3508
3620
4026
4059
5113
5125
5251
5403
5542
5609
5636
5774
5795
5846
6916
7382
7465
8052
8145
8194
8425
8441
9029
9058
9227
9249
9702
9713
9864
9955
9970
10094
10676
10921
10999
11056
11527
11574
11674
12078
12542
12669
13364
13437
13651
13768
14144
14360
14373
14594
14806
14850
15206
15312
15459
16220
16256
16334
16437
16591
16642
16650
16679
16848
17307
17409
17538
17808
17993
18453
18553
18885
19502
19543
19623
19941
19997
20418
20463
20472
20739
20822
21392
21501
21542
21904
21937
22183
22309
22694
22816
22829
22907
23079
23275
23621
23920
23940
24003
24023
24095
24109
24146
24545
24714
24800
24903
25009
25270
25271
25626
25864
25935
26321
26419
26819
27241
27635
27719
28046
28170
28202
28434
28643
28685
28718
28753
28806
29086
29270
30009
30103
30299
30416
30737
30782
30839
30841
30947
31465
31921
32036
32115
32352
32358
32363
32529
32560
32615
32759
32830
32935
33177
33393
33412
33499
33604
33707
34120
34163
34653
34744
35079
35834
35835
35856
36096
36559
37172
37399
37444
37525
37667
37681
38223
38766
38799
38815
39876
40085
40131
40691
40762
41189
41300
41324
41372
41395
41460
41479
41605
42046
42223
42275
42458
42472
42533
42944
43716
43784
43962
44073
44463
44606
45088
45147
45469
45613
45640
45812
45874
46126
47197
47526
47786
47928
48674
48698
49342
49758
49947
49962
49988
50933
51039
51334
51346
51474
51620
51782
52120
52131
52194
52234
52457
52623
53223
53378
53565
53640
53807
53967
54168
54210
54375
54437
54569
54587
54686
54757
54983
55004
55103
55158
55382
55390
55399
55785
55941
56049
56183
56230
56275
56293
57193
57201
57313
57821
57993
58133
58772
58995
59003
59405
59845
59911
59969
60261
60597
61050
61104
61161
61360
62122
62206
62331
62921
62993
63221
63237
63389
63455
63515
63684
63755
64202
64382
64885
66020
66313
66397
66601
66728
66796
67030
67050
67363
67437
67834
68054
68113
68521
68880
69035
69232
69516
69614
69669
70012
70425
71494
71501
71771
72027
72291
72738
72862
72914
72928
72956
72977
73411
73429
73620
73645
73649
73848
73955
74017
74187
74315
74486
74559
74968
75527
75747
75795
75863
76018
76253
76490
76756
76783
77188
77309
77347
77386
77497
78032
78317
78527
78708
78742
78813
79023
79246
79424
79689
79863
79934
79981
80115
80173
80233
80262
80269
80329
80374
80598
80815
80907
80965
81096
81227
81405
81408
81438
81553
81732
81877
81987
82080
82157
82377
83019
83118
83603
83780
83891
84047
84462
84552
84740
84837
85241
85371
85456
85570
85582
85731
85838
85869
86055
86191
86251
86401
86527
86770
86973
87041
87082
87338
87462
87960
87966
88035
88093
88127
88840
88844
88964
89158
89184
89187
89379
89644
89775
89777
90276
90324
90433
90441
90599
90739
91060
91065
91280
91681
91690
92382
92542
92616
92771
92772
92790
93312
93320
93471
93834
93858
93909
93911
94023
94025
94201
94263
94271
94591
94781
94862
95201
95317
95539
95682
95782
95908
96214
96239
96363
96382
96529
96974
97073
97402
97813
98000
98143
98248
98626
98682
98752
98755
99040
99071
99345
99490
99707
99963
99968