-99595
-99147
-99120
-98664
-97941
-97940
-97775
-97582
-97551
-97063
-96809
-96584
-96392
-95943
-94830
-94679
-94593
-94406
-94150
-94041
-93030
-92800
-92548
-92419
-92418
-92418
-92040
-92008
-91846
-91662
-90299
-90292
-90083
-90072
-89937
-89807
-89710
-89267
-89071
-89009
-88999
-88925
-88644
-88605
-87705
-87525
-87371
-87135
-86859
-86247
-85511
-84856
-84594
-84559
-84529
-84374
-84248
-84007
-83748
-83544
-83478
-83400
-82976
-82840
-82181
-82044
-82005
-81969
-80703
-80574
-80430
-80003
-79947
-79566
-79425
-79350
-79323
-79247
-79245
-79071
-78630
-78135
-78020
-77871
-77659
-77141
-77026
-76636
-76497
-76463
-75992
-75878
-75782
-75765
-75705
-75651
-74923
-74831
-74449
-74259
-74229
-74202
-73890
-73557
-73027
-72806
-72612
-72257
-72208
-72011
-71943
-71882
-71839
-71274
-71135
-71059
-70177
-70133
-70129
-69934
-69543
-69425
-69418
-69207
-69182
-69090
-68856
-68681
-68604
-68361
-68249
-68233
-67906
-67720
-67715
-67657
-67480
-67216
-67099
-66805
-66746
-66561
-66523
-65884
-65251
-65222
-65134
-64913
-64261
-64231
-64056
-63655
-63572
-63159
-63044
-63012
-62865
-62568
-62205
-62035
-61877
-61830
-61636
-60908
-60205
-60176
-60089
-59846
-59056
-58750
-58683
-58529
-58517
-58138
-58086
-57977
-57947
-57894
-57821
-57594
-57165
-57136
-56952
-56730
-56675
-56543
-55507
-55391
-55149
-54922
-54757
-54599
-53997
-53727
-53697
-53673
-53218
-53194
-53076
-52975
-52425
-52407
-52301
-52158
-52098
-51061
-50766
-50712
-50621
-50442
-49881
-49876
-49711
-49323
-48549
-48485
-48218
-48185
-48135
-47641
-47536
-47394
-47153
-47126
-46921
-46729
-46700
-45903
-45281
-45136
-45055
-44839
-43940
-43879
-43339
-43199
-43054
-43013
-43011
-42568
-41662
-41431
-41407
-41308
-41164
-41118
-41043
-40509
-40153
-40045
-39953
-39564
-39488
-39415
-39363
-39334
-39183
-38784
-38662
-38633
-38536
-38213
-37927
-37854
-37714
-37691
-36553
-36534
-36169
-36043
-35695
-34953
-34891
-34811
-34681
-34582
-34121
-33567
-33497
-33204
-33185
-33126
-33050
-32881
-32783
-32776
-32503
-32473
-32318
-32305
-31940
-31679
-31426
-31356
-31347
-31238
-31006
-30982
-30970
-30539
-30353
-30292
-30095
-30019
-29846
-29826
-29262
-29014
-29008
-28970
-28634
-28146
-27971
-27836
-27744
-27532
-27505
-27334
-27310
-27163
-26808
-26733
-26658
-26647
-26422
-26344
-26201
-26128
-26085
-26077
-25714
-25677
-25572
-25205
-25152
-24946
-24747
-24616
-24505
-24325
-24192
-23873
-23843
-23597
-23578
-23304
-23270
-23125
-22274
-22007
-21810
-21773
-21558
-21479
-20914
-20908
-20587
-20571
-20423
-20187
-20108
-20022
-19948
-19807
-19567
-19419
-19232
-19009
-18764
-18745
-18637
-18517
-18414
-18258
-18249
-17424
-17413
-16549
-16475
-16454
-16421
-16307
-15710
-15014
-14813
-14764
-14674
-14534
-14365
-13857
-13822
-13811
-13678
-13006
-13004
-12994
-12751
-12041
-11771
-11690
-11656
-11444
-11401
-11197
-11150
-11106
-10876
-10629
-10622
-10281
-10278
-10083
-9460
-8978
-8941
-8841
-8704
-8606
-8064
-7929
-7523
-7419
-7344
-6871
-6843
-6505
-6199
-6009
-5990
-5642
-5489
-5198
-5082
-5070
-5023
-4810
-4416
-4210
-4197
-4059
-3987
-3711
-3627
-3609
-3440
-3418
-3151
-2258
-2056
-1996
-1991
-1908
-1670
-510
-253
873
1130
1142
1339
1397
1417
1605
1742
1935
2074
2137
2600
2669
2690
2729
2837
3091
3327
3973
4841
4849
4863
5051
5126
5148
5377
5705
5737
5757
5891
5909
5927
6036
6323
6352
6424
6531
6708
6826
6865
7234
7863
7943
8010
8193
8503
8653
8682
8985
9022
9073
9600
9644
9689
9886
10031
10180
10196
10712
10759
10769
11282
11341
11556
11576
12098
12373
12548
12608
13258
13355
13418
13432
13464
13544
13642
13689
13902
13905
14150
14179
14291
14292
14430
14500
14607
14744
14963
15381
15545
15817
15872
15985
15995
16047
16224
16341
16719
16903
17339
17659
17813
18268
18298
18411
18520
18530
19292
19317
19423
19486
19590
19609
19642
19715
20176
20263
20657
20815
20860
20902
20957
21025
21246
21331
21801
22098
22521
22884
23041
23045
23153
23258
23408
23515
23595
23669
23673
23732
23807
23837
24273
24725
24736
24768
24986
25518
25711
26080
26232
26523
26757
26854
27210
27318
27541
27602
27721
27743
27800
28088
28206
28249
28274
28505
28580
28613
28741
29123
29133
29521
29752
30119
30265
30269
30415
30542
30815
31330
31378
31379
31461
31465
31489
31498
31592
32292
32634
33243
33422
33694
33830
33950
34036
34365
34591
34644
34656
34695
34699
35097
35229
35424
36301
36302
36344
36383
36426
36435
36528
36843
36866
37018
37094
37168
37702
37735
37922
38080
38498
38658
38668
39047
39469
39527
39710
39754
40991
41082
41153
41262
41354
41373
41535
41910
42058
42152
42233
42563
43085
43357
43698
44103
44143
44246
44610
44892
45182
45199
45213
45393
45962
46088
46116
46236
46394
46583
46788
46910
46990
47296
47512
47814
47984
48261
48428
48668
48873
48888
49240
49424
49467
49556
50028
50473
50500
50511
51000
51114
51449
51512
51616
51618
51810
51860
52175
52410
52553
52781
52791
53009
53065
53310
53321
53324
53485
53738
54306
54334
54809
54953
55232
55535
55731
56013
56135
56412
56678
56790
57582
57852
57922
58034
58042
58244
59236
59372
59470
59487
59514
60021
60099
60250
60321
60415
60423
60636
60751
61400
61475
61561
61647
61875
62784
62806
63114
63213
63522
63634
63918
64724
65034
65054
65130
65350
65377
65382
65546
65848
66166
66345
66668
66837
66957
66978
67011
67059
67100
67144
67225
67306
67380
67458
67480
67540
67575
67592
67723
67917
68199
68310
68340
68680
69117
69182
69215
69392
69531
69536
69923
70096
70188
70272
70328
70439
70492
70522
70954
71061
71098
71100
71225
71492
71697
72051
72086
72207
72300
72338
72750
72754
73180
73284
73692
74100
74436
74512
74584
74604
74612
74623
74738
74763
74854
75017
75429
75611
75705
76039
76179
76253
76286
76376
76945
77223
77353
77514
77661
77892
78002
78179
78349
78452
78462
78683
78811
79033
79082
79092
79169
79236
79331
79506
79603
80104
80435
80486
80566
80567
80654
80750
80902
80945
81199
81226
81923
82072
82102
82274
82284
82857
83149
83517
83987
84294
84327
84340
84510
84845
85117
85141
85302
85961
86246
86273
86574
86873
86954
87240
87406
87596
87843
88035
88309
88471
89272
89289
89408
89631
89946
90143
90375
90435
90743
90873
90917
91077
91354
91394
91936
91980
92148
92544
92568
92679
92763
92770
92886
93141
93243
93307
93357
93530
93642
93746
94239
94348
94423
94472
94498
94608
94739
95570
96198
96661
96982
97249
97453
97629
97753
97774
97791
97897
97966
97988
98161
98221
98486
98709
98753
99143
99318
99422
99423
99570