-99991
-99753
-99335
-99149
-98918
-98327
-98311
-98251
-98243
-98143
-97703
-96700
-96584
-96568
-96562
-96345
-96207
-95853
-95827
-95350
-95006
-94520
-94168
-93363
-93203
-92689
-92666
-92432
-91836
-91656
-91455
-91351
-90939
-90736
-90735
-90721
-90688
-90659
-89865
-89806
-89797
-89790
-89690
-89539
-89487
-89300
-89248
-89206
-89136
-89005
-88983
-88643
-88307
-88041
-87987
-87985
-87972
-87406
-87252
-87111
-86994
-86359
-86132
-86037
-85902
-85578
-85499
-85486
-85255
-85242
-85050
-84986
-84708
-84465
-84444
-84249
-84003
-83899
-83572
-83569
-83547
-83543
-83426
-83391
-83210
-83036
-82887
-82781
-82187
-81836
-81366
-81128
-81062
-81029
-80984
-80622
-80582
-80283
-79932
-79475
-79356
-79106
-79079
-79062
-79025
-78969
-78666
-78580
-78398
-78243
-78123
-78055
-78023
-77971
-77863
-77448
-77084
-77062
-76986
-76822
-76578
-76549
-76517
-76417
-76260
-76104
-76069
-76029
-75954
-75859
-75818
-75794
-75739
-75724
-75531
-75448
-75383
-75378
-75305
-75196
-75140
-75053
-74938
-74869
-73981
-73884
-73799
-73476
-73137
-73072
-72873
-72845
-72273
-72237
-72064
-72027
-71937
-71807
-71650
-71105
-70633
-70396
-70382
-70223
-70206
-69863
-69662
-69449
-68706
-68647
-68480
-68165
-68129
-68066
-67985
-67726
-67721
-67708
-67655
-67564
-67366
-67294
-67291
-67187
-67170
-66575
-66531
-66499
-66489
-66374
-66343
-66094
-66024
-65667
-65588
-65566
-65257
-64746
-64623
-64568
-64426
-64372
-64150
-64036
-64035
-63747
-63669
-63161
-62994
-62707
-62500
-62202
-61708
-61652
-61502
-61289
-61194
-61188
-61166
-61098
-61059
-61024
-60749
-60671
-60385
-60292
-59701
-59406
-59326
-59283
-59259
-58661
-58642
-58473
-58468
-58405
-58308
-58195
-58119
-57811
-57811
-57563
-57436
-56983
-56841
-56530
-56455
-56257
-56157
-56125
-55892
-55493
-55475
-55301
-55173
-54698
-54684
-54267
-53971
-53905
-53799
-53666
-53388
-53340
-53195
-53077
-52449
-52364
-52290
-52223
-52171
-51628
-51579
-50836
-50361
-50278
-50088
-49896
-49725
-49567
-49321
-48989
-48931
-48678
-48560
-48199
-48122
-47693
-47687
-47617
-47153
-46796
-46467
-46317
-46139
-45639
-45548
-45497
-45344
-45275
-45189
-44804
-44613
-44275
-44094
-44026
-43969
-43806
-43679
-43591
-43436
-43386
-43140
-43000
-42847
-42579
-42006
-41828
-41482
-41460
-41301
-41099
-41092
-40636
-40421
-40288
-39979
-39529
-39413
-39296
-39033
-39007
-38832
-38819
-38762
-38581
-38346
-38261
-38073
-37837
-37754
-37486
-36644
-36068
-36047
-35493
-35441
-35391
-35092
-34737
-34181
-34168
-33934
-33877
-33423
-32948
-32539
-32213
-32164
-32056
-32055
-31872
-31706
-31690
-31608
-31392
-30941
-30882
-30857
-30544
-30375
-30375
-30015
-29909
-29698
-29680
-29666
-29622
-29613
-29304
-29003
-28978
-28885
-28727
-28556
-28389
-28012
-27928
-27555
-27508
-26898
-26843
-26812
-26338
-25946
-25823
-25667
-25598
-25565
-25369
-25317
-25307
-25072
-24911
-24886
-24341
-24291
-24238
-23895
-23774
-23682
-23595
-23372
-22865
-22292
-21897
-21778
-21693
-21601
-21543
-21282
-20860
-20821
-20712
-20699
-20388
-20321
-19756
-19329
-18722
-17820
-17593
-17289
-17226
-17203
-17183
-17124
-16864
-16800
-16456
-16176
-16023
-15988
-15882
-15831
-15629
-15522
-15452
-15185
-15110
-15009
-14898
-14763
-13941
-13807
-13654
-13442
-13355
-12904
-12792
-12683
-12558
-12496
-12397
-12126
-12040
-11962
-11873
-11738
-11655
-11505
-11101
-11052
-10858
-10452
-10364
-10217
-10128
-9861
-8995
-7990
-7708
-7580
-7537
-7442
-7126
-7071
-6607
-6556
-6134
-5972
-5916
-5712
-5367
-5320
-5123
-5050
-4998
-4451
-4445
-4201
-3747
-3449
-3306
-3090
-2819
-2632
-2514
-2144
-2014
-1881
-1725
-1690
-1681
-1571
-1324
-1170
-1032
-875
-863
-530
-527
27
27
62
261
291
519
898
1360
1482
1605
1986
1999
2011
2295
2445
2505
2615
2748
2779
2857
3082
3820
3859
3988
4349
4366
4453
4731
4732
4764
4853
5068
5079
5232
5561
5740
6130
6378
6409
6415
6455
6731
6838
7255
7639
7746
7794
7849
8338
8352
8445
8576
8797
9370
9450
9969
10024
10190
10274
10433
10454
10480
10553
10682
11349
11915
11999
12207
12798
13113
13160
13175
13185
13805
14660
14663
14794
14828
14878
15021
15193
15232
15291
15495
15812
15832
16140
16688
16899
17060
17102
17211
17301
17376
17410
17751
18177
18364
18722
18730
18791
18872
18891
18935
19789
20188
20246
20669
21042
21045
21099
21292
21473
21559
21692
21730
21820
21883
21954
21983
22004
22079
22286
22654
22697
22767
22965
23080
23146
23350
23365
24029
24366
24472
24674
24791
24934
25221
25375
26432
26634
26890
27164
27838
27892
28138
28235
28578
28688
29104
29327
29436
29588
29616
29691
29698
29831
29928
30047
30117
30223
30310
30558
30579
30597
30833
31095
31175
31322
31346
31356
31522
31636
31850
32312
32715
32732
32764
33228
33308
33539
33845
33911
34009
34096
34111
34125
34137
34677
34861
34945
35027
35226
35272
35352
35412
35603
37027
37325
37393
37451
37521
37647
37686
37804
38239
38574
38718
38907
39703
40100
40479
40944
40948
41135
41179
41292
41328
41593
41756
41886
42189
42445
42707
43426
43491
43551
43792
44097
44687
44791
44813
45098
45216
45370
45519
45613
45668
45766
45808
45823
45871
45919
46163
46894
47224
47245
47550
47557
47572
48067
48310
48387
48492
49013
49035
49086
49139
49199
49605
49753
49805
49922
49943
50069
50222
50648
52143
52269
52390
52458
52473
52885
52896
52931
53047
53125
53344
53360
53371
53545
54091
54144
54800
54926
55473
55597
55770
56171
56519
56730
56772
57173
57450
57533
57613
57665
58099
58783
58905
58983
59071
59306
59501
59578
59771
60137
60445
60562
60578
60628
60674
62479
62669
62974
63015
63172
63196
63705
63744
63790
63816
63821
63890
64449
65072
65459
65699
66241
66323
66584
66616
66752
67300
67384
67648
68181
68481
68731
69317
69431
69906
70073
70152
70409
70457
70466
70519
70718
71047
71117
71765
71852
72429
72574
72755
72903
72938
73393
73476
73829
73844
74058
74065
74092
74548
74768
74948
74952
75028
75341
75639
75694
76223
76699
76840
77564
77875
78003
78186
78263
78735
78774
78911
79205
79508
79806
80155
80454
80507
80551
80711
80969
81322
81361
81547
81688
82703
83801
83850
83856
83904
83958
84248
84328
84535
84852
85098
85376
85425
85519
85752
86130
86194
86229
86498
86530
86588
86786
87331
87357
87532
87727
87758
87950
88074
88136
88361
88362
88398
88583
88641
88644
88761
88877
89041
89222
89370
89407
89644
90173
90242
90949
91614
91770
91779
92098
92293
92855
93305
93421
93498
93556
94019
94470
94729
94878
95067
95091
95245
96248
96714
96745
97094
97505
97527
97724
98457
98542
98578
98715
98737
98856
98907
99161
99201
99613
99908