-99368
-98922
-98788
-98519
-98283
-98174
-97912
-97781
-97350
-96820
-96304
-96111
-95960
-95871
-95788
-95778
-95633
-95597
-95489
-95469
-95403
-95323
-94578
-94339
-93881
-93873
-93545
-93509
-93458
-93414
-93325
-93092
-93074
-93021
-92763
-92261
-92255
-92129
-91998
-91670
-91291
-91161
-91110
-91054
-90872
-90720
-90407
-90377
-90202
-90197
-90014
-89638
-89569
-89357
-89094
-88946
-88852
-88544
-88454
-87974
-87791
-87435
-87425
-87417
-87384
-87240
-87220
-86141
-86042
-85989
-85604
-85445
-85241
-85165
-84991
-84871
-84810
-84761
-84473
-84421
-83547
-83520
-83354
-82860
-82784
-82648
-82337
-82064
-81661
-81538
-81243
-80945
-80655
-79884
-79613
-79555
-78674
-78592
-78499
-78255
-78237
-78109
-78035
-77717
-77700
-77569
-77501
-77200
-77107
-77084
-77078
-76830
-76811
-76683
-76672
-76631
-76492
-76414
-76217
-76160
-76085
-75894
-75503
-75352
-75182
-74973
-74676
-74582
-74365
-74293
-73250
-73214
-73121
-72981
-72896
-72762
-72572
-72384
-72046
-71947
-71754
-71723
-71681
-71498
-71433
-70878
-70815
-70762
-70558
-70389
-70350
-70318
-70093
-69974
-69736
-69733
-69674
-69645
-69530
-69219
-68634
-68485
-68315
-68296
-68165
-67964
-67775
-67705
-67396
-67352
-67273
-67044
-66781
-66539
-66418
-66268
-65767
-65743
-65719
-65343
-65262
-65050
-64885
-64883
-64778
-64775
-64753
-64721
-64483
-64205
-63947
-63851
-63779
-63556
-63277
-63115
-63112
-62582
-62447
-62204
-61698
-61312
-61218
-60977
-60882
-60876
-60874
-60777
-60724
-60616
-60555
-60391
-60121
-60031
-59783
-59628
-59592
-59300
-59300
-58842
-58314
-58198
-58102
-58095
-58061
-57736
-57660
-57500
-57358
-57264
-57077
-56991
-56873
-56707
-56448
-56231
-56067
-55851
-55417
-55320
-55319
-55084
-54841
-54824
-54754
-54624
-54162
-54018
-53833
-53539
-53248
-52906
-52697
-52638
-52587
-52568
-52061
-51504
-50964
-50954
-50699
-50588
-50249
-50131
-49999
-49795
-49673
-49643
-49630
-49368
-49344
-48262
-48236
-47904
-47712
-47385
-47074
-47039
-46900
-46866
-46840
-46791
-46706
-46563
-46495
-46436
-46256
-46158
-46089
-45940
-45508
-45247
-45242
-45005
-44563
-44247
-44237
-44113
-43898
-43865
-43860
-43846
-43807
-43780
-43727
-43685
-43237
-43114
-42598
-42371
-42332
-42026
-41722
-41672
-41661
-41580
-41500
-41426
-41279
-41266
-40831
-40614
-40431
-40411
-40072
-39823
-39331
-39168
-39152
-38959
-38957
-38507
-38455
-38306
-38176
-38055
-37901
-37562
-36991
-36890
-36332
-36005
-35646
-35390
-35192
-35016
-34834
-34248
-34212
-34058
-34037
-33957
-33885
-33584
-33504
-33280
-32016
-31884
-31569
-31529
-31521
-30716
-30521
-30461
-30387
-30303
-30278
-30123
-30053
-29797
-29773
-29568
-29398
-29250
-29188
-28923
-28642
-28437
-28130
-28046
-27976
-27736
-27352
-27253
-27144
-27117
-26952
-26754
-26173
-25509
-25365
-25285
-24994
-24912
-24611
-24604
-24532
-24417
-24175
-23993
-23755
-23670
-23437
-23217
-23142
-22819
-22269
-22060
-21724
-21699
-21427
-21168
-20712
-20711
-19839
-19823
-19536
-19504
-18489
-17995
-17661
-17412
-17061
-17056
-16920
-16262
-16201
-16071
-15167
-14947
-14627
-14470
-14406
-14269
-13806
-13578
-13537
-13254
-13245
-13012
-12588
-12273
-12260
-12057
-11575
-11262
-11238
-10734
-10696
-10650
-10593
-10570
-10112
-10045
-9960
-9775
-9342
-9033
-8738
-8504
-8060
-7910
-7057
-6925
-6773
-5927
-5890
-5707
-5577
-5179
-5055
-4932
-4741
-4550
-4366
-4179
-4111
-4070
-4035
-3962
-3371
-3061
-3060
-2847
-2783
-2739
-2688
-2684
-2297
-2022
-1971
-1922
-1665
-1605
-1593
-1472
-1455
-1333
-1060
-979
-808
-509
-503
-219
56
96
222
982
1216
1310
1540
2232
2283
2409
2540
2548
3233
3236
3596
3766
3799
3899
4160
4315
4360
4464
4666
4831
4875
4975
5327
5395
6071
6111
6316
6441
6510
6648
7069
7660
7787
8144
8429
8673
8677
8789
8945
9117
9130
9184
9218
9305
9436
9581
9762
9800
10041
10793
11010
11028
11313
11442
11614
11634
11705
11846
12117
12263
12294
12294
12563
12616
12650
12778
13603
13691
13703
13910
13934
13942
14164
14424
14483
14937
15427
15507
16070
16332
16530
16882
17059
17318
17373
17377
17514
17747
18133
18215
18318
18342
18811
19374
19772
20000
20264
20600
20775
20830
20906
20919
21055
21057
21136
21523
22543
22762
23919
23969
24052
24158
24259
24315
24339
24507
24821
25066
25154
25160
25344
25354
25395
25685
26090
26171
26186
26465
26837
27155
27342
27382
27418
27468
27477
27674
27897
27940
29035
29195
29533
29606
29691
30054
30577
30761
30902
30914
30938
31166
31326
31349
32015
32657
32759
32766
32957
33522
33744
33770
33831
33936
34045
34077
34140
34225
34231
34257
34365
34983
35118
35535
35707
36428
36486
36803
36879
36932
37062
37129
37222
37300
37495
37693
37751
37825
37850
37866
38963
38981
39142
39429
39523
39576
39580
39628
39658
39764
40151
40393
40598
40709
40821
40822
40827
41078
41119
41149
41431
41650
41755
42092
42208
42345
42520
42707
42836
43373
43609
43908
44056
44177
44720
45856
45985
46105
46326
46434
46490
47648
47843
47894
48304
48920
49194
49290
49402
49838
50580
50660
50710
51042
51454
51507
51674
51719
51982
52033
52440
52648
52710
52865
53570
53684
53774
53786
53979
54104
54322
54502
55249
55358
55552
55821
55844
56047
56219
56419
56512
56539
56637
56668
56755
57366
57401
57695
57752
57897
58002
58472
58487
58530
58730
58778
58950
59053
59137
59246
59614
59669
59749
59929
60055
60095
60141
60195
60363
60364
60400
60775
60947
61178
61348
61416
62347
62688
63415
63593
63723
63728
64128
64207
64282
64315
64708
64852
64856
64875
64960
65227
65466
65908
66202
66271
66386
66407
66670
66694
66776
67219
67597
67991
68025
68106
68380
68691
68914
69443
69478
69735
69760
69767
70421
70838
70977
71036
71130
71321
71450
71467
71709
71812
71848
72045
72221
72246
72331
72378
72409
73062
73381
73529
73736
73837
73994
74103
74413
74681
74696
74733
74749
75026
75111
75315
75379
75443
75914
76316
76330
76894
77164
77439
77534
77769
77941
78045
78807
79057
79103
79281
79762
80293
80708
80839
80846
81318
81425
81471
81530
81700
81814
81979
82260
82642
82713
82776
82778
82893
83005
83206
83529
83670
84220
84283
84410
84418
84642
84904
85576
85821
85830
85915
86310
86329
86349
86468
86562
86785
86952
87118
87161
87273
87337
87424
87436
87489
87610
87903
88060
88172
88480
88954
88981
89080
89219
89596
89876
90291
90313
90656
90721
90745
90747
90951
91235
91415
91480
91528
91624
92078
92146
92191
92485
92489
92546
92769
92807
92990
93188
93461
93717
93942
94047
94189
94353
94369
95254
95553
95615
96907
96910
96976
97523
98107
98450
98543
98779
98840
98860
99295
99750
99990