-99897
-99883
-99557
-99525
-99325
-98703
-98561
-98347
-98158
-97863
-97337
-96520
-96518
-96206
-96192
-96047
-95977
-95663
-95613
-95464
-95110
-94984
-94801
-94739
-94664
-94663
-94068
-94035
-93211
-93024
-92902
-92550
-92519
-91701
-91693
-90347
-89503
-89487
-89471
-89369
-89267
-88456
-88091
-87845
-87836
-87684
-87663
-87659
-87644
-87567
-87452
-87348
-87263
-87184
-86721
-86310
-86127
-86059
-85910
-85752
-85677
-85428
-84971
-84877
-84832
-84195
-84092
-83702
-83640
-83640
-82889
-82704
-82449
-82427
-82406
-82322
-82236
-82136
-82136
-82097
-81864
-81644
-81620
-81454
-81401
-81393
-81303
-81218
-81098
-81092
-80874
-80601
-80242
-80146
-80065
-79924
-79853
-79651
-79642
-79536
-78991
-78966
-78658
-78449
-78415
-78280
-78056
-77848
-77802
-77787
-77757
-77583
-77436
-76061
-75991
-75780
-75691
-75584
-75556
-74851
-74682
-74636
-74461
-74365
-74253
-74186
-73665
-73203
-73186
-73157
-73123
-72962
-72862
-72775
-72320
-71954
-71648
-71605
-71470
-71396
-71238
-71152
-70912
-70620
-70393
-70271
-69827
-69710
-69577
-69379
-69328
-69285
-69107
-68778
-68643
-68477
-68186
-67838
-67727
-67695
-67623
-67428
-66872
-66269
-65846
-65730
-65728
-65705
-65596
-65481
-65304
-65165
-65132
-64854
-64853
-64787
-64295
-63883
-63318
-63174
-63094
-62867
-62859
-62654
-62604
-62383
-62331
-61804
-61465
-61258
-61041
-60669
-60486
-60353
-60284
-60196
-60150
-59863
-59370
-58991
-58881
-58817
-58745
-57923
-57123
-57056
-56991
-56856
-56834
-56682
-56581
-56487
-55798
-55716
-55270
-55250
-55141
-54465
-54345
-54137
-53974
-53677
-53523
-53302
-53273
-53227
-53111
-52745
-52333
-51864
-51618
-51488
-51233
-51209
-50698
-50580
-50551
-50157
-49921
-49878
-49790
-49029
-48491
-48466
-48304
-48257
-47928
-47891
-47347
-47312
-47018
-46912
-46673
-46633
-46569
-46388
-46349
-46236
-46116
-45532
-45515
-45506
-45477
-45327
-44640
-44441
-44395
-44267
-43930
-43654
-43385
-43350
-43215
-43193
-42819
-42508
-42326
-42301
-42247
-41110
-40995
-40975
-40864
-40731
-40729
-40604
-40505
-40442
-40161
-39544
-39486
-39462
-39154
-38762
-38581
-38480
-38389
-38370
-38325
-37918
-37889
-37763
-37674
-37584
-36945
-36885
-36804
-36744
-36671
-36648
-36444
-36032
-35877
-35736
-35562
-35513
-34978
-34581
-34404
-34299
-33753
-33005
-32807
-32384
-32090
-31956
-31861
-31672
-31482
-31454
-31393
-31348
-31222
-31060
-31049
-30875
-30805
-30686
-30453
-30325
-30318
-30135
-30018
-30018
-29975
-29843
-29662
-29640
-29429
-29291
-29192
-28646
-28619
-28080
-28004
-27529
-27202
-26935
-26751
-25937
-25579
-25327
-25075
-24780
-24653
-24450
-24388
-23992
-23956
-23870
-23764
-23274
-23186
-23031
-22957
-22765
-22402
-22375
-22324
-22066
-21642
-21636
-21346
-21137
-20257
-20109
-20019
-19979
-19879
-19731
-19605
-19578
-19547
-19416
-19288
-18911
-18357
-18071
-17987
-17795
-17002
-16843
-16620
-16571
-16445
-16314
-16309
-16106
-15660
-15548
-15522
-15237
-15052
-14647
-14144
-14144
-13973
-13920
-13850
-13253
-12724
-12497
-12244
-12119
-11827
-11386
-10777
-10605
-10449
-10287
-9729
-9664
-9619
-9569
-9527
-9426
-9050
-9033
-9020
-8291
-8282
-8217
-8175
-7902
-7509
-7495
-7405
-7181
-6792
-6766
-6750
-6275
-6204
-6097
-6076
-5914
-5882
-5777
-5627
-5427
-5282
-4927
-4763
-4616
-4103
-4051
-4039
-3877
-3818
-3650
-3269
-2885
-2613
-2376
-2291
-2002
-1940
-1767
-1761
-1617
-1538
-1423
-914
-807
-546
-431
-418
-205
328
429
563
626
665
801
1182
1283
1752
2050
2137
2426
2502
2555
2586
2683
2890
3024
3175
3515
3617
4132
4227
4783
4876
4925
5033
5114
5167
5253
5326
5418
5477
5954
6271
6341
6528
7020
7191
7435
7451
7539
7607
7776
7785
7819
8820
8951
9004
9389
9739
9870
9919
10235
10612
10882
11072
11276
11487
11689
11760
12002
12114
12210
12211
12516
12541
12643
12927
13669
14077
14137
14151
14157
14182
14294
14318
14557
14591
14764
14996
14999
15107
15231
15285
15332
15409
15430
15706
15859
15907
16008
16079
16286
16576
16815
16909
17298
17347
17411
17752
17762
17778
17972
18364
18611
19226
19378
19501
19557
19874
20042
20078
20136
20169
20400
20629
20879
21117
21273
21510
21873
22174
22314
22411
22895
23287
23346
23726
24212
24271
25035
25082
25083
25268
25374
25573
25627
25819
25832
26272
26862
27089
27197
27320
27433
27439
28109
28684
28859
29016
29082
29134
30220
30406
31099
31338
31370
31535
32403
32821
33023
33128
33273
33553
34309
34350
34505
34878
35472
35820
35970
36014
36533
36539
36563
36653
36885
37087
37178
37294
37301
37471
37723
37810
37891
38026
38047
38407
38423
38505
38621
38766
38775
38781
38851
39126
39167
39286
39291
39328
39565
39589
39594
39725
39852
39962
40141
40320
40355
40749
40808
40873
40894
41020
41179
41328
41562
41641
41668
41789
41923
42103
42161
42212
42407
42490
42644
43247
43841
44288
44451
44751
44931
45057
45110
45512
45667
45754
45815
46173
46381
46548
46846
47270
47273
47309
47510
47668
47669
47829
48941
49317
49472
49890
49931
50020
50233
50278
50506
50572
50624
51052
51121
51371
51692
51724
51876
51919
51939
52307
52524
52581
52642
52784
52971
52983
53099
53247
53382
53465
53661
53710
53817
53830
54222
54331
54705
54874
55152
55174
55632
55748
55875
56144
56150
56373
56454
57112
57447
57500
57884
57977
58172
59267
59343
59457
59469
59485
59584
59720
59831
59916
59964
59965
60454
60512
60954
61492
61505
61587
61606
61861
62118
62481
62653
62685
63171
63174
63228
63581
63581
63651
63988
64066
64346
64476
64825
64886
64936
65383
65556
65765
65911
66254
66424
66731
66783
67018
67056
67268
67379
67422
67448
67495
67552
67624
67702
67904
68004
68708
68781
69070
69329
69439
69560
69649
69993
70152
70284
70754
70847
70921
71178
71429
71749
72375
72841
72854
72943
73279
73377
74186
74250
74661
74860
75000
75292
75437
75494
75646
75730
76532
76573
76795
76797
76881
77061
77463
77902
77961
78218
78241
78404
78709
79152
79545
79886
80128
80242
80418
80460
80509
80510
80588
80652
80676
80799
81160
81166
81339
81569
81573
81743
81820
81902
81913
82189
82589
82992
83043
83095
83107
83235
83270
83327
84085
84088
84635
85084
85259
85652
85834
86087
86121
86290
86406
87485
87495
87752
87914
88034
88505
88524
88597
88713
88762
88963
89426
89654
89762
90084
90323
90580
90951
91434
91547
91607
91650
91656
91754
91986
92263
92509
92729
92782
93211
93275
93278
93509
93580
93834
94060
94391
94640
95232
95291
95378
95482
95605
95717
95733
95833
95973
96254
96621
96808
96862
97615
97669
97801
97826
98294
98390
98396
98440
98674
98858
98988
99081
99089
99487