-99970
-99908
-99851
-99759
-99628
-99482
-99138
-99114
-99058
-98981
-98886
-98801
-98253
-98218
-98134
-97899
-97698
-97572
-97563
-97559
-97499
-97134
-96770
-96708
-96522
-96265
-96082
-95913
-95770
-95657
-95643
-95585
-95454
-95322
-95209
-95201
-94812
-94221
-94157
-94104
-93960
-93888
-93745
-93620
-93619
-93546
-93428
-93314
-93125
-92772
-92459
-92403
-92221
-92113
-91856
-91357
-91346
-90620
-90503
-90243
-90138
-89937
-89765
-89760
-89610
-89519
-89477
-88759
-88235
-88168
-88089
-88050
-87924
-87216
-87007
-86993
-86437
-86036
-85959
-85772
-85719
-85717
-85659
-85276
-85087
-84548
-84381
-84080
-83942
-83215
-83170
-83050
-83047
-82943
-82838
-82118
-82112
-82055
-81310
-81175
-80920
-80841
-80595
-80293
-80287
-80164
-80040
-79797
-79746
-79646
-79249
-79228
-79133
-78744
-78488
-78377
-77156
-76977
-76205
-75959
-75743
-75645
-75626
-75273
-75165
-74764
-74723
-74263
-74180
-73947
-73620
-73264
-72928
-72570
-72466
-72117
-72066
-71812
-71797
-71259
-71088
-70860
-70676
-70658
-70601
-70308
-70303
-70125
-69945
-69921
-69898
-69510
-69391
-69116
-68955
-68735
-68557
-68197
-68174
-68149
-68144
-67631
-67169
-66951
-66525
-65784
-65683
-65620
-65563
-65460
-64931
-64619
-64615
-64118
-64048
-63410
-63148
-62948
-62877
-62531
-61922
-61723
-61371
-61125
-61106
-61024
-60995
-60926
-60782
-60652
-60565
-60552
-59623
-59592
-59567
-59504
-59412
-59223
-58973
-58793
-58410
-58396
-58250
-58066
-57827
-57649
-57441
-57208
-57147
-56965
-56952
-56861
-56441
-55962
-55902
-55813
-55795
-55529
-55456
-55348
-55053
-54996
-54972
-54766
-54742
-54735
-54558
-54246
-54157
-54031
-53743
-53541
-53301
-53249
-53126
-52972
-52682
-52445
-52314
-51966
-51733
-51726
-51392
-51290
-51139
-50967
-50806
-50541
-50514
-50319
-50086
-50059
-49793
-49738
-49732
-49732
-49583
-49354
-49247
-49059
-48853
-48756
-48664
-48633
-48377
-48367
-48104
-48085
-47941
-47741
-47709
-47358
-47209
-47089
-45980
-45562
-45334
-44415
-43926
-43888
-43822
-43622
-43457
-43110
-43073
-42665
-42614
-42561
-42340
-42195
-42118
-41398
-41350
-41007
-40974
-40895
-40876
-40751
-40413
-40313
-39973
-39516
-38943
-38893
-38720
-38612
-38328
-38051
-37964
-37217
-36787
-36464
-36195
-36071
-35678
-35476
-35439
-35355
-35252
-35246
-35193
-35117
-34693
-34602
-34237
-34010
-33927
-33658
-33139
-32799
-32699
-32492
-32360
-31943
-31898
-31865
-31283
-31043
-30913
-30900
-30890
-30773
-30765
-30455
-30315
-30213
-30038
-29812
-29580
-29458
-29329
-29124
-29042
-28237
-27911
-27734
-27695
-27486
-27337
-26284
-26107
-26103
-25999
-25770
-25533
-25462
-25335
-25127
-24595
-24417
-24409
-24210
-23864
-23769
-23749
-23683
-23636
-23549
-23154
-22787
-22696
-22671
-22566
-22233
-22208
-22162
-21600
-21530
-21121
-20860
-20837
-20183
-20129
-19949
-19836
-19761
-19644
-19566
-19421
-19374
-19364
-19138
-18933
-18885
-18710
-18651
-17863
-17448
-17110
-17096
-17044
-16795
-16759
-16692
-16255
-16138
-15960
-15720
-15579
-15157
-15145
-15100
-15076
-15052
-14938
-14692
-14572
-14531
-14462
-14424
-14072
-13755
-13626
-13344
-12732
-12667
-12619
-12602
-12568
-12379
-12370
-11913
-11147
-10800
-10775
-10729
-10727
-10321
-9951
-9900
-9824
-9594
-9589
-9585
-9574
-9416
-9215
-8496
-8157
-7887
-7863
-7635
-7476
-6922
-6914
-6726
-6713
-6561
-6011
-5971
-5924
-5623
-5525
-5195
-5140
-4825
-4730
-4378
-4087
-3800
-3725
-3455
-3327
-3108
-3069
-2915
-2907
-2309
-2083
-1889
-1825
-1595
-1574
-1375
-1248
-1181
-944
-497
52
247
409
448
1017
1200
1247
1539
2403
2718
2722
2838
2890
3096
3605
3619
3734
3765
3881
4419
4489
4603
5024
5361
5590
5674
5824
5944
5954
6105
6190
6774
6808
7041
7050
7148
7529
7600
7870
8287
8343
8449
8507
8535
8796
8835
8877
8901
8987
9323
9386
9427
9698
9925
9948
9952
10064
10648
11008
11240
11362
11427
11717
11804
12007
12741
12773
12818
12993
13801
13808
13900
14208
14250
15253
15467
15640
16222
16386
16452
16589
16821
16861
17026
17074
17255
17363
17942
18064
18065
18206
18248
18657
18725
19339
19541
19542
19560
19819
20101
20147
20242
20784
21115
21158
21998
22206
22229
22285
22539
23070
23264
23355
23463
23668
23859
23914
24499
24623
24699
24945
24985
25394
25442
25503
25770
25803
26000
26574
26771
26955
27332
27402
27519
27712
27834
28079
28324
28605
28836
28846
28983
29132
29187
29564
29810
29813
30073
30093
30116
30244
30492
30648
30652
30777
30802
30824
30931
30948
31090
31290
31492
31604
31700
31702
31706
31793
32234
32412
32427
32547
32601
32827
33090
33113
33139
33149
33343
33349
33375
33482
33670
33891
34703
35261
35546
35866
36111
36298
36459
36614
36661
37389
37498
37582
37695
37717
37758
37857
38174
38399
38501
38577
38685
38790
38870
39041
40407
40908
41030
41086
41383
41501
42245
42289
42324
42350
42421
42439
42544
42698
43108
43126
43167
43300
43392
43462
43901
44003
44050
44210
44371
44381
44390
44750
44958
44973
45452
45534
46146
46187
46399
46825
46847
46904
47137
47254
47392
47451
47629
47933
47985
48006
48586
48661
48803
49102
49152
49191
49428
49933
50078
50433
50549
51017
51426
51893
51976
52200
52377
52380
52479
52544
52568
52695
52741
52782
52866
53162
53352
53363
54141
54248
54474
54900
55209
55236
55310
55375
55429
55491
55728
55739
56467
56788
56923
56965
57229
57239
57492
57596
57670
57737
57933
58696
58757
58889
59349
59501
60119
60441
60554
60693
60784
60931
61098
61190
61368
61426
61521
61830
62582
62864
62954
62955
63196
63292
63380
63651
63679
63989
64147
64241
64266
64529
65147
65282
65382
65458
65849
66111
66301
66306
66807
66947
67105
67170
67285
67425
67751
67752
68009
68566
68873
68961
69239
69568
69823
69910
70166
70190
70634
70701
70792
72016
72045
72517
72694
72762
72898
73023
73284
73443
74021
74400
74565
75133
75604
75646
75921
76178
76348
76360
76376
76520
76560
76627
76653
76821
76839
76897
77039
77057
77067
77197
77813
78065
78116
78300
78473
78646
78768
79014
79564
79909
79914
80039
80307
80375
80600
80750
81103
81152
81167
81528
81606
81714
82118
82150
82343
82509
82543
82574
82810
83150
83215
83294
83448
83998
84436
84566
84572
84767
84810
84813
85078
85154
85443
86351
86736
86746
87351
87369
87386
87465
87509
87511
87626
87707
87722
87734
88680
88918
89307
89395
89397
89591
90109
91011
91063
91186
91515
91528
91878
92019
92187
92386
92592
92780
92811
92934
93111
93698
93937
94145
94459
95181
95370
95769
95831
95863
96154
96232
96235
96263
96518
96585
96784
96810
97023
97093
97546
97585
98148
98397
98411
98693
98874
99290
99342
99771
99980