-99528
-99375
-99320
-98973
-98524
-98264
-98216
-97887
-97475
-97383
-97223
-97134
-97022
-96676
-96467
-96207
-95824
-95777
-95651
-95615
-95487
-95255
-95111
-95059
-95056
-94912
-94663
-94637
-94530
-94442
-94218
-93034
-93002
-92820
-92631
-92303
-91821
-91739
-91677
-91463
-90807
-90393
-90254
-89972
-89920
-89826
-89574
-89390
-89318
-89294
-89166
-88803
-88758
-88403
-87846
-87797
-87795
-87789
-87637
-86835
-86820
-86661
-86581
-86334
-86091
-85962
-85944
-85579
-85532
-85442
-85395
-85217
-84961
-84633
-84625
-84364
-84150
-84056
-83934
-83524
-83398
-83380
-83131
-83036
-82946
-82490
-82389
-82385
-82290
-82265
-82178
-81725
-81619
-81463
-81451
-81330
-81199
-80898
-80680
-80652
-80607
-80453
-80441
-80058
-79992
-79781
-79770
-79321
-78959
-78802
-78753
-78427
-78400
-78111
-78002
-77968
-77881
-77879
-77862
-77717
-77507
-77158
-76525
-76116
-75668
-75373
-75189
-74468
-73984
-73954
-73910
-73522
-73427
-73364
-73339
-73190
-72564
-72504
-72472
-72364
-72304
-72064
-72006
-71737
-71717
-71262
-70564
-70417
-70356
-69942
-69740
-69696
-69604
-69173
-69091
-68974
-68792
-68778
-68722
-68551
-68399
-68225
-68203
-67498
-67474
-67459
-67330
-67326
-67099
-66932
-66777
-66718
-66701
-66270
-65605
-65475
-65067
-64915
-64902
-64651
-64584
-64306
-64276
-64273
-64057
-63277
-63080
-62989
-62917
-62891
-62843
-62723
-62605
-62530
-62223
-62088
-61793
-61637
-61541
-61530
-61198
-60933
-60846
-60664
-60346
-60284
-59939
-59793
-59748
-59379
-59290
-59009
-58945
-58872
-58655
-58597
-58547
-58499
-58427
-58031
-58031
-57968
-57739
-57524
-57289
-57127
-57107
-56753
-56449
-56372
-56311
-55966
-55908
-55474
-55348
-55242
-54596
-54048
-53412
-53366
-53234
-52831
-52461
-52398
-51967
-51877
-51851
-51623
-51407
-51345
-51130
-50816
-50795
-50593
-50221
-50126
-50109
-49961
-49665
-49606
-49586
-49335
-48961
-48948
-48847
-48341
-47986
-47921
-47896
-47788
-47624
-47261
-47252
-46927
-46826
-46823
-46713
-46578
-46548
-46452
-46133
-46094
-45288
-44826
-44602
-44317
-44084
-43944
-43931
-43671
-43643
-43408
-43112
-42686
-42473
-42362
-42101
-41873
-41661
-41641
-41620
-41474
-41042
-40958
-40807
-39518
-39411
-39312
-39290
-39138
-38840
-38608
-37747
-37667
-37659
-37459
-37122
-36985
-36800
-36791
-36623
-36164
-35979
-35487
-35451
-35251
-34904
-34611
-34539
-34389
-34322
-33885
-33714
-33648
-33383
-33183
-33007
-32488
-32213
-32167
-31276
-30492
-30413
-30246
-30111
-30058
-29861
-29731
-29725
-29466
-29201
-29034
-28870
-28831
-28696
-28678
-27996
-27950
-27666
-27563
-27491
-27324
-27174
-27104
-27096
-26820
-26561
-26444
-26116
-26071
-25913
-25812
-24618
-24385
-23738
-23661
-23589
-23367
-22532
-22356
-21846
-21662
-21615
-21567
-21509
-20932
-20836
-20527
-19876
-19800
-19787
-19556
-19400
-19288
-19180
-18878
-18874
-18585
-18581
-18402
-18253
-18062
-17670
-17133
-16918
-16790
-16665
-16290
-16180
-15574
-15129
-15083
-14995
-14888
-14756
-14691
-14433
-14406
-14309
-14027
-13717
-13646
-13583
-13323
-12979
-12915
-12823
-12765
-12721
-12583
-12290
-12243
-12131
-11968
-11919
-11838
-11523
-11455
-11277
-10990
-10851
-10670
-10652
-10094
-9978
-9674
-9642
-9594
-9558
-9500
-9325
-9294
-9136
-8746
-8692
-8594
-8483
-8092
-7889
-7583
-7486
-7246
-6996
-6632
-6553
-6240
-6102
-5946
-5929
-5749
-5637
-5539
-4642
-4563
-4437
-4289
-4274
-4052
-3928
-3786
-3740
-3738
-3702
-3295
-3162
-3095
-2426
-2378
-2349
-2073
-2050
-1866
-1822
-1695
-1463
-1456
-1276
-1175
-955
-535
-275
-68
142
315
400
800
834
933
1537
1735
2155
2229
2949
3041
3374
3671
4652
4676
4764
4964
5282
5957
6589
6970
7101
7307
7495
7861
8122
8133
8175
8419
8469
8707
8813
9030
9105
9235
9518
9719
9912
10319
10364
10670
10897
10927
11528
11754
11755
12203
12691
12744
13366
13394
13689
13704
13775
13860
14150
14821
15005
15391
15609
15652
16213
16363
16564
16579
16590
16729
16862
16886
16894
17014
17324
17666
18057
18164
18352
18427
18625
18837
19108
19139
19154
19716
19734
20160
20400
20723
21232
21334
21567
21824
21880
22464
22666
23274
23422
23430
23637
23738
23775
23796
24137
24315
24566
24569
24791
24879
24922
25083
25099
25212
25386
25714
25776
25974
26014
26408
26955
27282
27337
27428
27479
27700
28316
28451
28505
28711
28725
29042
29209
29239
29306
29623
30053
30179
30195
30560
31570
31760
31783
32226
32270
32777
33061
33384
33534
33539
33738
33750
34043
34218
34427
34509
34575
34752
35075
35165
35388
35451
35537
36342
36384
36793
37084
37352
37796
38140
38325
38373
38612
39255
39512
39620
39628
40022
40074
40258
40533
40707
41334
41422
41814
41954
41989
42273
42433
42436
42444
42464
43301
43570
43737
43778
43798
43840
44024
44132
44165
44219
44590
44684
44688
44713
44723
45017
45337
45368
45389
45532
45736
46033
46164
46172
46189
46258
46523
46855
47180
47212
47285
47398
47442
47591
47636
48208
48282
48318
48934
49013
49227
49769
50038
50387
50634
50938
50992
51008
51151
51266
51622
51628
51914
52172
52453
52462
53059
53306
53334
53339
53583
53739
53767
53780
54540
54615
54868
54992
55161
55465
56106
56364
56695
57037
57087
57234
57257
57428
57641
57883
58066
58074
58088
58308
58427
58645
58772
58790
58845
59273
59273
59379
59567
59987
60015
60053
60085
60432
60518
60640
61134
61481
61527
61547
61736
61811
62212
62284
62621
62681
62695
62732
63097
63138
63271
63337
63364
63664
63749
64207
64376
64489
64611
64919
65049
65086
65708
65803
65889
65918
65919
66041
66107
66484
66562
66728
66764
66930
66965
67221
67280
67412
67598
67786
67978
68031
68388
68425
68780
69105
69201
69394
69459
69869
69972
70153
70419
70520
70573
70877
70993
71029
71235
71291
71409
71513
71652
71786
71940
71954
71986
72042
72373
72384
72706
72920
73074
73243
73324
73481
74059
74062
74217
75205
75226
75345
75638
76354
76710
76761
77442
77475
77512
77651
77676
77823
77850
77876
78498
78633
78881
79016
79373
79419
79431
79481
79485
79835
80490
80725
80913
81096
81158
81237
81283
81667
81803
81828
81882
82043
82218
82505
82771
83011
83094
83215
83481
83656
83869
84239
84466
84735
84805
85083
85205
85304
85351
85656
85747
85794
85899
85967
86106
86196
86297
86307
87033
87095
87781
87818
87962
88618
88620
88901
89013
89475
89844
90055
90417
90480
90563
90634
90660
91025
91247
91742
91885
92098
92124
92161
92295
92633
92660
92921
93262
93462
94072
94259
94300
94380
94472
94816
94945
95341
95439
95522
95622
95645
95727
95832
96236
96479
96573
96691
96895
97109
97195
97459
97813
97880
97885
98423
98705
98825
99092
99116
99203
99520