-99937
-99820
-99690
-99355
-98809
-98782
-98781
-98666
-98653
-98002
-97991
-97784
-97384
-97353
-97265
-97104
-97094
-96921
-96650
-96474
-96397
-96147
-95599
-95523
-95485
-95314
-94922
-94886
-94546
-94527
-94289
-94217
-93915
-93674
-93614
-93014
-92812
-92525
-92495
-92287
-92286
-92151
-92070
-92049
-91892
-91770
-91205
-90943
-90936
-90767
-90367
-90040
-89888
-89573
-89446
-88956
-88949
-88801
-88613
-88592
-88591
-88521
-88480
-88380
-88362
-88264
-88177
-87778
-87557
-87388
-87342
-87020
-86372
-86217
-86137
-85742
-85713
-85396
-85363
-84809
-84655
-84483
-84273
-83996
-83942
-83810
-83783
-83624
-83589
-83557
-83451
-83438
-83205
-83094
-82761
-82244
-82002
-81589
-81415
-81137
-81127
-81112
-80941
-80929
-80865
-80827
-80535
-80523
-80409
-80288
-80264
-80246
-80057
-80008
-79740
-79499
-79395
-79230
-79165
-79085
-78815
-78607
-78560
-78377
-77936
-77838
-77622
-77515
-77448
-77430
-77234
-77162
-76903
-76589
-76515
-76219
-76187
-76179
-75637
-75529
-75087
-74953
-74790
-74784
-74677
-74541
-74370
-74236
-74085
-73735
-73307
-73187
-73183
-72950
-72835
-72649
-72501
-72239
-72202
-71811
-71083
-70963
-70894
-70428
-70000
-69982
-69933
-69082
-68867
-68691
-68675
-68491
-68061
-68023
-67873
-67836
-67633
-67105
-66748
-66727
-66083
-65194
-65133
-64865
-64575
-64380
-64246
-64218
-64177
-63702
-63381
-63079
-63071
-63008
-62759
-60860
-60858
-60732
-60652
-60385
-59847
-59794
-59416
-59041
-58894
-58813
-58717
-58530
-58476
-58221
-58143
-58000
-57844
-57792
-57568
-57061
-57049
-56964
-56889
-56301
-55875
-55875
-55801
-55165
-55066
-54840
-54740
-54602
-53739
-53463
-53454
-53278
-53188
-53127
-53115
-52881
-52871
-52681
-52031
-51932
-51685
-51662
-51190
-50824
-50789
-50648
-50013
-49827
-49601
-49593
-49045
-49000
-48967
-48526
-48320
-48090
-48080
-48044
-47859
-47752
-47592
-47550
-47543
-47502
-47027
-46799
-46794
-46752
-46679
-46600
-46487
-45957
-45781
-45534
-45506
-45187
-45009
-44946
-44775
-44603
-44149
-44045
-44018
-43957
-43760
-43505
-43084
-43080
-43071
-42894
-42709
-42490
-42436
-42125
-42068
-42044
-41302
-41194
-40906
-40859
-40734
-40321
-39914
-39761
-39222
-38434
-38364
-38263
-37951
-37573
-37515
-37107
-36985
-36902
-36858
-36839
-36678
-36616
-36406
-36283
-35964
-35964
-35952
-35369
-35071
-35038
-34953
-34794
-34737
-34386
-33903
-32894
-32894
-32849
-32771
-32270
-31669
-31591
-31433
-31327
-30840
-30578
-30443
-30246
-29823
-29820
-29725
-29467
-29424
-29157
-29091
-27993
-27743
-27373
-26595
-26503
-26334
-26290
-25947
-25899
-25551
-25463
-25224
-24701
-24583
-24251
-24241
-24229
-23969
-23607
-23468
-23459
-23318
-23224
-23221
-23141
-23015
-22816
-22741
-22608
-22547
-22270
-21534
-21224
-20871
-20551
-20466
-20275
-19919
-19796
-19659
-19590
-19120
-18919
-18186
-17921
-17820
-17800
-17718
-17644
-17468
-17395
-17200
-16486
-16442
-16256
-15481
-15222
-15096
-14795
-14733
-14594
-14447
-14341
-13850
-13551
-13294
-13162
-13159
-12921
-12574
-12470
-12435
-12208
-12097
-11986
-11919
-11780
-11695
-11619
-11604
-11593
-11471
-11342
-11266
-10834
-10793
-10729
-10711
-10570
-10557
-10518
-9928
-9466
-9344
-8961
-8960
-8958
-8855
-8367
-8206
-7855
-7635
-7452
-7388
-7344
-7224
-6425
-5789
-5771
-5685
-5586
-5074
-5056
-4899
-4862
-4681
-4587
-4277
-4073
-3881
-3707
-3356
-3302
-2816
-2814
-2740
-2681
-2644
-2630
-2560
-2278
-2245
-2194
-1925
-1542
-1408
-1274
-1234
-1008
-765
-576
-464
-331
-60
7
136
295
320
363
390
763
772
832
1109
1412
1602
1960
1962
2028
2301
2697
3181
3262
3333
3422
3548
3799
3921
3949
4010
4144
4309
4798
4865
4972
5206
5358
6208
6531
6823
7234
7295
7440
7450
7712
7846
7895
7953
7957
8237
8320
8349
8381
8612
9084
9289
9352
9579
9849
10575
10647
10834
10866
11016
11155
11225
11374
11599
11725
11828
12160
12185
12199
12285
12306
12463
12826
13008
13580
13681
14045
14054
14378
14399
14566
14670
14740
14773
14841
14856
15428
15911
16120
16168
16272
16355
16728
16806
16918
17340
17409
17468
17484
17828
18009
18137
18649
19626
19746
19755
19814
19888
20065
20400
20465
20827
20831
21137
21175
21256
21267
21339
21392
21522
21527
21701
21898
22143
22235
22668
22961
23006
23046
23157
23755
23891
24393
24435
24587
24602
24677
25023
25290
25478
25482
25873
25885
26069
26544
26578
26727
27329
27916
28644
28810
28833
29030
29052
29065
29072
29074
29172
29282
29685
29759
29881
30255
30656
30705
30867
31337
31713
31805
31853
32060
32336
32405
32598
33115
33121
33279
33594
34159
34328
34773
34841
34882
34903
34926
35157
35227
35626
35885
36366
36376
36706
36823
37123
37720
38669
39039
39040
39166
39227
39301
39580
39886
40783
40784
41017
41151
42175
42236
42336
42639
42727
43003
43135
43271
43280
43361
43504
44970
45197
45215
45249
45610
45729
45860
45924
46030
46494
46502
46558
46816
46897
47013
47111
47276
47369
47526
48057
48254
48715
48877
48881
48925
49298
49614
49645
49917
49930
50103
50211
50574
50773
50835
50856
51037
51414
51474
51929
52313
52443
52781
52870
53192
53475
53477
54107
54169
54238
54306
54309
54456
54566
54630
54670
55025
55103
55341
55376
55472
56089
56108
56608
56660
57117
57291
57340
57390
57475
57870
58113
58191
58259
58394
58786
59171
59275
59425
59716
59825
59857
59951
59956
60116
60297
60561
60590
61799
61977
62048
62099
62312
62574
62615
62682
62710
62755
63132
63479
63651
63652
63716
63926
63977
64189
64378
64413
64857
64905
64969
65634
65679
65982
66207
66222
66234
66271
66302
66544
67153
67188
68107
68309
68635
68779
68951
68980
68996
69052
69294
69419
69613
69728
70460
70483
70732
70956
71276
71342
71557
72233
72638
72658
72704
72815
73073
73131
73317
73387
73408
73796
73963
74252
74386
74873
74929
75754
75788
76298
76500
76734
76989
77017
77030
77153
77321
77473
78155
78374
79094
79119
79445
79901
79988
80242
80459
80611
81171
81266
81313
81386
81680
81966
82223
82357
82626
82669
82731
82788
82824
82904
83034
83109
83131
83157
83481
83566
83594
83600
83619
83719
83809
83891
83930
84100
84273
84460
85294
85359
85407
85674
85785
85908
86454
86550
86694
86736
87713
88373
88656
89231
89344
89392
89581
90028
90099
90153
90655
90748
90941
90961
91116
91506
91669
91879
91965
92090
92237
92720
92768
92855
93416
93435
93453
93942
94010
94772
94965
95097
95148
95253
95321
95745
95780
95800
95963
95966
96066
96394
96567
96632
96756
96802
97052
97173
97500
97604
98001
98097
98116
98478
98534
98545
98596
98644
98728
98747
98781
98895
98921
99071
99079
99110
99272
99316
99596