-99788
-99725
-99421
-99059
-98671
-98621
-98366
-98346
-97458
-97264
-97165
-96879
-96768
-96234
-96067
-95546
-95232
-95003
-94824
-94511
-94422
-94054
-93982
-93588
-93464
-93314
-93281
-93269
-93250
-93059
-93037
-92996
-92681
-92658
-92519
-92517
-92356
-92353
-92195
-92088
-91745
-91490
-91120
-90523
-90196
-90153
-89326
-89309
-89226
-89059
-88970
-88792
-88391
-88261
-88253
-88123
-87680
-87377
-87158
-86950
-86898
-86876
-85960
-85406
-85233
-85168
-84668
-83976
-83935
-83551
-82607
-82045
-81802
-81729
-81727
-81222
-81094
-80901
-80899
-80840
-80783
-80765
-80522
-80240
-80183
-80134
-80100
-80073
-80057
-79923
-79863
-79849
-79527
-79424
-78549
-78448
-78327
-78319
-78264
-78180
-77609
-77598
-77432
-77358
-77148
-76826
-76792
-76329
-76057
-75859
-75825
-75815
-75500
-75330
-75307
-75031
-74901
-74894
-74878
-74767
-74703
-73737
-73445
-73416
-73377
-73172
-72923
-72848
-72782
-72537
-72202
-71809
-71731
-71485
-71307
-71069
-71016
-70901
-70827
-70722
-70604
-70308
-69981
-69590
-69390
-68914
-68792
-68561
-68186
-68171
-68168
-67411
-67344
-67129
-67027
-66661
-66632
-66517
-66420
-65718
-65555
-65350
-65174
-64784
-64611
-64479
-63584
-63451
-63439
-63242
-63026
-63008
-62947
-62942
-62871
-62798
-61771
-61673
-61583
-61480
-60899
-60640
-60519
-60496
-60338
-60188
-60177
-59870
-59564
-59125
-58264
-58199
-58127
-57943
-57439
-57157
-56951
-56847
-56497
-56248
-56202
-56191
-55745
-55579
-55350
-55291
-55285
-54932
-54875
-54787
-54725
-54641
-54334
-54109
-53776
-53770
-53762
-53699
-53671
-53658
-53083
-52303
-51993
-51961
-51854
-51846
-51840
-51832
-51359
-51307
-51190
-50857
-50835
-50651
-50317
-50316
-50204
-50176
-50053
-49954
-49573
-49453
-49329
-49258
-48448
-48425
-48319
-48248
-48240
-47367
-47349
-47204
-46951
-46874
-46749
-46715
-46572
-46102
-45904
-45844
-45735
-45620
-45235
-44700
-44621
-44600
-44320
-44115
-43978
-43861
-43761
-43472
-43463
-43284
-43182
-43170
-42849
-42741
-42630
-41949
-41875
-41656
-41150
-40880
-40810
-40357
-40304
-39789
-39298
-39125
-38985
-38918
-38652
-38446
-38221
-38147
-37985
-37956
-37879
-37676
-37641
-37471
-37224
-36723
-36462
-36320
-36306
-35972
-35497
-35424
-35170
-35129
-34714
-34526
-34434
-33976
-33300
-32916
-32543
-32387
-32100
-31797
-31707
-31394
-31257
-31231
-31194
-30793
-30455
-30124
-29865
-29651
-29362
-29304
-28545
-28473
-28163
-28030
-27875
-27252
-27101
-26972
-26111
-25977
-25886
-25758
-25715
-25637
-25556
-25485
-25327
-25224
-25017
-24967
-24959
-24154
-24025
-23958
-23955
-23282
-23233
-23135
-22844
-22357
-22308
-21914
-21840
-21685
-21416
-21103
-20686
-20552
-20522
-20521
-20513
-20043
-20038
-20026
-20007
-19579
-19154
-18768
-18584
-18468
-18187
-18093
-18091
-17810
-17603
-17527
-17491
-17386
-17128
-17002
-16775
-16703
-16664
-16639
-16198
-15994
-15860
-15795
-15792
-15554
-15534
-14824
-14600
-14600
-14527
-14325
-14299
-14216
-14093
-13944
-13871
-13819
-13580
-13532
-13475
-13411
-13230
-12886
-12097
-12055
-12051
-11611
-11594
-11564
-11203
-10974
-10947
-10712
-10450
-10242
-10211
-10143
-10042
-9955
-9533
-9255
-9237
-9196
-9165
-9025
-8590
-8401
-8159
-7793
-7775
-7684
-7237
-7237
-7085
-6808
-6742
-6490
-6404
-6255
-6092
-6027
-5937
-5850
-5495
-5420
-4744
-4701
-4342
-4211
-4151
-3991
-3852
-3296
-3242
-2971
-2761
-2545
-2381
-2069
-1532
-1512
-1334
-819
-433
-392
-330
-187
-3
105
288
568
585
599
694
705
833
1184
1851
1893
2268
2589
2623
3090
3343
3430
3487
3650
3794
3954
4216
4256
4577
5013
5048
5340
5380
5547
6072
6505
6672
6771
6912
6957
7127
7471
7580
7680
7960
7992
8059
8741
8896
9010
9403
10039
10124
10170
10201
10256
10392
10945
11166
11179
11184
11901
11924
12517
12567
12685
12806
12968
13135
13629
13660
13757
13879
14059
14123
14389
14391
14521
14950
14976
15106
15227
15349
15423
15590
15734
16257
16914
17002
17106
17539
17553
17617
18068
18214
18273
18299
18600
18651
18741
18903
19023
19185
19614
20035
20205
20205
20432
20662
20735
20900
21575
21914
22018
22144
22481
22590
23310
23493
23534
23761
23763
23979
24365
24470
24574
24760
24765
24797
24816
24965
25345
25519
25876
26191
27062
27097
27333
27545
27843
28081
28136
28450
28950
29265
29284
29514
29541
29617
29874
29936
29987
30264
30368
30390
30422
30429
30926
31051
31056
31370
31779
31783
32036
32097
32227
32297
32774
33065
33454
33751
33961
33977
34300
34381
34735
34840
35163
35847
35850
35878
35899
36167
36196
36401
37064
37100
37842
38066
38221
38413
38414
38510
38517
38900
38912
39245
39464
39544
39648
39652
40048
40087
40105
40149
40321
40910
41151
41269
41291
41344
42678
42685
42838
42868
42947
43045
43534
43658
44582
44620
44654
44745
44808
44985
45034
45419
45531
45592
45608
45847
46034
46067
46631
46694
46702
46767
46991
47380
47861
47926
47951
48006
48038
48278
48422
48596
48744
48940
49147
49298
49668
49693
49775
50115
50134
50172
50219
50259
50317
50794
51082
51133
51194
51272
51323
51348
52048
52390
52632
52734
52784
53045
53428
53655
53669
53712
53780
53966
54228
54238
54500
54589
54774
55121
55246
55326
55403
55482
55967
56235
56295
56360
56802
57176
57538
57879
57988
58052
58547
58695
58707
58744
58925
59252
59308
59445
59604
59770
59817
59897
60079
60208
60627
60768
60968
61018
61075
61527
61886
62231
62282
62359
62430
62433
62442
62660
62663
62664
62672
62797
63081
63240
63367
63378
63386
63389
63420
63463
63570
63615
63829
64118
64394
64481
64574
64881
64981
65017
65022
65452
65538
65792
66518
67167
67349
67532
67697
67707
67848
67869
67893
67998
68047
68688
68918
69000
69279
69423
69542
69594
69828
69958
70208
70434
71162
71207
71543
71579
71689
72944
73392
73778
73823
74017
74155
74628
75158
75245
75309
75436
75524
75542
75706
76378
76395
76518
76607
76785
76914
76986
77001
77303
77429
77525
77920
78003
78340
78340
78527
78540
78608
78712
78904
79070
79267
79728
79882
80090
80125
80267
80424
80608
80859
80913
80998
81176
81326
81362
81417
81624
81845
82021
82134
82625
82708
82784
82852
82874
82982
83295
83548
83700
83732
83742
83747
84115
84238
84803
85271
85462
85599
86039
86313
86404
86615
87067
87162
87305
87449
87755
87964
88400
88746
88811
88941
89674
89741
90096
90216
90867
90962
90980
91081
91440
91559
91633
91864
92874
92951
93083
93145
93155
93522
93627
94102
94267
95116
95210
95930
96078
96110
96384
96484
96523
96558
96661
96700
96705
96810
97531
97569
97652
97843
97915
98047
98047
98233
98342
98677
98731
98858
98889
98905
99410
99489
99529
99602