-99867
-99792
-99633
-99499
-99347
-98895
-98733
-98656
-98480
-97795
-97657
-97590
-97566
-97538
-97373
-97358
-97322
-97164
-97153
-97062
-97020
-96921
-96821
-96724
-96553
-96492
-95976
-95972
-95656
-95549
-94775
-94491
-94157
-93568
-93418
-93133
-93024
-92998
-92683
-92515
-92443
-92321
-91672
-91627
-91231
-91196
-90815
-90654
-90375
-90285
-90232
-90146
-90008
-89549
-89434
-89252
-89205
-89067
-88780
-88708
-88686
-88604
-88604
-88562
-88509
-88255
-88214
-88211
-87851
-87709
-87511
-87508
-87435
-87406
-87247
-87078
-86198
-85893
-85534
-85118
-84856
-84778
-84390
-84353
-84065
-83922
-83551
-83120
-82418
-82307
-82202
-82140
-82033
-81943
-81892
-81481
-81281
-81266
-81166
-81035
-80954
-80438
-80374
-80166
-80098
-79938
-79863
-79838
-79631
-79611
-79420
-79006
-78870
-78768
-78742
-78425
-77935
-77763
-76967
-76949
-76598
-76547
-76509
-76045
-75940
-75851
-75435
-75068
-74608
-74517
-73936
-73531
-72740
-72616
-72521
-72296
-71488
-71450
-71279
-71111
-70868
-69867
-69798
-68701
-68580
-68049
-67952
-67918
-67908
-67006
-66910
-66867
-66105
-66102
-66017
-65705
-65491
-65423
-65271
-65265
-65191
-65019
-64616
-64603
-64364
-64340
-64324
-64303
-64248
-64220
-64120
-63886
-63809
-63375
-63147
-62709
-62522
-62365
-62230
-62020
-61987
-61852
-61793
-61447
-61379
-61292
-61281
-61270
-61173
-61082
-60709
-60240
-60155
-60087
-60083
-59578
-59308
-59280
-59159
-59131
-59120
-59016
-58751
-58670
-58582
-58417
-58257
-58193
-58070
-58066
-57945
-57137
-56879
-56722
-56679
-56262
-56061
-55842
-55828
-55488
-55232
-54816
-54512
-54272
-54046
-53656
-53121
-52998
-52498
-52493
-52423
-52393
-51938
-51559
-51504
-51202
-50659
-50470
-50332
-50284
-50225
-50021
-49898
-49583
-49270
-49101
-49051
-48992
-48374
-48302
-48041
-47812
-47772
-47431
-47259
-46967
-46941
-46857
-46789
-46684
-46594
-46509
-46415
-46181
-45904
-45459
-45405
-45378
-44646
-44524
-44478
-44440
-44428
-44249
-44187
-44088
-43863
-43661
-43498
-43302
-43011
-42993
-42949
-42897
-42872
-42672
-42564
-42223
-42200
-42179
-42071
-42016
-41659
-41352
-41205
-41117
-40917
-40618
-40616
-40494
-40484
-40348
-40219
-40217
-39873
-39235
-39176
-39031
-38794
-38390
-38183
-38156
-38152
-37742
-37599
-37418
-37333
-37287
-37000
-36975
-36762
-36720
-36705
-36339
-36215
-36052
-36027
-35962
-35791
-35230
-35179
-35065
-34864
-34596
-33747
-33656
-33646
-33616
-33195
-33089
-33042
-32886
-32506
-32407
-32365
-32354
-32244
-32116
-31279
-30714
-30399
-30182
-30144
-30057
-30009
-30009
-29839
-29812
-29686
-29365
-29293
-28841
-28459
-28153
-27841
-27783
-27152
-27015
-26661
-26631
-26523
-26298
-26263
-26170
-26086
-25840
-25379
-25286
-25031
-24422
-24390
-24320
-23983
-23916
-23796
-23588
-23320
-23207
-23155
-23023
-22782
-22729
-22558
-22458
-22425
-22358
-22310
-22041
-21824
-21653
-21475
-21451
-21343
-21311
-21170
-21135
-21054
-20931
-20276
-19501
-19406
-19372
-19239
-19131
-18963
-18860
-18423
-18012
-17874
-17754
-17574
-17451
-17159
-17022
-16996
-16670
-16669
-16643
-16032
-15448
-15185
-14387
-14193
-13976
-13787
-13475
-13045
-12982
-12973
-12792
-12773
-12233
-12185
-11940
-11584
-11584
-11235
-11185
-10832
-10707
-10509
-10478
-10472
-10421
-10371
-10283
-10227
-10100
-9845
-9664
-9634
-9562
-9560
-9241
-9019
-8938
-8413
-8145
-8106
-8079
-7989
-7769
-7511
-7310
-7215
-6832
-6688
-6618
-6360
-6166
-6163
-6141
-5899
-5758
-5723
-5637
-5633
-5247
-5144
-4989
-4951
-4831
-4741
-4447
-4389
-4373
-3953
-3894
-3537
-2584
-2502
-2024
-1969
-1852
-1651
-1547
-1544
-1383
-1355
-1323
-1245
-1008
-961
-867
-654
-639
-562
-461
-185
281
558
1125
1212
1226
1755
2020
2020
2249
2628
2891
3106
3271
3640
3778
3954
4166
4486
5309
5326
5566
5851
6749
6779
7182
8311
9096
9133
9234
9316
9366
9483
9539
9734
9945
10230
10384
10873
10993
11853
12382
12439
12529
12587
12592
13296
13794
13838
13882
14392
14552
15232
15482
15631
15712
16440
16499
16632
17137
17645
17778
17897
18284
18501
18546
18602
18789
18935
19128
19259
19318
19534
19543
19911
19954
20068
20186
20421
20506
20510
20565
20780
21052
21295
21316
21985
22532
22773
22910
23081
23174
23310
23318
23640
24029
25258
25340
25948
26603
26607
26971
27365
27475
27685
28609
28650
28727
28856
28902
29094
29562
29764
29776
30517
30897
30980
31097
31142
31888
32004
32311
32439
32466
32807
33182
33391
33432
33439
34003
34192
34199
34243
34335
34653
34722
34968
35176
35255
35257
35317
35731
35735
35805
35826
35925
35947
36093
36232
36345
36597
37198
37429
38554
38908
39235
39294
39453
39799
40587
40724
40726
40882
40911
41018
41130
41170
41235
41383
41555
41978
41987
42212
42779
43087
43224
43366
43376
43420
43802
43949
44436
44437
44589
44782
44850
45368
45647
45692
45734
46099
46332
46406
46593
46631
46741
46885
47405
47440
47543
47549
47947
48164
48208
48560
48641
49212
49393
49435
49775
49981
50163
50209
50307
50526
51069
51101
51180
51352
51391
51457
51629
51937
52428
52600
52659
52670
52828
52842
53216
53224
53433
53518
53693
53732
53965
54068
54280
54293
54504
54630
54857
55588
55615
56088
56459
56499
56505
56856
57776
57864
58006
58399
58550
58577
58836
58981
59076
59110
59297
59593
59719
59825
60706
60740
60785
61317
61439
62490
62816
62952
63024
63279
63290
63652
63847
64001
64134
64314
64334
64519
64615
64945
65257
65353
65636
65716
65724
65879
65919
66380
66760
66949
66994
67209
67315
67438
67478
67544
67623
67683
67732
67809
67845
67947
68308
68597
68775
68825
68892
69240
69461
69484
69617
69854
70096
70357
70460
70470
70518
70624
70848
71249
71564
71585
71688
71695
71713
71766
71820
72429
72747
72970
73025
73101
73159
73624
73668
73873
74087
74138
74149
74362
74486
74723
74793
75431
75444
75669
75932
76327
76420
76474
76497
76697
76780
76846
76976
77247
77281
77600
77996
78324
78333
78607
79040
79094
79166
79250
79258
79275
79324
79422
79641
80002
80135
80592
80601
80848
81234
81278
81992
82030
82312
82359
82383
82409
82990
83037
83095
83330
83350
83584
83763
83819
83864
84008
84037
84100
84129
84159
84164
84714
84948
85002
85082
85219
85464
86197
86230
86250
86374
86522
86540
86618
86972
87066
87630
87828
87927
88423
88497
88772
88834
89112
89183
89353
89501
90063
90217
90503
91208
91323
91688
91867
91907
92073
92513
92740
92753
93030
93035
93051
93089
93526
93610
93725
93955
93986
94025
94421
94856
95246
95395
95483
95484
95525
95818
95841
95980
96345
96381
97065
97278
97352
97459
97496
97665
97744
98124
98254
98608
98721
98749
98861
98884
99045
99144
99283
99539
99571
99994