-99935
-99908
-99427
-99343
-99187
-99178
-98917
-98867
-98783
-98184
-97598
-97197
-97183
-96870
-96749
-96487
-96312
-96218
-96212
-96183
-96071
-96007
-95996
-95556
-95460
-95398
-95392
-95296
-95060
-95048
-94550
-94473
-93810
-93473
-93206
-93140
-93092
-92926
-92689
-92639
-92402
-92401
-92108
-92031
-91614
-91346
-91281
-91060
-90694
-89942
-89331
-89133
-88539
-88349
-88314
-88265
-88173
-88168
-87609
-87196
-87039
-86106
-85838
-85306
-84705
-84693
-84605
-84477
-84398
-83995
-83129
-82365
-81910
-81636
-81587
-81427
-81174
-80761
-80751
-80624
-80548
-80470
-80370
-80262
-80174
-80129
-80049
-79203
-78978
-78847
-78779
-78707
-78392
-77965
-77898
-77898
-77751
-77622
-77618
-77491
-77438
-77258
-76641
-76505
-76244
-75935
-75624
-75589
-75277
-75164
-75082
-75033
-74959
-74559
-74527
-74407
-74336
-73725
-73717
-73411
-72844
-72828
-72750
-72695
-72583
-71684
-71629
-71154
-71047
-70992
-70866
-70725
-70687
-70627
-70600
-70340
-70337
-69576
-69305
-69303
-68879
-68802
-68593
-68338
-68308
-68197
-67743
-67611
-67508
-67407
-66919
-66649
-66561
-66349
-66193
-66135
-66060
-65855
-65837
-65599
-65399
-65341
-65266
-65070
-65024
-64844
-64601
-64526
-64206
-63956
-63536
-63374
-63196
-63049
-62970
-62731
-62531
-62446
-62428
-62175
-62136
-61751
-61101
-61099
-61069
-61011
-60323
-60102
-60000
-59835
-59834
-59581
-59573
-59441
-59436
-59306
-59238
-59122
-59085
-59082
-58077
-57648
-57028
-56621
-56288
-56099
-56005
-55997
-55932
-55408
-55378
-55310
-55197
-55100
-55081
-55015
-54862
-54766
-53808
-53660
-53627
-53349
-53133
-52985
-52973
-52931
-52841
-52740
-52722
-52606
-52598
-52567
-52402
-51714
-51443
-51325
-50799
-50768
-50665
-50117
-50057
-49811
-49708
-49522
-49365
-49249
-49181
-49140
-48831
-48772
-48765
-48538
-48292
-48210
-48156
-47656
-47576
-47121
-46787
-46722
-46456
-46454
-46231
-45546
-45537
-45526
-44161
-43987
-43634
-43633
-43472
-42261
-42256
-41824
-41795
-41774
-41712
-41694
-41550
-41469
-41386
-41276
-40407
-40024
-39894
-39709
-39280
-38882
-38793
-38784
-38749
-38171
-38103
-38041
-37670
-37430
-37095
-36693
-36599
-36444
-36344
-36278
-36168
-35994
-35871
-35675
-35582
-35494
-35485
-35006
-34688
-33898
-33812
-33540
-33449
-33405
-33295
-33184
-33177
-32922
-32415
-31738
-31481
-31477
-31385
-31343
-31303
-31251
-31186
-30852
-30824
-30477
-30350
-29868
-29748
-29359
-28917
-28665
-28595
-28142
-28082
-27978
-27865
-27578
-27418
-27078
-26740
-26620
-26616
-26519
-26287
-26216
-25834
-25775
-25520
-25503
-25327
-25298
-25004
-24848
-24750
-24715
-24459
-24445
-24247
-24108
-23956
-23688
-23617
-23586
-23407
-23294
-23156
-23048
-22776
-22076
-22049
-21993
-21828
-21812
-21594
-21351
-21273
-21099
-21034
-20666
-20515
-20392
-20349
-20340
-20055
-19884
-19862
-19433
-19297
-19072
-18852
-18834
-18401
-18205
-17925
-17820
-17568
-17564
-17253
-17169
-16493
-16483
-16380
-16206
-16147
-16023
-15670
-15662
-15643
-15557
-15104
-15081
-14872
-14820
-14726
-14648
-14409
-14264
-14165
-13197
-13147
-12707
-12540
-12516
-11505
-11481
-11318
-11210
-10541
-9442
-9306
-9257
-9249
-9157
-9032
-8854
-8840
-8579
-8377
-8140
-8116
-8029
-7872
-7801
-7446
-7255
-7115
-7061
-6845
-6305
-5904
-5789
-5747
-5398
-4938
-4882
-4686
-4624
-4576
-4514
-4500
-4486
-4430
-4393
-4311
-4285
-3990
-3870
-3498
-3259
-3233
-3088
-2963
-2596
-1936
-1778
-1729
-1727
-1491
-1427
-1307
-1046
-845
-728
-458
-325
-27
71
363
981
1082
1666
1938
2504
2555
2656
2835
3283
3484
3627
3633
3900
3958
4492
4788
4856
5379
5384
5408
5440
5568
5812
5979
6307
6426
6692
6857
6883
6993
7104
7168
7487
7509
7625
7731
7746
7840
7907
8102
8120
8280
8532
8799
8843
8963
9295
9764
9829
9947
9950
10230
10390
10698
10728
10885
10885
11238
11494
11564
11987
12056
12213
12237
12495
12629
13202
13669
13829
14186
14234
14269
14327
14944
15021
15111
15452
15614
15790
15824
15901
15917
16014
16381
16542
16635
16914
16986
17400
17557
17667
17702
17745
17945
17952
18120
18120
18322
18331
18550
19017
19602
19746
19953
20025
20065
20295
20388
20438
20759
21121
21222
21317
21384
21444
21789
21923
22005
22021
22179
22385
22438
22572
22625
22965
23306
23676
23759
24122
24335
24536
24997
25114
25204
25303
25338
25611
26124
26210
26520
26986
27106
27243
27302
27685
27776
27864
27911
28324
28506
28702
28910
28948
29368
29423
30144
30389
30540
30709
31224
31315
31326
31609
31829
31852
31896
31932
31975
32030
32040
32066
32090
32092
32111
32855
32871
33014
33320
33369
33611
33626
33878
33885
34425
34460
34504
34668
35017
35231
36112
36294
36318
36324
36349
36802
37077
37085
37350
37410
37455
37669
37791
37995
38015
38264
38468
38742
38905
38974
39382
39705
39774
40097
40333
40441
41015
41068
41144
41185
41397
41574
41735
41820
42646
42764
42834
42966
43086
43095
43399
44077
44254
44667
44762
44765
44998
45540
45763
45773
45866
45942
46356
46442
46468
46578
46597
46799
47320
47510
47694
47947
48149
48170
48251
48818
48985
49134
49347
49401
49658
49810
50127
50293
50568
50663
50691
50826
50939
51219
51396
51537
51663
51816
51837
52168
53143
53159
53314
53539
53575
53714
53721
53961
54453
54606
54664
54978
55018
55150
55159
55618
55735
55847
56157
56176
56252
56353
56428
56459
56476
56528
56641
56864
57102
57151
57418
57470
57674
57809
58242
58309
58926
59018
59048
59322
59378
59460
59994
60142
60278
60306
60414
60508
60688
61481
61605
62000
62679
63014
63171
63327
63419
63603
63662
64543
64807
64906
64968
65300
65414
65427
65502
65869
65939
66056
66080
66439
66638
66811
66893
67067
67584
68187
68206
68298
68457
68789
68868
69689
69751
69887
70220
70249
70480
70690
70691
70788
70971
71176
71212
71404
71559
71575
72523
73299
73406
73559
73625
73878
74097
74239
75073
75214
75525
75660
75690
75870
75944
76868
77253
77410
77963
77986
78367
78369
78419
78661
78680
78754
78925
79228
79335
79570
79602
79852
79857
80027
80079
81304
81312
81589
81955
81971
82110
82585
83268
83352
83541
83676
83730
84242
84273
84618
84624
84990
85451
85659
85942
86053
86226
86460
86548
86557
86742
87023
87362
87523
87632
87821
87883
88282
88320
88492
88627
88641
88724
88992
89123
89245
89604
90452
90689
90749
90995
90996
91217
91346
91453
91868
92275
92314
92421
92463
92467
92677
92812
93025
93208
93403
93452
93597
93661
93694
93743
94006
94341
94613
94913
94946
95031
95051
95139
95452
95776
95821
96112
96302
96408
96477
96624
96791
96867
97223
97302
98040
98185
98531
98545
98679
98952
99122
99227
99341
99402
99921