-99971
-99660
-99523
-99282
-99230
-99221
-98916
-98871
-98833
-98829
-98817
-98787
-98523
-98202
-98190
-98134
-98096
-98042
-97934
-97563
-97271
-96966
-96898
-96665
-96471
-96271
-96236
-96193
-95652
-95335
-94795
-94786
-94720
-94697
-94419
-94218
-93918
-93895
-93878
-93850
-93780
-93578
-93555
-93515
-93466
-93286
-93255
-93074
-93029
-92886
-92751
-92739
-92469
-92457
-92326
-92014
-91503
-91053
-90850
-90464
-90318
-90055
-89994
-89669
-89645
-89425
-89183
-88754
-87641
-87593
-87579
-87205
-87165
-87034
-86869
-86867
-86641
-86344
-85902
-85795
-85539
-85183
-85164
-85078
-84736
-84473
-84067
-83812
-83707
-83655
-83551
-83227
-83192
-83131
-83111
-82627
-82577
-82552
-82480
-82072
-81973
-81633
-81597
-81595
-81072
-80850
-80761
-80554
-80456
-80432
-80227
-80047
-79762
-79611
-79428
-79051
-78826
-78081
-77986
-77892
-77871
-77571
-77177
-76437
-75965
-75454
-74653
-74297
-73800
-73552
-73426
-73417
-73384
-72667
-72426
-72259
-72257
-72148
-71775
-69977
-69802
-69787
-69555
-69505
-69249
-69064
-68652
-68227
-67286
-67242
-67095
-67047
-66937
-66854
-66603
-66516
-66131
-65933
-65852
-65765
-65750
-65601
-64496
-63985
-63807
-63562
-63435
-63302
-63286
-63119
-62939
-62921
-62781
-62481
-62322
-62282
-61950
-61895
-61892
-61764
-61003
-60101
-59913
-59808
-59704
-59360
-59233
-59099
-59034
-58879
-58763
-58705
-58496
-58076
-57858
-57693
-57616
-57490
-57412
-57057
-56659
-56649
-56447
-56335
-56143
-56131
-56102
-56018
-55590
-55329
-55258
-55026
-54971
-54434
-54427
-54347
-54234
-54226
-54100
-53773
-53603
-53215
-53215
-53131
-53040
-52435
-52381
-51917
-51496
-51443
-51365
-51311
-51208
-50938
-50922
-50519
-50169
-50025
-49804
-49794
-49687
-49677
-49246
-49085
-49025
-48894
-48757
-48689
-48574
-48467
-48054
-47702
-47129
-46381
-45591
-45455
-45447
-45439
-45395
-45264
-45243
-44710
-44085
-43534
-43387
-43378
-43177
-43159
-43138
-42980
-42501
-42489
-41925
-41912
-41803
-41764
-41636
-41537
-41486
-41407
-40706
-40467
-40453
-40211
-39967
-39921
-39821
-39801
-39711
-39491
-39429
-38700
-38575
-38483
-38423
-38387
-38273
-38085
-38005
-37690
-37326
-37229
-37163
-37089
-36940
-36659
-36648
-36153
-36138
-35953
-35855
-35129
-35051
-34899
-34313
-34202
-33767
-33747
-33217
-33156
-33023
-33002
-32803
-32739
-32344
-32330
-32229
-32178
-31852
-31484
-31243
-31077
-30783
-30563
-30473
-30465
-30414
-30247
-30137
-30007
-29993
-29785
-29687
-29419
-29246
-28825
-28390
-28254
-28158
-27997
-27911
-27893
-27801
-27445
-27394
-26860
-25935
-25879
-25811
-25710
-25580
-25524
-25463
-25445
-25230
-25189
-24634
-24492
-24428
-24381
-24255
-24226
-23942
-23759
-23515
-23510
-23403
-23311
-23165
-23102
-23027
-22813
-22568
-22541
-21976
-21702
-21698
-20956
-20703
-20221
-19983
-19786
-19531
-19144
-19092
-18979
-18831
-18681
-17457
-17054
-16671
-16629
-16495
-16265
-16225
-16098
-16063
-15863
-15735
-15713
-15591
-15167
-15167
-15093
-15077
-14944
-14680
-14641
-14600
-14523
-14249
-13976
-13782
-13664
-13565
-13261
-12978
-12963
-12788
-12785
-12518
-12451
-12265
-12112
-11426
-11424
-11408
-11098
-11069
-10905
-10894
-10718
-10684
-10352
-9784
-9624
-9113
-9088
-9029
-8991
-8943
-8842
-8666
-8578
-8556
-8078
-7978
-7552
-7458
-7228
-7089
-6618
-5961
-5761
-5431
-5421
-5377
-5187
-4951
-4504
-4235
-4209
-3827
-3571
-3378
-3265
-3000
-2763
-2711
-2662
-2612
-2591
-2487
-2443
-2185
-1236
-1229
-1118
-1051
-989
-768
-756
-745
-678
-107
12
149
610
847
977
1098
1116
1184
1230
1452
1505
1523
1950
2450
2984
3044
3095
3428
3431
3479
3604
3657
4162
4217
4838
5126
5370
5379
5703
5744
5871
5956
6276
6398
6542
6546
6852
6869
6893
7058
7322
7563
8083
8107
8319
8704
9043
9190
9321
9369
9537
9787
10000
10017
10410
10663
10779
11057
11144
11366
11713
11779
11940
12428
12510
13008
13197
13229
13629
13636
13753
13880
13947
14044
14371
14634
14972
15244
15843
16080
16215
16265
16433
16904
16908
16985
17160
17246
17332
17401
17523
17539
17647
17793
18095
18204
18233
18313
18450
18678
18717
19059
19322
19397
19614
20222
20315
20335
20785
20919
21479
21536
22255
22414
22574
22635
22644
22784
22856
22871
22982
23031
23112
23263
23860
24437
24471
24879
24920
25242
25315
25545
25561
26582
26637
27106
27113
27241
27907
27954
27969
28083
28186
28289
28926
29059
29107
29231
29345
29426
29750
29964
29992
30594
30965
31050
31069
31119
31179
31225
31589
31710
32011
32069
32074
32210
32288
32579
32754
32964
33206
33210
33238
33331
33828
33920
33990
34117
34201
34977
35221
35421
35681
35834
36225
36442
36451
36473
36726
37024
37110
37612
38077
38666
38722
38754
38909
38999
39293
39451
39811
39990
40342
40632
40756
40854
41004
41039
41085
41149
41949
41968
42287
42320
42452
42583
42664
42771
43183
43206
43346
43633
43896
44031
44130
44186
44401
44486
44550
44601
44667
44887
45217
45405
45474
45997
47223
47464
47655
47889
47984
48387
48531
48571
48799
48836
49927
49961
50000
50045
50129
50205
50261
50340
50773
50889
51016
51092
51171
51188
51266
51703
51900
51938
51990
52304
52846
53100
53372
53560
53636
53723
53942
54255
54258
54302
54322
55399
55467
56196
56216
56272
56323
56345
56407
56629
56629
56694
57019
57073
57190
57229
57242
57539
57760
57988
58544
58895
59122
59574
59720
59884
59923
60033
60322
60637
61555
61730
62039
62113
62164
62270
62297
62451
62908
63213
63432
63462
64213
64478
64516
64645
64828
65046
65237
65334
65393
65462
65512
65784
65813
66061
66213
66491
66574
66641
67083
67086
67238
67296
67491
67648
68271
68384
68477
68504
68615
68936
69382
69689
70790
70908
70976
71108
71160
71329
71551
71649
71778
71841
71845
71938
71957
71978
72348
72557
72651
72904
73234
73252
73392
73864
73896
74108
74155
74221
74561
74659
74726
74970
75261
75574
75645
75757
75807
75845
75862
76077
76233
76379
76701
76998
77055
77481
77535
77894
78235
78394
78407
78836
78845
78993
79058
79486
80196
80303
80430
80695
80719
80774
80956
80980
81048
81122
81127
81643
81759
81775
81939
82019
82145
82185
82305
82432
82502
82629
82670
82710
83323
83414
84287
85360
85501
85643
85906
86148
86416
86572
86714
86776
86887
87282
87301
87793
87802
87853
87858
87872
88326
88401
88853
89028
89168
89194
89203
89242
89252
89358
89665
89699
89796
89874
90079
90087
90371
90474
90679
90869
90935
90977
90999
91134
91176
92453
92544
92818
93250
93371
93487
93512
93584
93606
93765
94077
94483
94701
94988
94995
95142
95578
95784
95948
96489
96575
96898
97048
97063
97109
97243
97555
97699
97975
98093
98372
99319