-99756
-99680
-99626
-99609
-99512
-99244
-99232
-98788
-98571
-98506
-98489
-98473
-98224
-98161
-97904
-97801
-97577
-97514
-97511
-97441
-97323
-97251
-97038
-96952
-96648
-96505
-96501
-96454
-96417
-96361
-96324
-95744
-95676
-95666
-95260
-95230
-95193
-94242
-94088
-93891
-93794
-93420
-93179
-93057
-92891
-92749
-92722
-92702
-92295
-92286
-92267
-91851
-91462
-91432
-91212
-91194
-91034
-91015
-90928
-90704
-90577
-90489
-90421
-90275
-90120
-89917
-89874
-89768
-89709
-89661
-89415
-89289
-89134
-89107
-88833
-88584
-88226
-88088
-87991
-87842
-87533
-87512
-87415
-87244
-87185
-87155
-86991
-86722
-86438
-85846
-85827
-85806
-84924
-84795
-84380
-84328
-84209
-83925
-83701
-83689
-83544
-82896
-82689
-82359
-81696
-81451
-81204
-80874
-80785
-80420
-80182
-80173
-80139
-80130
-79991
-79921
-79563
-79516
-79231
-79061
-78616
-78428
-78031
-77173
-76966
-76340
-76307
-76132
-76095
-75889
-75458
-75214
-74880
-74751
-74598
-74547
-74469
-74193
-73943
-73720
-73716
-73639
-73515
-73462
-73321
-73052
-72943
-72678
-72670
-72618
-72120
-71759
-71675
-71601
-71401
-70914
-70760
-70578
-70484
-70438
-70239
-70216
-69591
-69548
-69172
-68812
-68760
-68477
-68428
-68305
-68234
-68041
-67994
-67868
-67722
-67506
-67378
-66631
-66547
-66296
-65937
-65693
-65584
-65486
-65363
-65121
-65053
-64749
-64726
-64424
-64293
-64221
-64154
-64122
-64104
-63786
-63716
-63255
-63237
-63169
-62118
-61712
-61408
-61330
-61174
-61037
-60507
-60225
-60213
-59532
-59190
-59190
-59099
-59092
-58694
-58677
-58595
-58114
-57930
-57693
-57650
-56965
-56656
-56510
-56397
-56270
-56246
-56197
-56047
-56019
-55928
-55419
-55410
-55176
-55176
-54514
-54106
-54096
-53380
-53284
-52696
-52481
-52404
-52349
-52147
-52016
-51925
-50794
-50614
-50212
-50151
-48980
-48828
-48808
-48701
-48561
-48487
-48303
-48210
-48016
-47822
-47624
-47599
-47514
-47506
-47325
-46954
-46358
-46205
-46192
-45930
-45577
-45511
-45363
-45189
-44815
-44555
-44438
-43801
-43372
-42878
-42589
-42539
-42439
-42176
-42044
-41972
-41916
-41909
-41743
-41487
-41351
-41139
-41132
-40974
-40919
-40865
-40824
-40764
-40675
-40672
-40512
-40177
-40154
-40111
-39752
-38885
-38648
-38645
-38612
-38409
-38392
-38194
-38075
-38071
-37775
-37727
-37371
-36991
-36383
-35576
-35567
-35261
-35095
-35059
-34779
-34774
-34572
-34207
-34066
-34015
-33986
-33849
-33584
-33562
-33553
-33551
-33084
-32913
-32829
-32710
-32643
-32602
-32479
-32026
-31744
-31722
-31191
-30816
-30761
-30357
-30122
-29845
-29840
-28972
-28901
-28702
-28626
-28599
-28095
-27755
-27569
-27113
-27066
-26755
-26253
-25913
-25821
-25793
-25725
-25629
-25224
-25156
-24929
-24865
-24791
-24113
-23816
-23588
-23420
-23357
-23138
-22672
-22611
-22403
-22389
-22316
-22196
-22127
-21842
-21815
-21670
-21583
-21538
-21417
-21307
-20597
-20440
-19834
-19166
-19004
-19003
-18797
-18430
-18336
-18332
-18266
-17336
-17303
-16872
-16815
-16664
-16607
-16485
-16367
-16130
-16020
-16015
-15883
-15333
-15189
-14981
-14884
-14851
-14796
-14796
-14041
-13966
-13828
-13715
-13515
-12675
-12636
-12630
-12513
-12420
-12077
-12026
-11976
-11718
-11550
-11288
-11094
-10831
-10505
-9960
-9939
-9925
-9872
-9501
-9487
-9486
-9307
-8607
-8479
-8095
-7659
-7302
-7254
-7039
-6973
-6363
-6270
-6156
-6041
-5822
-5789
-5602
-5157
-5007
-4856
-4590
-4536
-3861
-3250
-3166
-3159
-3077
-2991
-2837
-1915
-1741
-1258
-1224
-1062
-1045
-1024
-917
-879
-667
-500
-451
71
187
533
1000
1023
1078
1395
1441
1615
1807
1815
1843
1940
2452
2647
2655
3177
3432
3538
3764
3882
4024
4399
4715
5035
5483
5494
5683
5780
5815
5917
6091
6390
6907
7170
7664
7978
8065
8111
8307
8344
8402
8667
8707
8842
8903
9176
9633
9692
9860
10252
10681
10847
10876
10880
10931
10950
11276
11292
11653
11669
11737
11743
11779
11803
12151
12198
12294
12299
12804
12854
12894
12903
13349
13400
13590
13722
13728
13735
13828
14062
14541
14934
15173
15507
15643
16040
16260
16296
16318
16484
16853
17108
17781
18005
18039
18053
18104
18189
18200
18309
18363
18720
18840
18860
19232
19275
19371
19561
19623
19662
19897
20410
20605
20683
20758
20775
21089
21109
21274
21547
21553
22471
22694
22750
22869
22991
23025
23047
23173
23265
23382
23980
24015
24281
24282
24336
24533
24582
25437
25578
25758
25864
26127
26160
26662
26843
27152
27173
27191
27442
27581
28104
28145
28146
28194
28483
28624
28662
29237
29398
29702
29722
29755
30150
30436
30478
31444
31488
31796
31921
32156
32649
32803
33098
33516
34043
34135
34575
34793
35105
35262
35473
35839
36436
36627
36680
36709
37306
37462
37718
37827
37899
38006
38422
38735
38991
39003
39043
39175
39355
39912
40038
40313
40400
40616
40653
40683
40745
40978
41251
41619
41636
42268
42344
42464
42638
43044
43108
43165
43188
43304
43346
43578
43828
43848
44168
44690
45321
45394
45485
45809
45968
46002
46055
46284
46354
46382
46492
46602
46623
47129
47263
47331
47541
47607
47651
47660
47705
47754
47920
48056
48128
48430
48622
48716
49255
49529
49633
50817
51152
51333
51584
52103
52744
52797
52989
53206
53434
53439
53489
53836
55284
55294
55516
55578
55795
55999
56188
56215
56350
56490
57246
57546
57588
58142
58186
58953
59328
60106
60139
60158
60158
60230
60266
60356
60437
60505
60588
60852
60897
61013
62212
62217
62249
62295
62299
62395
62729
63499
63664
64085
64235
64385
64761
64921
65321
65404
65543
65558
65979
65992
66149
66704
66883
67049
67085
67237
67473
67500
67500
67521
67576
67639
67901
68022
68248
68544
68769
69175
69289
69480
69546
69708
69937
70080
70226
70232
70588
70865
70883
71219
71334
71408
71455
71659
71671
71710
71782
71989
72063
72091
72163
72178
72916
73150
73298
73309
73439
73872
73912
74002
74092
74330
74409
74584
75346
75680
75781
75833
75857
75969
76111
76196
76531
76620
76755
76808
76897
76947
77071
77108
77269
77295
77328
77668
77747
78028
78057
78177
78269
78312
78362
78542
78774
79265
79306
79787
79938
80737
80942
80977
81542
81711
82617
82738
82770
83375
83398
83669
83801
83839
83951
84071
84417
84907
85007
85188
85569
85734
85892
85969
86003
86083
86171
86227
86427
86637
87664
87745
87924
87934
87953
88474
88478
88512
88551
89041
89107
89251
89343
89678
89769
90134
90328
90401
90578
90690
90829
91145
91280
91804
91825
91976
92150
92154
92734
92963
93011
93436
93722
94036
94316
94587
94611
94687
95007
95251
95307
95355
95409
95591
95627
95716
96027
96151
96256
96268
96635
96741
96999
97336
97396
97432
97465
97502
97595
97759
97937
98028
98467
98594
98921
99250
99326
99787
99839
99881