-99820
-99676
-99613
-99385
-99068
-98976
-98890
-98558
-98279
-98051
-97774
-97706
-97436
-97060
-96925
-96861
-96834
-96771
-96760
-96670
-96286
-96220
-96117
-96009
-95554
-95417
-95314
-95031
-94920
-94661
-94595
-94105
-94029
-94026
-93951
-93897
-93879
-93673
-93290
-93245
-93060
-92864
-92758
-92448
-92390
-92229
-92108
-91922
-91576
-91524
-91487
-91389
-91208
-91207
-90579
-90371
-90210
-90059
-89745
-89392
-89223
-89151
-89052
-88947
-88930
-88894
-88537
-88477
-88452
-87854
-87636
-87349
-87105
-86992
-86673
-86433
-86131
-86017
-85713
-85382
-85242
-85186
-85081
-85064
-84888
-84688
-84477
-84347
-84153
-84075
-84027
-83896
-83695
-83332
-83094
-82900
-82090
-81911
-81769
-81176
-81036
-80236
-80199
-80186
-79908
-79688
-79681
-79453
-79408
-79332
-79309
-79164
-78748
-78736
-78472
-78161
-78118
-78084
-77969
-77822
-77539
-77367
-77206
-76971
-76769
-76647
-76631
-76462
-76383
-76153
-75987
-75922
-75686
-75192
-75129
-75069
-75043
-74937
-74185
-74177
-73958
-73811
-73704
-73322
-73269
-73250
-72864
-72700
-72621
-72570
-72379
-72320
-72129
-71903
-71715
-71316
-71278
-71114
-71008
-70454
-69927
-69875
-69815
-69681
-69666
-69540
-69429
-68980
-68890
-68698
-68325
-68261
-67961
-66805
-66575
-66379
-65967
-65920
-65486
-64705
-64579
-64523
-64468
-64399
-64367
-64049
-63981
-63555
-63521
-63276
-63116
-63087
-63075
-62904
-62177
-61965
-61552
-61228
-61165
-60957
-60925
-60868
-60832
-60796
-60500
-59714
-59536
-59113
-58849
-58823
-58510
-58503
-58342
-58337
-57796
-57674
-57299
-57137
-56788
-56642
-56184
-56048
-56019
-55850
-55640
-55542
-54960
-54954
-54219
-54143
-53932
-53904
-53602
-53415
-53085
-52772
-52605
-52571
-52437
-52369
-52143
-51735
-50584
-49910
-49517
-49127
-49093
-48713
-48679
-48596
-48341
-48303
-48131
-48045
-48022
-47766
-47631
-47504
-47428
-47263
-46859
-46806
-46804
-46556
-46338
-46120
-45634
-45606
-45148
-45120
-44938
-44851
-44682
-44015
-43713
-43412
-43409
-43386
-43188
-43138
-43022
-42748
-42726
-42702
-42223
-42169
-42148
-42085
-42024
-41920
-41768
-41426
-41376
-41358
-41277
-41132
-41117
-40883
-40840
-40645
-40163
-39959
-39895
-39872
-39283
-39092
-38825
-38345
-38246
-38232
-38019
-37914
-37669
-37083
-36995
-36947
-36913
-36703
-36662
-36485
-36324
-36294
-36153
-35986
-35953
-35830
-35690
-35461
-35155
-34753
-34622
-34574
-34462
-34332
-34178
-34097
-33834
-33813
-33731
-33252
-33066
-32771
-32683
-32409
-32299
-32180
-32061
-31997
-31728
-31520
-31266
-31211
-31067
-31005
-30886
-30885
-30875
-30844
-30821
-30619
-30317
-30126
-30086
-29552
-29441
-29410
-29288
-29004
-28959
-28885
-28711
-28563
-28501
-28462
-28380
-27752
-27721
-27560
-27301
-27262
-27168
-26866
-26812
-26625
-26527
-26375
-26116
-26113
-25938
-25912
-25907
-25733
-25654
-25189
-24835
-24834
-24751
-24727
-24705
-24492
-24339
-24066
-23685
-22905
-22841
-22748
-22692
-22494
-22437
-22325
-22072
-22031
-21684
-20939
-20799
-20299
-20235
-20136
-19869
-19754
-19601
-19569
-19476
-19316
-18884
-18796
-18132
-18059
-18054
-17782
-17417
-16811
-16773
-16698
-16548
-16479
-16435
-16235
-16087
-15865
-15570
-15130
-15092
-14820
-14658
-14558
-14544
-14462
-14009
-13925
-13886
-13732
-13482
-13241
-13220
-13153
-13081
-12808
-12514
-12396
-12166
-11963
-11843
-11773
-11350
-11155
-10990
-10742
-10724
-10704
-10484
-10002
-9928
-9807
-9638
-9544
-8752
-8735
-8211
-8021
-7685
-7643
-7505
-6856
-6838
-6822
-6482
-6342
-6213
-6036
-5939
-5939
-5905
-5709
-5584
-5265
-5099
-4892
-4885
-4857
-4856
-4538
-4429
-4200
-4167
-4003
-3745
-3699
-3401
-3019
-2840
-2738
-2566
-2228
-2141
-2009
-1621
-1526
-1164
-1000
-947
-909
-877
97
275
505
569
668
697
938
1464
1568
1737
1904
1911
2037
2468
2636
2829
3043
3087
3336
3599
3647
3698
3729
3801
4162
4350
4505
4541
4943
5179
5233
5281
5314
5534
5546
5576
5674
5847
6316
6562
6601
6649
6677
6938
6957
7079
7082
7108
7129
7259
7705
8199
8225
8370
8674
9142
9217
9426
10300
10337
10519
10850
11206
12065
12377
12778
13034
13050
13260
13344
13522
13560
13642
13858
14043
14270
14568
14888
15107
15186
15323
15527
16059
16068
16083
16836
17041
17066
17090
17879
17955
18154
18466
18586
18828
18870
19392
19517
19547
20064
20067
20377
20487
20603
20626
21468
21500
21548
21638
21901
21919
22073
22319
22435
24211
24349
24577
24721
24907
24930
24967
25020
25031
25227
25757
26043
26171
26503
26555
26882
27095
28249
28440
28566
28883
29632
29776
30017
30045
30298
30922
31014
31022
31251
31361
31490
31651
31972
31997
32008
32188
32233
32687
32908
33034
33530
33554
33754
33850
33870
34047
34587
35206
35272
35487
35866
35882
35897
36088
36198
36482
36545
36563
36589
36900
37008
37498
37502
37655
37797
37917
37938
38032
38492
38642
38869
39035
39038
39085
39164
39416
39644
39703
39946
39995
40256
40352
40459
40607
40784
40907
41841
41992
42057
42548
42693
43071
43899
44272
44520
44750
45157
45204
45253
45472
45565
45664
45790
46017
46032
46527
46622
46810
46839
46871
46981
46991
47034
47497
47664
47985
48011
48099
48145
48722
48751
49252
49438
49737
49761
49773
49786
50033
50064
50192
50397
50829
51241
51324
51355
51788
52160
52290
52332
52697
52731
52848
52922
52944
53449
53532
53549
54653
55382
55533
55569
55586
56491
56843
56976
57209
57365
57414
57814
57822
57896
58267
58318
58606
58717
59064
59550
59784
60088
60221
60593
60888
60932
61123
61460
61495
61614
61971
61995
62813
62869
63107
63393
63634
63738
64017
64321
64327
64674
65014
65116
65202
65329
65995
66010
66070
66217
66246
66310
66464
66895
66988
67329
67619
67872
68073
68111
68119
68489
68711
68789
69296
69849
69941
70058
70263
70280
70452
70844
70993
71503
71805
71908
72024
72102
72608
72635
72800
72918
73277
73350
73850
74012
74071
74172
74386
74448
74531
74902
74912
74919
75063
75200
75220
75314
75495
75539
75600
75980
76021
76175
76210
76303
76465
76804
77060
77258
77379
77787
77795
78318
78393
78630
78775
78829
78868
78934
79327
79736
79866
79957
79958
80026
80113
80152
80237
80269
80381
80674
80781
80838
81018
81184
81217
81222
81239
81560
81702
81921
81991
82155
82719
82742
82745
83106
83830
84002
84171
84505
84876
84904
85125
85125
85438
85499
87173
87475
87846
88024
88152
88212
88214
88302
88331
88518
89149
89181
89963
90148
90177
90461
90823
90952
91004
91569
91581
91935
92860
93052
93251
93284
93311
93332
94040
94118
94220
94605
94622
94931
95054
95126
95282
95319
95753
96010
96231
96495
96559
96648
96919
97059
97114
97198
97352
97666
98052
98169
98820
98869
99462
99594
99943