-99608
-99486
-99367
-99096
-98932
-98390
-97125
-96794
-96092
-96043
-95902
-95428
-95384
-95233
-95025
-94736
-94651
-94556
-94077
-93830
-93327
-93058
-92718
-92394
-92263
-92076
-91973
-91825
-91772
-91048
-90742
-90679
-90634
-90598
-90544
-90448
-90368
-90148
-90015
-90000
-89919
-89442
-89406
-89342
-89077
-88953
-88695
-88448
-88379
-88113
-88034
-87990
-87893
-87580
-87366
-87268
-87128
-87096
-87087
-86938
-86932
-86869
-86795
-86787
-86737
-86617
-86576
-86406
-86008
-85686
-85531
-85172
-84440
-84318
-84091
-84067
-84023
-83891
-83843
-83117
-82895
-82868
-82554
-82296
-82256
-82222
-82178
-81807
-81316
-80865
-80245
-79825
-79819
-79678
-79619
-79458
-79406
-79270
-79101
-78961
-78846
-78583
-78526
-78470
-78463
-78416
-78407
-78297
-78253
-78229
-77695
-77592
-77439
-77306
-76772
-76057
-75755
-75485
-75411
-75318
-75036
-74892
-74830
-74762
-74608
-74582
-74245
-74107
-73947
-73782
-73675
-73383
-72990
-72952
-72754
-72703
-72634
-72512
-72354
-72098
-71993
-71892
-71883
-71846
-71769
-71756
-71698
-71435
-71029
-71021
-70904
-70896
-70750
-70723
-70486
-70323
-70184
-69754
-68982
-68816
-68808
-68528
-68375
-67959
-67821
-67644
-67588
-67405
-67325
-67245
-67237
-66971
-66926
-66619
-66341
-66172
-66109
-65998
-65287
-65218
-65074
-64799
-64143
-63322
-63050
-62792
-62742
-62710
-62146
-62138
-62133
-62064
-61919
-61891
-61745
-61732
-61254
-61254
-60916
-60840
-60394
-60160
-59853
-59287
-58707
-58630
-58375
-58229
-57978
-57244
-57191
-57005
-56957
-56860
-56702
-56160
-55811
-55682
-55223
-55060
-55021
-54529
-54466
-54345
-54298
-53665
-53546
-52766
-52178
-51977
-51777
-51546
-51360
-51328
-51197
-51112
-50913
-50872
-50676
-50233
-49871
-49248
-49173
-48898
-48830
-48763
-48669
-48518
-48434
-48244
-47988
-47835
-47619
-47333
-47076
-46911
-46826
-46734
-46104
-45827
-45636
-45254
-45180
-44274
-44052
-43350
-43321
-43056
-42643
-42382
-42366
-42296
-41713
-41284
-40958
-40721
-40322
-40226
-40181
-40157
-40053
-39921
-39646
-39622
-39507
-39227
-39222
-38463
-38191
-38178
-38146
-38072
-37773
-37758
-37606
-37184
-37028
-36445
-36427
-36321
-36197
-36157
-36069
-35913
-35735
-35668
-35051
-34995
-34789
-34504
-34359
-34261
-34165
-34104
-34075
-34025
-33970
-33895
-33806
-33750
-33731
-33434
-33168
-33098
-32875
-32161
-32053
-31804
-31791
-31768
-31758
-31667
-31652
-31479
-31347
-31260
-31247
-31223
-30732
-30156
-29917
-29799
-29704
-29358
-28951
-28591
-28570
-28511
-28421
-28179
-28072
-27890
-27832
-27790
-27651
-26640
-26498
-26437
-26032
-25552
-25480
-25272
-24976
-24605
-24601
-24542
-24524
-24439
-24321
-24262
-23866
-23832
-23734
-23729
-23445
-23369
-22966
-22933
-22357
-22288
-22206
-22004
-21926
-21333
-21194
-21035
-21017
-20205
-19956
-19867
-19226
-18898
-18334
-18294
-18038
-17659
-17629
-17353
-17274
-17198
-16978
-16902
-16503
-16198
-16106
-15861
-15829
-15785
-15602
-15473
-15443
-15438
-15307
-15177
-14998
-14981
-14949
-14541
-14470
-14461
-14371
-14337
-14273
-14161
-14130
-14027
-13983
-13952
-13605
-13514
-13504
-12950
-12871
-12545
-12418
-12382
-11817
-11726
-11596
-11544
-11275
-10884
-10472
-10374
-10303
-10190
-10086
-9910
-9905
-9757
-9581
-9573
-9424
-9189
-8865
-8849
-8729
-8575
-8492
-8395
-8148
-7992
-7569
-7092
-7070
-7008
-6770
-6696
-6625
-6449
-6436
-6270
-6009
-5941
-5936
-5725
-5530
-5401
-5032
-4411
-4254
-4065
-3784
-3635
-3190
-3169
-3099
-2603
-2176
-1947
-1285
-1234
-1029
-990
-250
-148
642
748
793
1412
1442
2038
2264
2420
2697
2759
2795
3516
3534
3785
3867
4148
4156
4333
4591
4795
4897
5087
5163
5163
5475
5500
5842
6192
6689
6816
7009
7218
7655
7671
7720
7898
7931
7992
8146
8195
8274
8554
8648
8950
8975
9455
9475
9539
9562
10416
10852
11083
11351
11557
11872
11882
12068
12235
12590
12754
12933
13127
13286
13311
13382
13635
13787
14017
14248
14322
14350
14350
14376
14501
14923
15280
15391
15812
15905
16222
16474
17005
17175
17600
17737
17785
18100
18611
18655
18736
18769
19000
19118
19393
19401
19446
19607
19626
19638
19667
19995
20399
20438
20570
20593
20713
20964
21545
21772
21789
21831
21978
22123
22235
22980
23237
23304
23329
24146
24253
24555
24647
24678
24726
24917
24934
24991
25687
25858
26241
26333
26599
26950
27139
27575
27611
27789
27821
27889
27932
27945
28670
28711
29003
29152
29273
29307
29642
29967
30004
30236
30288
30297
30322
30605
30844
31072
31119
31208
31291
31315
31431
31437
31719
31880
32082
32097
32246
32352
32439
32496
32558
32679
32991
33161
33203
33345
33354
33393
33711
33722
33821
34177
34323
34537
34556
34623
34664
34692
35003
35065
35101
35262
35640
35902
35958
36046
36355
36809
36966
37268
38009
38598
38723
38726
38767
38904
39064
39274
39372
39417
39698
40044
40134
40136
40237
41026
41483
41484
41983
42577
42630
42842
42882
43148
44075
44091
44365
44401
44572
44707
44797
45654
46867
46895
46899
46945
47041
47226
47385
47396
48203
48227
48404
48478
48713
48765
48835
48880
49211
49374
49405
50211
50264
50338
50478
50938
50940
51182
52287
52345
52628
52819
53226
53587
53878
53961
54535
54625
54725
55119
55163
55303
55830
56141
56467
56697
57071
57206
57408
57645
57677
57847
58100
58205
58338
58353
58452
58604
58789
58802
59057
59304
59396
59906
60332
60581
60600
60972
61040
61310
61452
61603
62040
62523
62626
62664
62806
62929
62969
63798
64036
64064
64070
64082
64327
64370
64401
64835
64919
64924
64960
64968
65283
65743
66109
66579
66828
67726
67794
68215
68346
68460
68912
69585
69662
69835
70161
70201
70268
70340
70405
70456
70554
70637
70761
71590
71630
71746
71814
71903
72054
72141
72368
72771
72931
73032
73289
73299
73406
73408
73560
73819
74366
74854
75130
75142
75169
75178
75512
75545
76128
76246
76434
76497
76553
76609
76642
76941
77025
77207
77256
77413
77572
77977
78074
78080
78129
78208
78792
79032
79246
79349
79571
79808
80049
80303
80401
80461
80462
80510
80628
80749
80913
81030
81174
81465
81754
81810
82147
82222
82253
82345
82438
82519
82862
83047
83411
83965
84241
84304
84838
85224
85329
85561
85608
85695
85793
85923
85935
86119
86288
86442
86535
86536
86827
86880
87178
87421
87516
87675
87810
87891
88477
88543
88565
88764
88843
88981
89169
89480
89520
89756
89852
89905
90039
90044
90140
90705
90768
91485
91534
91807
92134
92229
92793
92988
93044
93199
93928
94095
94170
94539
95003
95086
95292
95945
95948
96081
96083
96142
96195
96306
96344
96399
96407
96507
96986
97200
97572
97629
97840
97880
98049
98051
98417
98475
98644
98650
98669
98761
98766
98792
99339