-99956
-99722
-99538
-99314
-99303
-99047
-99020
-98912
-98692
-98254
-98015
-97204
-97160
-97117
-97105
-96674
-96287
-95814
-95625
-95621
-95483
-95278
-95201
-95052
-94981
-94964
-94853
-94673
-94646
-94446
-94154
-94116
-93609
-93467
-93301
-93158
-93137
-92905
-92550
-91789
-91656
-91580
-91510
-90827
-90646
-90645
-90415
-90351
-90222
-90186
-90094
-89897
-89793
-89244
-89244
-88802
-88633
-88187
-88186
-87290
-86994
-86818
-86733
-86702
-86420
-86363
-86248
-86040
-85980
-85968
-85866
-85822
-85615
-85473
-85343
-85220
-84963
-84781
-84191
-83945
-83848
-83509
-83398
-83256
-82794
-82705
-82631
-82586
-82569
-82330
-82182
-82114
-81749
-81149
-81111
-80369
-80361
-80298
-80055
-79539
-79143
-79068
-78897
-78750
-78699
-78699
-78495
-78489
-78391
-77898
-77783
-77327
-77282
-76482
-75999
-75744
-75643
-75632
-75550
-75535
-75434
-75364
-75207
-74984
-74144
-74142
-73928
-73839
-73537
-73493
-72922
-72845
-72797
-72656
-72582
-72324
-72241
-72068
-71685
-71449
-71300
-71104
-71020
-70999
-70888
-70772
-70615
-70523
-70442
-69750
-69390
-69246
-69223
-68073
-67869
-67752
-67385
-67327
-66793
-66722
-66289
-66265
-66019
-65845
-65714
-65696
-65638
-64722
-64653
-64427
-64282
-64135
-64034
-63983
-63855
-63541
-63373
-63208
-63005
-62807
-62588
-61715
-61442
-61076
-61054
-60588
-60558
-60380
-60311
-59754
-59751
-59531
-59294
-59100
-59072
-58699
-58678
-58535
-58245
-58209
-58072
-57641
-57187
-57165
-57018
-56934
-56840
-56734
-56398
-56393
-56284
-56011
-55978
-55865
-55495
-55412
-55373
-55199
-54924
-54886
-54544
-54538
-54340
-54210
-53838
-53800
-53707
-53666
-53665
-53527
-53030
-52991
-52816
-52691
-52625
-52460
-52308
-52028
-51626
-51111
-51087
-50676
-50188
-50025
-49757
-49485
-49379
-49209
-49160
-49104
-49024
-48772
-48720
-48111
-48018
-47787
-47606
-47074
-47036
-46945
-46327
-45978
-45916
-45113
-45005
-44903
-44664
-44635
-44633
-44600
-44598
-44464
-44341
-44315
-44314
-44214
-43797
-43702
-43682
-43531
-43353
-43136
-43110
-43060
-42849
-42518
-42481
-41836
-41827
-41749
-41699
-41638
-41454
-41426
-41332
-41298
-41292
-41135
-40959
-40475
-39981
-39728
-39616
-39615
-39457
-38986
-38963
-38952
-38828
-38750
-38645
-38643
-38571
-38158
-37581
-37463
-37427
-37404
-37371
-36957
-36953
-36811
-36755
-36498
-36373
-35910
-35575
-35241
-34801
-34605
-34534
-34479
-34332
-33738
-33486
-32959
-32687
-32474
-32227
-32130
-31862
-31835
-31549
-31338
-30788
-30693
-30543
-30446
-30173
-30146
-29922
-29855
-29626
-29326
-29122
-29105
-28960
-28943
-28513
-28164
-27861
-27851
-27836
-27638
-27563
-27495
-27324
-26938
-26920
-26234
-26165
-25566
-25565
-25513
-25455
-25446
-25041
-24942
-24916
-24822
-24582
-24553
-24511
-24414
-24358
-24161
-24139
-24097
-24031
-23989
-23902
-23716
-23290
-23176
-23039
-22966
-22104
-21928
-21843
-21513
-21451
-21358
-21338
-21278
-21108
-20950
-20277
-20194
-20084
-20052
-19625
-19528
-19426
-19379
-19360
-19350
-19088
-19087
-18971
-18846
-18440
-18077
-17367
-17141
-17090
-17084
-17083
-16985
-16532
-16395
-16376
-16239
-15925
-15822
-15505
-15495
-15370
-15264
-15228
-14962
-14789
-14746
-14679
-14562
-14475
-14129
-13953
-13651
-13518
-13231
-12979
-12856
-12634
-11901
-11833
-11615
-11551
-11516
-11134
-11091
-11022
-11008
-10597
-10499
-10326
-10137
-9597
-9596
-9514
-9350
-9319
-8724
-8604
-8260
-7854
-7688
-7525
-7408
-7123
-7018
-6985
-6876
-6603
-6602
-6275
-6189
-5959
-5761
-5734
-5684
-5576
-5386
-5101
-4628
-4616
-4573
-4547
-4339
-4321
-4298
-4196
-3947
-3824
-3673
-3574
-3530
-3362
-3140
-3018
-2991
-2850
-2600
-1892
-1685
-1471
-1149
-1094
-1013
-899
-351
92
144
269
905
1427
1617
1620
1929
2776
2776
2923
3269
3308
3317
3736
3804
4916
4953
5395
5491
5620
5645
5824
5876
5900
5905
6048
6217
6309
6332
6665
6771
6958
6961
7283
7502
7572
7654
7808
7810
8279
8631
8894
9062
9127
9133
9146
9388
9797
9862
10001
10002
10828
11431
11585
11612
11970
12097
12368
12655
12812
13110
13190
13629
13655
14366
14414
14444
15161
15588
16048
16109
16152
16367
16430
16432
16560
16742
16946
16961
16967
16972
17041
17288
17346
17828
18203
18467
18858
18907
19014
19110
19283
19545
19675
20432
20453
20653
20968
21374
21439
21604
21812
22007
22048
22331
22347
22441
22475
22594
22635
22784
22945
22999
23754
23764
23970
24109
24434
24891
25755
25836
26287
26496
26522
26605
26800
27036
27302
27441
27852
27911
27934
28283
28549
28610
28698
28748
28931
29155
29179
29187
29831
29843
29907
30021
30432
30562
30627
30650
30822
30875
31066
31637
31815
31966
32143
32208
32247
32251
32629
32665
33503
33630
34194
34454
34724
34793
34910
35030
35362
35455
35493
35899
35983
36646
36722
36756
36855
36977
37072
37077
37391
37442
37475
37771
37823
37935
38120
38362
38401
38990
39478
39622
40085
40409
41624
41876
42083
42204
42335
42513
42644
42724
42918
43061
43184
43283
43655
43682
43763
44493
44907
45718
46399
46406
46580
46657
46659
46868
47616
47735
47836
48055
48295
48450
49102
49106
49319
49567
50066
50354
50462
50735
51196
51497
51640
51873
51966
52295
52372
52432
52503
52566
52805
52955
52991
53324
53499
54718
54736
54844
54888
55332
56777
57053
57154
57300
57440
58575
58854
58978
59042
59240
59690
59780
59902
60010
60389
60507
60562
60587
60597
60811
60951
60957
61327
61380
61384
61728
61761
61766
62300
62412
62662
62809
63013
63026
63174
63218
63308
63848
64055
64396
64538
64574
65016
65204
65345
65358
65579
65581
66074
66084
66824
67179
67422
67654
67769
67811
67823
68240
68482
68750
68762
68822
68936
69416
69483
69502
69667
69970
70754
70775
71105
71173
71369
71371
71798
71937
72144
72363
72365
72393
72754
73061
73213
73913
74268
74354
74365
74583
74661
74887
74968
75110
75786
76106
76386
76490
76613
76709
76721
76917
77413
77532
78047
78417
78576
79468
79688
79725
79819
79843
79969
80462
80579
81067
81628
81879
81922
82367
82437
82463
82679
82919
82986
83001
83097
83138
83165
83337
83377
83455
83477
83528
83642
83742
84168
84196
84486
84812
84888
84926
85223
85246
85563
85960
86027
86122
86132
86141
86721
86741
86779
86918
86955
87105
87351
87406
87514
87692
88077
88103
88118
88552
88636
88649
88878
88896
88951
89056
89217
89527
90239
90641
90924
91296
91357
91549
91816
92165
92474
92610
92617
92670
92747
92758
92872
92931
93002
93042
93267
93304
93397
93405
93459
93596
93645
94131
94166
95053
95133
95374
95406
95459
95747
95889
95896
96019
96181
96403
96449
96456
96691
96714
96778
96909
96946
98053
98349
98536
98573
98675
98708
98913
99033
99184
99456
99494