-99926
-99587
-99539
-99471
-99404
-99375
-99017
-98985
-98859
-98804
-98626
-98613
-98188
-97946
-97248
-97217
-97155
-96976
-96972
-96771
-96667
-96378
-96299
-96162
-96092
-96027
-95987
-95690
-95633
-95546
-95493
-95320
-95042
-94570
-94560
-93829
-93781
-93736
-93726
-93593
-92960
-92770
-92763
-92762
-92660
-92311
-92142
-91862
-91027
-90589
-90488
-89971
-89467
-89252
-89145
-89119
-88434
-88389
-88264
-88048
-87939
-87871
-87798
-87665
-87229
-87169
-86804
-86754
-86136
-85678
-85575
-85467
-85438
-85435
-85374
-85307
-85031
-84999
-84763
-84636
-84566
-84563
-84311
-84293
-84162
-83659
-83634
-83572
-83244
-82986
-82753
-82707
-81905
-81589
-81583
-81439
-81401
-81075
-80885
-80332
-80298
-79929
-79735
-79621
-79070
-78978
-78892
-78820
-78588
-78228
-77503
-77216
-77104
-76873
-76656
-76449
-76386
-76201
-76172
-75635
-75611
-75576
-75575
-75199
-75112
-74729
-74712
-74322
-74086
-74084
-73947
-73860
-73776
-73545
-73255
-73239
-73128
-73027
-72605
-72460
-72177
-71290
-71265
-71229
-71153
-70408
-69914
-69848
-69763
-69596
-69468
-69402
-69276
-68869
-68676
-68475
-68446
-68305
-68303
-68162
-67998
-67976
-67794
-67122
-67050
-66698
-66398
-66322
-66086
-65986
-65417
-65156
-65139
-65128
-65105
-65013
-64931
-64739
-64683
-64567
-64456
-64204
-63974
-63776
-63763
-63212
-63135
-63018
-62446
-62387
-62194
-62098
-61910
-61906
-61520
-61203
-61108
-60981
-60938
-60936
-60925
-60829
-60479
-60418
-60331
-60324
-59985
-59960
-59854
-59569
-59410
-59408
-59346
-59226
-59051
-58813
-58719
-58670
-58461
-58442
-58243
-57881
-57803
-57766
-57561
-57080
-56943
-56910
-56692
-56503
-56099
-55833
-55615
-55609
-55406
-55329
-55209
-54817
-54744
-54570
-54345
-54230
-53674
-53298
-53229
-53169
-52801
-52687
-52630
-52544
-52494
-52290
-51864
-51224
-51187
-50711
-50398
-50294
-50279
-50211
-50160
-50123
-49664
-49638
-49447
-49359
-49289
-48879
-48798
-48773
-48765
-48601
-48547
-48496
-48296
-48207
-47875
-47705
-47578
-47388
-47121
-46735
-46727
-46706
-46488
-46239
-45997
-45899
-45743
-45229
-45204
-45175
-44867
-44484
-44325
-44251
-44065
-43742
-43173
-42912
-42702
-42589
-42227
-42221
-41805
-41604
-41255
-41045
-40953
-40679
-40484
-40091
-40051
-39986
-39747
-39576
-39567
-39540
-39309
-39239
-39133
-38838
-38321
-37521
-37426
-37375
-37012
-36716
-36556
-35752
-35266
-34533
-34361
-34276
-34113
-33606
-33579
-33126
-32825
-32773
-32616
-32612
-32067
-31734
-31463
-31367
-31078
-30487
-29895
-29752
-29584
-29432
-29349
-29085
-29009
-28990
-28655
-28130
-28047
-28022
-27874
-27284
-27257
-27250
-27153
-26984
-26977
-26917
-26912
-26166
-26122
-26044
-25901
-25278
-25081
-25018
-24991
-24825
-24459
-24371
-24305
-23818
-23760
-23682
-23474
-23190
-23122
-22937
-22813
-22710
-22654
-22570
-22253
-21677
-21674
-20772
-20389
-20308
-19826
-19746
-19486
-19367
-19299
-18855
-18841
-18400
-18213
-18081
-18004
-17971
-17931
-16502
-16455
-15369
-15355
-15053
-14876
-14584
-13699
-13604
-13351
-13182
-13052
-12941
-12792
-12774
-12739
-12717
-11495
-10979
-10595
-10056
-9669
-9601
-9518
-9475
-9070
-9018
-8796
-8546
-8194
-8008
-7797
-6624
-6383
-6309
-6208
-6023
-5532
-4832
-4619
-4458
-4360
-4274
-3982
-3759
-3635
-3380
-3279
-3252
-3172
-2846
-2520
-2352
-2266
-2219
-2026
-1929
-1910
-1897
-1559
-1416
-1147
-1032
-963
-666
-622
-92
-39
265
346
713
720
725
1051
1117
1479
2258
2542
2675
2931
3097
3120
3166
3211
3299
3614
3650
3942
3944
4148
4314
4882
4977
5391
5451
5613
5678
5790
6235
6254
6774
7165
7333
7617
7773
8132
8377
8672
8681
8721
8849
9110
9480
9632
9736
9923
9991
10241
10541
10668
11049
11321
11345
11378
11974
12035
12648
12975
13333
13448
13715
13868
13898
14269
14451
14984
15014
15051
15227
15532
15605
15615
15662
15884
15982
16393
16713
16997
17006
17233
17290
17304
17638
17929
18029
18317
18462
18635
18714
18932
18933
18946
19040
19322
19334
20609
20656
20717
20787
20836
21128
21278
21600
21924
21959
22205
22279
22811
23006
23110
23159
23289
23334
23439
23562
23858
24348
24840
24880
25045
25771
25839
25949
26082
26092
26122
26184
26307
26694
26741
26907
27147
27316
27675
27911
27996
28168
28260
28462
28488
28589
28619
28837
28977
29071
29176
29585
29788
29833
30028
30029
30242
30396
30942
30948
31273
31356
31545
31679
31685
31698
31884
31891
32115
32230
32958
33034
33046
33300
33308
33486
33574
33773
33798
34885
34888
35799
35873
35892
35927
36237
36289
36377
36620
36800
36855
37072
37164
37212
37439
37681
37856
37917
37976
38559
38565
38635
38745
39078
39271
39622
39749
40512
40549
40783
40895
40925
41596
41720
42410
42480
42570
42641
42711
43077
43079
43210
43341
43718
43901
44227
44361
44368
44470
44522
44638
45969
45982
46059
46495
47112
47698
47878
48218
48310
48369
48442
48695
49289
50046
50123
50225
50504
50627
51114
51234
51271
51286
51345
51804
51866
52112
52139
52912
53064
53423
53439
53563
53570
53733
53869
54171
54260
54430
54683
54956
55342
55420
55494
55584
55751
55878
55961
55970
56071
56122
56163
56319
56409
56476
56736
56782
56800
56932
57446
57629
57712
58452
58611
58651
58660
58764
58792
58830
59193
59398
59664
59872
59888
59969
60229
60287
60301
60361
60387
60466
60825
61067
61244
61358
61359
61465
61508
61606
61896
62358
62745
62909
62948
63018
63062
63063
63185
63276
63283
63305
63369
63444
63676
63795
63904
64654
65017
65083
65551
65776
66134
66281
66622
66665
66714
66771
66811
67204
67359
67450
67638
67687
67780
67912
68032
68220
68222
68257
68260
68323
68589
68749
69503
69532
70155
70158
70444
70597
70943
71587
71678
71815
71994
72033
72148
72507
72809
72904
73010
73019
73417
73745
73856
74518
74924
75193
75554
75622
75640
75642
75698
76055
76113
76657
76716
76802
76807
77410
77469
77672
77860
77999
78214
78838
78974
79080
79132
79311
79450
79507
79756
79800
80174
80194
80472
80768
80843
81116
81167
81300
81322
81503
81635
81777
82080
82253
82305
82759
82777
82998
83098
83152
83222
83305
83442
83453
83868
83968
83994
84261
84274
84453
84522
84586
84748
84887
84950
86075
86697
87052
87125
87158
87468
87674
87788
87913
87936
88016
88353
88644
88949
88951
89018
89370
89694
89789
89854
89911
90094
90223
90314
90520
90882
91106
91245
91259
91449
91543
91734
91750
91796
91811
92193
92241
92249
92558
92926
93297
93335
93503
94053
94111
94539
94615
94690
94818
94919
95145
95488
95853
96161
96479
96867
97114
97237
97316
97423
97452
97802
97890
97893
98049
98286
98336
98493
98694
98779
98992
99007
99301
99339
99400
99655