-99901
-99867
-99658
-99338
-99233
-99135
-98816
-98804
-98770
-98739
-98318
-98039
-97694
-97683
-97406
-96953
-96807
-96787
-96708
-96494
-96377
-95850
-95742
-95707
-95633
-94955
-94836
-94787
-93908
-93603
-93357
-93343
-92862
-92262
-91968
-91626
-91274
-91071
-90904
-90302
-90011
-89923
-89788
-89545
-89140
-88117
-88052
-87979
-87428
-87403
-87169
-86867
-86516
-86430
-86377
-86220
-86095
-85718
-85611
-85451
-85403
-85282
-85280
-85156
-84722
-83722
-83555
-83508
-83505
-83178
-83050
-82906
-82258
-81956
-81558
-81473
-81381
-81164
-81054
-80981
-80956
-80912
-80763
-80745
-80327
-80264
-80047
-80046
-79821
-79715
-79138
-78727
-78667
-78630
-78443
-78415
-78350
-77991
-77828
-77347
-76977
-76812
-76725
-76721
-76702
-76644
-76609
-76421
-76160
-76086
-75848
-75564
-75460
-75381
-75203
-75092
-74959
-74951
-74660
-74597
-74007
-73998
-73984
-73748
-73724
-73649
-73617
-73591
-73307
-73292
-73201
-72968
-72701
-72700
-72282
-71804
-71703
-70837
-70519
-70496
-70280
-70169
-70044
-69961
-69879
-69862
-69687
-69478
-69433
-69431
-69370
-69075
-69067
-68433
-68409
-68244
-68222
-67953
-67886
-67734
-67590
-67565
-66986
-66542
-66539
-66375
-65674
-65657
-65605
-65074
-64212
-64130
-63733
-63720
-63633
-63413
-63110
-63008
-62982
-62949
-62921
-62651
-62430
-62346
-62294
-62255
-62210
-61902
-61845
-61497
-61351
-61154
-61066
-61008
-60645
-60637
-60509
-60403
-60071
-59924
-59814
-59686
-59485
-59186
-58212
-58142
-57889
-57858
-57451
-57450
-57320
-57113
-57105
-56996
-56610
-56494
-56051
-55933
-55500
-55484
-55038
-54995
-54604
-54137
-54035
-54012
-53629
-53580
-53370
-53196
-53021
-52878
-52487
-52434
-52247
-52120
-51840
-51719
-50885
-50775
-50668
-50149
-50105
-50047
-49566
-48957
-48769
-48262
-48245
-48178
-47877
-47837
-47516
-47478
-46710
-46243
-46130
-46118
-45752
-45395
-45284
-44843
-44822
-44640
-44487
-44231
-43338
-43331
-42685
-42521
-41642
-41327
-40993
-40863
-40817
-40740
-40531
-39800
-39780
-39598
-39597
-39515
-39344
-39203
-38983
-38694
-38655
-38564
-38535
-38466
-38403
-37776
-37704
-37663
-37469
-37306
-37138
-36713
-36537
-36514
-36317
-36093
-35827
-35814
-35697
-35546
-35314
-34946
-34943
-34934
-34801
-34562
-34194
-34025
-33879
-33604
-33595
-33573
-33436
-33405
-33123
-32566
-32423
-32375
-31806
-31540
-31512
-31280
-31052
-30862
-30647
-30631
-30521
-30153
-29920
-29638
-29594
-28537
-28442
-28324
-28255
-28197
-27695
-27605
-27312
-27292
-27262
-27040
-26786
-26475
-26330
-26310
-26278
-26270
-26017
-25984
-25783
-25617
-25508
-25235
-24481
-24427
-23867
-23834
-23815
-23793
-23746
-23738
-23689
-23623
-23231
-23173
-23014
-22991
-22578
-22477
-21900
-21608
-21400
-21346
-21218
-21149
-21025
-20726
-20698
-20601
-20563
-20442
-20315
-20159
-20140
-19869
-19769
-19449
-19322
-19192
-19103
-18839
-18747
-18622
-18012
-17718
-17462
-17400
-16856
-16277
-16267
-16208
-16142
-15985
-15784
-15722
-15696
-15457
-15340
-15274
-14870
-14778
-14662
-14208
-13956
-13581
-13539
-13494
-13476
-13006
-12640
-12407
-12298
-12286
-12070
-11851
-11792
-11164
-11047
-10956
-10948
-10839
-10757
-10746
-10166
-9628
-9063
-8993
-8320
-7939
-7370
-7327
-7027
-7007
-6820
-6692
-6485
-5988
-5932
-5572
-5141
-5095
-4819
-4523
-4520
-4413
-4393
-4291
-4276
-3647
-3554
-3145
-3014
-2759
-2603
-2305
-2106
-2062
-2051
-1729
-1723
-1653
-1623
-1372
-778
-727
-723
-715
-437
-206
593
771
861
1469
1674
2378
2517
2526
2578
2727
2772
2787
3111
3661
3799
3997
4143
4279
4378
4692
5105
5190
5385
5615
5671
6356
6384
6667
6765
7248
7410
7460
7498
7823
8273
8607
8714
8944
8959
9620
9700
9763
9891
9935
10138
10339
10408
10870
10953
11048
11049
11115
11271
11299
11414
11787
11969
12125
12283
12554
12601
12627
12635
12712
12761
12769
12890
12900
12911
14852
15335
15531
15911
16027
16333
16357
16621
16680
16876
16930
17004
17713
18012
18180
18599
18607
19166
19994
20003
20081
20214
20281
20488
20489
20551
20665
20721
21154
21682
22074
22337
22719
23049
23178
23202
23263
23346
23539
23657
23682
23813
24158
24351
24981
25386
25456
25875
25932
26020
26253
26775
26925
26991
27122
27135
27166
27208
27217
27338
27641
27758
28496
28607
28675
29015
29097
29268
29570
30335
30908
30953
30993
31132
31188
31229
31492
31497
32009
32233
32241
32369
32378
32732
33139
33578
33633
33744
33894
34347
34486
34557
34678
34752
34844
35088
35141
35487
35671
35691
35935
36130
36678
37216
37285
37800
37833
38036
38174
38182
38298
38337
38587
38656
38773
38802
38841
39132
39144
39308
39542
40061
40285
40564
40723
40727
40813
41056
41115
41128
41267
41669
41989
42072
42134
42364
42428
42499
42725
43589
43749
43865
44050
44212
44313
44746
44801
45511
45707
46100
46349
46493
46955
47170
47668
47945
48104
48425
48453
48794
48961
49005
49052
49120
49130
49368
49492
49838
50374
50727
50729
50782
50935
51032
51258
51334
51370
51414
51573
51616
51738
51765
52047
52088
52280
52434
52446
52481
52506
52658
52777
52910
53602
53660
53747
53809
53905
54017
54139
54162
54172
54410
54546
54800
54863
55050
56042
56151
56315
56677
56817
56947
56988
57056
57125
57178
57261
57881
58098
58356
58463
58796
58873
59036
59108
59414
59833
59985
60416
60566
60964
61144
61340
61397
61595
61685
61890
61933
62003
62064
62238
62709
62739
62972
62991
63662
63714
63840
64190
64248
64451
64588
64607
64652
64720
64997
65032
65091
65438
65513
65697
65930
65941
66043
66106
66152
66162
66182
66226
66512
66678
67104
67306
67314
67379
67400
67827
67977
68067
68170
68461
68565
68697
69057
69179
69247
69247
69416
69430
69758
70071
70203
70408
70408
70412
70454
70514
70542
70647
70722
71001
71570
71581
71798
71818
72289
72552
72572
72755
72779
72820
73404
74001
74034
74254
74346
74442
74522
75035
75095
75256
75479
75670
75670
76330
76398
76678
76827
77038
77079
77159
77765
78046
78098
78294
78501
78626
78631
78711
78754
78778
79164
79169
79212
79251
79257
79362
79649
80057
80099
80160
80790
80892
80925
81317
81794
81840
81984
82102
82185
82363
82375
82537
83454
83564
83598
84036
84720
84787
85920
86089
86262
86400
86497
86562
86824
87047
87085
87102
87106
87213
87740
88028
88340
88641
88767
88950
89528
89940
90552
90735
90857
90906
91074
91121
91264
91464
91502
91512
91972
92097
92386
92693
92788
93051
93223
93291
93302
93382
93595
93827
93889
94181
94379
94428
94639
94713
94820
94830
94890
95090
95226
95578
95773
96123
96399
96483
96735
96757
96832
96869
96934
97076
97079
97179
97637
97783
98370
98499
98614
99090
99374
99419
99558
99946