-99512
-99473
-99270
-99036
-98755
-98516
-97867
-97845
-97835
-97821
-97751
-97055
-96687
-96146
-96057
-95778
-95541
-95522
-95436
-95396
-95231
-95002
-94738
-94592
-93892
-93723
-93709
-93699
-93165
-92829
-92565
-92558
-92335
-92333
-92284
-92283
-92022
-92014
-91795
-91773
-91239
-90976
-90895
-90688
-90605
-90584
-90521
-90508
-90491
-90050
-89919
-89552
-89453
-89416
-89304
-89200
-89194
-89103
-88882
-88717
-88490
-88179
-88091
-87793
-87697
-87634
-87104
-87023
-86653
-86240
-85980
-85685
-85421
-85216
-84845
-84824
-84800
-84784
-84766
-84655
-84536
-84429
-84097
-83953
-83833
-83281
-83265
-83169
-83168
-83134
-82924
-82880
-82688
-82409
-82210
-82135
-81919
-81627
-81315
-81289
-81073
-80707
-80484
-80407
-79952
-79802
-79537
-78943
-78578
-78503
-78274
-78192
-77835
-77761
-77580
-76396
-76374
-76213
-75864
-75833
-75742
-75684
-75654
-75352
-75324
-75056
-75023
-74871
-74840
-74614
-74546
-74518
-74472
-74453
-74326
-74261
-74183
-73547
-73481
-73451
-73428
-72979
-72832
-72817
-72243
-71868
-71735
-71687
-71580
-71491
-71463
-71034
-70967
-70955
-70641
-70489
-70442
-70340
-70159
-69788
-69783
-69775
-69773
-69692
-69548
-69510
-69417
-69199
-69143
-69062
-69011
-68846
-68616
-68538
-68506
-68409
-68316
-68282
-67713
-67689
-67645
-67445
-66902
-66633
-66453
-66272
-66186
-65728
-65688
-65362
-65357
-65065
-64945
-64598
-64454
-64382
-64126
-64029
-63548
-63525
-63279
-63013
-62976
-62827
-62817
-62601
-62408
-62105
-61793
-61778
-61396
-61395
-61244
-60702
-60530
-60394
-60185
-59681
-59498
-59481
-59394
-59261
-58943
-58158
-57721
-57666
-57525
-57478
-57446
-56988
-56838
-56714
-56232
-55852
-55673
-55454
-55453
-54967
-54640
-54421
-54268
-54044
-54002
-53937
-53894
-53722
-53631
-53582
-53379
-53346
-53318
-53166
-53069
-53017
-52933
-52809
-51748
-50760
-50641
-50630
-50616
-50450
-50214
-49937
-49780
-49239
-49073
-48973
-48409
-47977
-47946
-47808
-47301
-47265
-47102
-46985
-46877
-46731
-46713
-46156
-46137
-46079
-45900
-45637
-45332
-45265
-45199
-45185
-45092
-44756
-42896
-42802
-42790
-42466
-42283
-42142
-42129
-41804
-41657
-41546
-41046
-40583
-40435
-40185
-40025
-39987
-39845
-39810
-39758
-39228
-39177
-39053
-38677
-38326
-38055
-37755
-37579
-37576
-37470
-37363
-37218
-37122
-36566
-36546
-36315
-36112
-35830
-35524
-35339
-35183
-35134
-34894
-34185
-34138
-34133
-33993
-33877
-33832
-33679
-33488
-33230
-32547
-32514
-32514
-32316
-31885
-31844
-31667
-31631
-31505
-31440
-31261
-31226
-31156
-30852
-30786
-30723
-30576
-30504
-30476
-30342
-30285
-29579
-29357
-28304
-28232
-28189
-27905
-27864
-27573
-27224
-26608
-26498
-25778
-25491
-25033
-24882
-24427
-24406
-24287
-24179
-24090
-24041
-23834
-23215
-23187
-23124
-22701
-22546
-22367
-21701
-21663
-21656
-21502
-21419
-21414
-20686
-20643
-20396
-20236
-20004
-19933
-19852
-19742
-19538
-19445
-18997
-18840
-18616
-18100
-17962
-17487
-17334
-17271
-17067
-16897
-16483
-16384
-16044
-15872
-15089
-14398
-14194
-14142
-14111
-13830
-13289
-13035
-12762
-12677
-12571
-12053
-11872
-11841
-11827
-11758
-11707
-11338
-10389
-10335
-10259
-10104
-10026
-9809
-9778
-9770
-8964
-8902
-8803
-8414
-8071
-7874
-7492
-7402
-7395
-7375
-7061
-6985
-6820
-6765
-6746
-6618
-6534
-6186
-6049
-5825
-5709
-5544
-5485
-5425
-5276
-5260
-4750
-4483
-3988
-3359
-3338
-3338
-3023
-2578
-2572
-2376
-2324
-1607
-1423
-1317
-1062
-823
-823
-70
-21
44
186
337
374
640
731
930
1008
1059
1509
1553
2170
2387
2688
3152
3302
3605
3780
3807
4409
4423
4543
4620
4749
4894
5123
5307
5494
5500
5534
5550
5797
6066
6100
6158
6246
6506
6967
6983
7526
7549
7771
7872
8222
8533
8618
8779
8808
8824
8863
9215
9253
9272
9320
9432
9454
9489
9492
9644
9708
9755
9820
9962
9981
10219
10222
10241
10408
10564
10836
10863
10896
11241
11708
11815
11894
12432
12614
13042
13115
13302
13506
13774
13967
14039
14693
14985
15117
15345
15549
15575
15688
15831
16195
16209
16322
16629
16655
16800
16805
17131
17220
17688
17825
17831
18275
18394
19196
19360
19657
19661
20003
20079
20419
20746
21132
21166
21614
21791
21821
22135
22176
22472
22496
22760
22925
22986
23169
23184
23213
23366
23388
24537
24711
24912
25430
25955
26214
26219
26287
26368
26838
26936
26949
27018
27101
27164
27302
27438
27735
27927
28424
28579
28609
29307
29336
29653
29984
30027
30237
30435
30777
30839
31200
31270
31474
31585
32095
32285
32286
32361
32432
32549
32615
32737
33226
33259
33598
33983
34389
34443
34666
34959
35172
35193
35292
35336
35380
35549
35656
35911
36544
36901
37090
38433
38520
38697
38706
38965
39243
39298
39302
39329
39981
40334
40370
40745
40786
41100
41174
41421
41725
41748
41852
41913
42105
42223
42371
42731
42943
43010
43329
43485
44136
44166
45347
45643
45822
45889
46208
46226
46403
46543
47660
47921
47965
47969
47978
48198
48247
48712
48738
49745
49959
50011
50026
50092
50331
50779
51086
51109
51148
51382
51538
51678
51888
52022
52078
52129
52318
52391
52401
52532
52544
52662
52749
52928
53152
53266
53360
53480
53502
53580
53670
53910
54019
54255
54500
54601
54618
54739
54864
54923
55248
55369
55589
55992
56144
56455
56483
56542
56668
56861
56929
57800
57951
58180
58296
58357
58399
58419
59051
59438
59457
59691
59866
60092
60268
60320
60731
60830
60900
60993
61133
61280
61758
61816
62393
63266
63307
63483
63744
63779
64065
64073
64525
64664
64919
64970
65007
65185
65256
65266
65688
65734
65890
66095
66430
66554
66559
66612
66639
66863
67066
67073
67093
67386
67751
68122
68420
68595
68633
68865
68894
68926
69101
69341
69936
70068
70108
70120
70322
70520
71010
71161
71451
71576
71674
71815
71832
71931
72323
72481
72499
72970
73712
73736
73793
73886
74019
74117
74183
74244
74347
74549
74618
74777
75306
75461
75537
75728
76388
76441
76772
76935
77696
77734
77752
77883
78041
78440
78647
78746
78751
79013
79136
79438
79501
79695
79731
80357
81373
81534
81618
82347
82543
82931
83081
83316
83373
83442
83744
84217
84402
84483
84853
84870
84962
84996
85270
85366
85720
85981
86085
86240
86304
86341
86715
86988
86998
87032
87042
87065
87299
87421
87619
88126
88315
88512
88670
88775
88948
89006
89069
89371
89428
89449
89479
89492
89613
89804
89948
89979
90085
90401
90793
90811
90993
91041
91137
91328
91538
91818
91858
92114
92384
92386
92540
92930
93024
93311
94529
94597
95168
95505
95716
95788
95799
96591
97040
97190
97375
97559
97715
97788
97837
97923
98121
98151
98266
98424
98438
98726
98833
98882
99143
99764
99908
99964