-99780
-99657
-99381
-98898
-98810
-98730
-98638
-98345
-98145
-98062
-97777
-97756
-97297
-97261
-95999
-95679
-95422
-95375
-95287
-95046
-94851
-94750
-94481
-94428
-93648
-93627
-93260
-93255
-93143
-92893
-92819
-92775
-92742
-92422
-92260
-92245
-92157
-91989
-91538
-91497
-91232
-91228
-90904
-90632
-90625
-90565
-90490
-90396
-90334
-90211
-89954
-89741
-89603
-89542
-89535
-89523
-89467
-89390
-89387
-89386
-89313
-89032
-88513
-87828
-87818
-87509
-87297
-87134
-87109
-87082
-86824
-86656
-86465
-85639
-85635
-85512
-85187
-85176
-85160
-85108
-85099
-85091
-84945
-84884
-84486
-84417
-84397
-84272
-84012
-83924
-83872
-83848
-83826
-83436
-83408
-83394
-82828
-82695
-82528
-82481
-82454
-82449
-82285
-81904
-81804
-81517
-81270
-81193
-81125
-81043
-80699
-80676
-80546
-80308
-79877
-79859
-79638
-79433
-79407
-79194
-79147
-79112
-78953
-78854
-78600
-78410
-78286
-78194
-78131
-78010
-77442
-77380
-77288
-77263
-77232
-77202
-76389
-76308
-76287
-75997
-75653
-75118
-74977
-74703
-74228
-73867
-73758
-73649
-73316
-72980
-72467
-72279
-72153
-71492
-71170
-71083
-71007
-70893
-70711
-70655
-70392
-70362
-69921
-69635
-69252
-68956
-68498
-68178
-68068
-67836
-67795
-67743
-67598
-67321
-67246
-67068
-66980
-66890
-66517
-65697
-65559
-65276
-65210
-64929
-64761
-64521
-64464
-64460
-64447
-64347
-63730
-63371
-63243
-63070
-62409
-62274
-61831
-61599
-61423
-61381
-61199
-61188
-61051
-60761
-60729
-60698
-60479
-60438
-60194
-60122
-59451
-59107
-59063
-59059
-58956
-58682
-58673
-58360
-58278
-57945
-57393
-57317
-56951
-56633
-56591
-56555
-55697
-55659
-55527
-54720
-54532
-54364
-54174
-53865
-53857
-53629
-52844
-52817
-52737
-52501
-52011
-51972
-51888
-51160
-51135
-51024
-50954
-50522
-50254
-50116
-49958
-49743
-49636
-49322
-49291
-49173
-49069
-48788
-48268
-48067
-48062
-48019
-47815
-47784
-47645
-47595
-47547
-47428
-47111
-47077
-47033
-46948
-46495
-46080
-45627
-45547
-45234
-45204
-45149
-45131
-45029
-44831
-44789
-44782
-44582
-44255
-44225
-44080
-43757
-43368
-41900
-41798
-40944
-40714
-40642
-40394
-40342
-40094
-39962
-39286
-39156
-39068
-38990
-38193
-38100
-38086
-37983
-37848
-37828
-37640
-37596
-37568
-37174
-37030
-36849
-36822
-36720
-35590
-35147
-35058
-34756
-34721
-34531
-34486
-34305
-34020
-33710
-32987
-32549
-32294
-32278
-31960
-31776
-31601
-31598
-31459
-31393
-30979
-30884
-30752
-30741
-30375
-30369
-30277
-29831
-28805
-28759
-27707
-27609
-27436
-27433
-26982
-26925
-26866
-26857
-26767
-26763
-26473
-26450
-26397
-26230
-26194
-26093
-26091
-25818
-25671
-25333
-25214
-25113
-24558
-24458
-24149
-23897
-23882
-23702
-23677
-23396
-23247
-23066
-22872
-22846
-22530
-22209
-22105
-22027
-21059
-20935
-20883
-20871
-20697
-20689
-20673
-20619
-20609
-20133
-19961
-19872
-19737
-19517
-19470
-19337
-19112
-19016
-18753
-18664
-18127
-18026
-17861
-17609
-17278
-16977
-16951
-16222
-16180
-16063
-15943
-15647
-15639
-15575
-15431
-15198
-14858
-14690
-14667
-14475
-14430
-13556
-13255
-13240
-13171
-13047
-12962
-12953
-12643
-12330
-12242
-12224
-12200
-12121
-11841
-11819
-11051
-10775
-10662
-10583
-10363
-10338
-10273
-10241
-9935
-9843
-9752
-9338
-9335
-9212
-9107
-8658
-8362
-8284
-8145
-7752
-7052
-6836
-6727
-6403
-6355
-5958
-5855
-5797
-5792
-5751
-5570
-5054
-4895
-4822
-4710
-4680
-4426
-4054
-3650
-3599
-3354
-3339
-3331
-3243
-3208
-3037
-2824
-2677
-2566
-2458
-2282
-1968
-1934
-1926
-1638
-1477
-1197
-985
-755
-405
-152
-56
-3
147
204
230
409
722
793
1099
2174
2518
2717
3116
3188
3257
3698
3979
4199
4295
4394
4572
4599
4847
5025
5369
5492
5999
6253
6333
6350
6637
6682
6885
6919
7184
7420
7511
7539
7658
7705
7705
7743
7916
7937
7977
8573
8660
8935
9047
9102
9291
9375
9520
9814
10390
10422
10643
10965
11372
11738
12339
12501
12591
12725
12790
12795
13236
13269
13425
14277
14283
14329
14354
15168
15367
15392
15611
15646
16275
16449
16546
16762
16890
17550
17601
17663
17852
17977
18171
18290
18340
19402
19681
19682
19756
20018
20036
20264
20304
20462
20504
20613
20693
20847
20907
20972
20981
21036
21485
21492
21537
21617
22022
22063
22413
22571
22587
22650
22854
23280
23364
23478
23540
23706
23761
23885
24426
25361
25656
26060
26088
26121
26225
26260
26269
26326
26897
26915
27093
27247
27417
27525
27597
27656
27862
27924
28045
28206
28706
28895
29028
29136
29138
29165
29223
29347
29427
29549
29681
29975
30159
30664
30730
31170
32178
32203
32354
32414
32644
32729
32909
32949
33167
33240
33579
33862
33968
34182
34268
34314
34463
34506
34673
35622
35665
35676
36199
36390
36550
36951
37165
37172
37272
37807
38122
38168
38381
38442
38474
38491
38562
38771
38998
39258
40150
40499
40525
40708
40937
41064
41447
41678
41787
41809
42061
42352
42508
42662
42773
43019
43166
43516
43940
43997
44055
44406
44479
44845
44907
45000
45170
45652
46282
46442
47246
47640
48071
48134
48301
48375
48837
48843
48986
49148
49354
49886
50407
50695
50699
50952
50964
51003
51011
51192
51204
51478
51829
51876
52280
52416
52510
52906
52919
53092
53093
53381
53572
53757
53840
53854
53978
54161
54434
54571
54750
54935
55035
55040
55375
55538
55596
56006
56162
56622
56634
56652
56707
56911
57099
57221
57252
57269
57487
57698
57702
57768
57925
58167
58617
58625
58740
58783
58912
59019
59454
59477
59768
59988
60081
60173
60203
60208
60536
60644
60790
60953
61004
61482
61556
61600
61936
61940
62234
62636
63260
63296
63348
63461
63544
63818
64062
64366
64464
64721
65121
65139
65444
65844
66007
66153
66262
66361
66727
66736
66856
67442
68115
68154
68435
68740
68795
68925
69089
69447
69512
69523
69733
69893
69965
69988
70000
70022
70789
70841
70989
71335
71793
71858
71930
72155
72839
73458
73778
73975
74006
74664
74687
74779
75062
75145
75201
75202
75689
75773
75881
75964
75993
76424
76465
76641
76643
77224
77740
78984
79206
79556
79664
79762
79768
80017
80222
80295
80499
80509
80619
80647
80650
80731
80762
80877
80988
81316
81393
81528
81540
81547
81698
81717
81752
81852
82255
82721
83073
83128
83732
83780
83869
84120
84136
84243
84340
84613
84737
84836
85485
85503
85534
85596
86433
86442
86943
87543
87984
89176
89246
89528
89654
90071
90073
90393
90916
90923
90977
91128
91214
91258
91404
92058
92295
92637
93011
93368
93885
93908
93910
94556
94653
94927
94935
95033
95575
95616
95664
95702
95899
96154
96189
96200
96257
96489
96657
96696
96797
97015
97208
97260
97912
97936
98002
98064
98212
98302
98743
99015
99227
99372
99637
99910