-99336
-99275
-99206
-99158
-98922
-98634
-98531
-98454
-97699
-97559
-97528
-97447
-97353
-96997
-96780
-96331
-96298
-96271
-96187
-96047
-95512
-95354
-95127
-95102
-95056
-94921
-94827
-94775
-94684
-94292
-93952
-93705
-93381
-93260
-93187
-92615
-92554
-92281
-92020
-91643
-91586
-91565
-91059
-91009
-90950
-90837
-90635
-90564
-90472
-90179
-90117
-89863
-89625
-89478
-89410
-89242
-89060
-88749
-88392
-88261
-87927
-87301
-87120
-87080
-86924
-86348
-85789
-85407
-85382
-84914
-84869
-84617
-84033
-83716
-83624
-83525
-83455
-82901
-82891
-82567
-82554
-82517
-82240
-82189
-82026
-81943
-81630
-81534
-81479
-81355
-81259
-81189
-81066
-81012
-80825
-80725
-80699
-80416
-80372
-80263
-79155
-78984
-78663
-78201
-77668
-77549
-77401
-77399
-77145
-76964
-76514
-75992
-75696
-75653
-75501
-75471
-75311
-75120
-75109
-75047
-74891
-74768
-74762
-74751
-74384
-74337
-73306
-72996
-72912
-72778
-72729
-72725
-72714
-72497
-71998
-71487
-71482
-71463
-71409
-71236
-70931
-70929
-70928
-70752
-70579
-70435
-70330
-70111
-70085
-69687
-69686
-69616
-69091
-68582
-68530
-68411
-67807
-67729
-67479
-67322
-67231
-67000
-66586
-66339
-66258
-66125
-66030
-65822
-65701
-65520
-65151
-65009
-64944
-64761
-64688
-64504
-64357
-64242
-64103
-63817
-63135
-62837
-62510
-61718
-61522
-61000
-60592
-60419
-60178
-59754
-59322
-59322
-59001
-58882
-58797
-58545
-58435
-58189
-58104
-57775
-57300
-57200
-57164
-56994
-56782
-56754
-56722
-56041
-55769
-55716
-55668
-55261
-55219
-55167
-55140
-54924
-54749
-54643
-54592
-54114
-53896
-53896
-53152
-52267
-51287
-51169
-51101
-50501
-50297
-50294
-50264
-49894
-49786
-49739
-49668
-49665
-48740
-48310
-48237
-47876
-47565
-47224
-47202
-47151
-47016
-46702
-46271
-46138
-45770
-45659
-45303
-45286
-45272
-45128
-45086
-44976
-44936
-44756
-44630
-44245
-44146
-43545
-43519
-43344
-42871
-42866
-42541
-42469
-42432
-42348
-42291
-41823
-41439
-41383
-41032
-41027
-40924
-40605
-40540
-40516
-40073
-39996
-39663
-39361
-38818
-38694
-38510
-38372
-38231
-37974
-37936
-37783
-37330
-37304
-37120
-37113
-37021
-36956
-36652
-36182
-35551
-35141
-34992
-34550
-34389
-34319
-34164
-33946
-33939
-33896
-33850
-33703
-33549
-33297
-33121
-32893
-32822
-32285
-32208
-31480
-31373
-31300
-31078
-31009
-30798
-30714
-30434
-30239
-30205
-30185
-29773
-29522
-28976
-28871
-28269
-27879
-27876
-27512
-27142
-27128
-27034
-26575
-26507
-26332
-26246
-26029
-26017
-25775
-25772
-25580
-25560
-25557
-25291
-25290
-25062
-24998
-24664
-24548
-23648
-23531
-23355
-23215
-22855
-22305
-22295
-21937
-21932
-21739
-21678
-21556
-21493
-21439
-21313
-21274
-21086
-21066
-20445
-20112
-20041
-19984
-19495
-19414
-18214
-18172
-18030
-17828
-17579
-17334
-16708
-16491
-16365
-16345
-16231
-15766
-15709
-15612
-15485
-15384
-15241
-15114
-15054
-14982
-14680
-14386
-14224
-13584
-13459
-13457
-12713
-11918
-11911
-11669
-11520
-11520
-10979
-10963
-10825
-10810
-9979
-9885
-9748
-8771
-8725
-8670
-8450
-8103
-8097
-7811
-7733
-7490
-7339
-7164
-6757
-6713
-6566
-6438
-6419
-6356
-6274
-5516
-5479
-4859
-4729
-4582
-4541
-4048
-4007
-3923
-3899
-3778
-3528
-3434
-3340
-3198
-3113
-2812
-2805
-2733
-2640
-2576
-2530
-2500
-2467
-2443
-2219
-2210
-1781
-1752
-1717
-1670
-1487
-1363
-1342
-745
-561
-558
-321
-306
42
117
177
300
755
1503
1802
1834
2070
2152
2294
2345
2582
2746
2905
3083
3146
3267
3289
3389
3814
3892
3919
4048
4340
4630
4697
5057
5060
5189
5394
5591
5612
5650
5976
6452
6549
6831
7067
7087
7100
7194
7273
7642
7704
7708
7883
7963
8213
8376
8624
9075
9103
9402
9553
9654
9689
9912
10017
10242
10479
10765
11027
11071
11105
11483
11752
12181
12610
12631
13318
13860
13902
13948
14159
14230
14486
14512
15068
15250
15305
15373
15485
15892
15947
16031
16254
16410
16552
16908
17431
17907
18108
18224
18459
18600
18600
18656
18746
18810
18899
19218
19995
20325
20408
20435
20572
20615
20655
20757
20776
20834
20860
20894
21279
21513
21760
21903
21985
22001
22017
22219
22780
22788
22849
23022
23073
23982
24112
24280
24385
25178
25365
25555
25677
25687
25739
25945
26020
26154
26180
26221
26284
26591
26744
27412
27950
28189
28220
28463
28573
28645
28870
28936
29027
29301
29502
29608
29895
30122
30494
30945
31074
31275
31506
31803
31846
31907
31922
32096
32133
32496
32819
33797
33894
34048
34122
34229
34307
34811
35208
35361
35427
36004
36140
36221
36302
36350
37194
37360
37485
37699
37722
37827
37844
37996
38017
38143
38175
38446
39258
39399
39826
39966
40086
40183
40329
40384
40533
40638
40697
40828
41208
41296
41298
41395
41460
41537
41764
41890
41907
41911
41983
42088
42169
42462
42653
42791
42904
43011
43151
43889
43901
44233
44417
44544
44545
44885
45099
45382
45396
45881
45896
46240
46251
46391
46513
46969
47082
47151
47182
47315
47825
47996
48044
48108
48167
48364
48560
48663
48740
49047
49135
49857
49981
50037
50039
50207
50417
50483
50523
51098
51330
51626
51877
52064
52188
52314
52597
52782
53027
53037
53156
53245
53282
53832
53884
54201
54222
54260
54262
54293
54356
54405
54472
54578
54644
54660
54799
54969
54979
55419
55759
56077
56174
56616
56726
56804
57445
57963
58114
58412
59332
59340
59401
59581
59656
59854
59875
60162
60400
60410
60575
60625
61200
61679
61927
62665
62682
62684
62801
62804
63184
63526
63918
64092
64251
64957
64958
65168
65549
65671
65960
66389
66811
66866
67660
68112
68876
69023
69167
69314
69468
69572
69981
70489
70819
70883
70958
71027
71285
71471
71662
72186
72292
72456
72576
73341
73438
73823
74116
74245
74967
75106
75297
75323
75822
75964
75995
76427
76655
76709
76947
77067
77079
77122
77444
77463
77468
77515
77555
78180
78663
78716
79051
79055
79235
79257
79281
79293
79362
79463
79581
79937
80181
80334
80390
80687
80722
81085
81235
81315
81321
81326
81498
81504
81799
81932
81960
82149
82168
82169
82261
82378
82390
83117
83123
83227
83437
83453
83457
83461
83554
83800
83844
84355
84424
84736
84781
84898
85017
85093
85259
85304
86302
86372
86429
86912
87317
87352
87395
87668
87852
87959
88102
88157
88216
88358
88385
88641
88656
88954
89358
89454
89605
89725
89964
90473
90699
90909
90977
90986
91134
91266
91686
91861
92128
92150
92504
92748
92821
92945
93012
93033
93244
93315
93564
93791
94487
94706
94910
94972
95418
95559
95801
95813
95844
95892
95907
95952
96227
96244
96443
96446
96560
97044
97063
97236
97256
97486
97569
97907
98196
98227
98261
98639
99198
99232
99307
99747
99852
99970