-99661
-99486
-99422
-99131
-99068
-98945
-98924
-98548
-98545
-98488
-98423
-98290
-98154
-97983
-97598
-97453
-97300
-97230
-97099
-96827
-96219
-96023
-95870
-95541
-95482
-95474
-95369
-95051
-94881
-94876
-94581
-94565
-94434
-94294
-94094
-93957
-93644
-92520
-92465
-92169
-91997
-91566
-91457
-91436
-91342
-91020
-90925
-90894
-90790
-90686
-90558
-90290
-89825
-89471
-89331
-88915
-88812
-88537
-88280
-87660
-86262
-86172
-86023
-86017
-86002
-85974
-85937
-85735
-85667
-85635
-85525
-85029
-84909
-84854
-84738
-84452
-84152
-84102
-83404
-82496
-81971
-81719
-81710
-81533
-81440
-80894
-80665
-80656
-80637
-80540
-80111
-79852
-79393
-79293
-78713
-78666
-78601
-78590
-78519
-77669
-77653
-77563
-77473
-76969
-76890
-76885
-76762
-76555
-76463
-76202
-76158
-76090
-76074
-76053
-75571
-75549
-75520
-75495
-75484
-75341
-75288
-74969
-74710
-74497
-73812
-73744
-73600
-73449
-73352
-73126
-73126
-72913
-72590
-72504
-71939
-71895
-71509
-71440
-71059
-70985
-70503
-70459
-70283
-70097
-69787
-69679
-69524
-69273
-69178
-69085
-69019
-68680
-68606
-68372
-68361
-68072
-68014
-68004
-67802
-67801
-67580
-67331
-67082
-66743
-66379
-66149
-66036
-66013
-65644
-65171
-65067
-65014
-64902
-64899
-64878
-64869
-64862
-64838
-64339
-64108
-64000
-63526
-63455
-62356
-62155
-62109
-61497
-61186
-60560
-60166
-59980
-59946
-59743
-59696
-59248
-58761
-58618
-58388
-58238
-58173
-58134
-58068
-57930
-57866
-57829
-57742
-57716
-56688
-56513
-56506
-56377
-56229
-56216
-56182
-55989
-55981
-55762
-55674
-55395
-55311
-55300
-54785
-54782
-54651
-54349
-54038
-53987
-53880
-53855
-53832
-53580
-53254
-53226
-53122
-53049
-52990
-52730
-52415
-52391
-52091
-52074
-51814
-51765
-51660
-51355
-51325
-51216
-51213
-50937
-50839
-50727
-50424
-50111
-49940
-49501
-48568
-48529
-48333
-48153
-47787
-47614
-47524
-47498
-47183
-46987
-46780
-46708
-46464
-46186
-46000
-45779
-44837
-44656
-44163
-44116
-44040
-44028
-43938
-43893
-43860
-43592
-43428
-43267
-43266
-42704
-42538
-42396
-42387
-42185
-42122
-41923
-41892
-41477
-41132
-40889
-40312
-40140
-39997
-39964
-39812
-39784
-39616
-39374
-38969
-37751
-37665
-37325
-37056
-36927
-36370
-36331
-36204
-35800
-35657
-35497
-35353
-35200
-33330
-32842
-32783
-32781
-32734
-32653
-31485
-31472
-31323
-31040
-30980
-30958
-30819
-30684
-30660
-30647
-30269
-30252
-29888
-29878
-29826
-29657
-29569
-29406
-29172
-29082
-28956
-28870
-28834
-28316
-28289
-28087
-28030
-27964
-27779
-27614
-27518
-27385
-26617
-26400
-26368
-26134
-26010
-25910
-25714
-25524
-25014
-24936
-24732
-24611
-24468
-24408
-24358
-24185
-23527
-23482
-23433
-23422
-23332
-23251
-23204
-23072
-22536
-22493
-22392
-22352
-22228
-22202
-22126
-22113
-21968
-21816
-21760
-21733
-21387
-21261
-21148
-20671
-20456
-19672
-19589
-19528
-19424
-19347
-19315
-18898
-18341
-18300
-18185
-17731
-17559
-16811
-16519
-16480
-16379
-15909
-15812
-15650
-15256
-14645
-14640
-14541
-13928
-13778
-13226
-12945
-12508
-12291
-12212
-12179
-12124
-12067
-11979
-11921
-11725
-11608
-11557
-11448
-11346
-11327
-11238
-10835
-10549
-10225
-9084
-8846
-8706
-8123
-8085
-7945
-7878
-7715
-7548
-7432
-7331
-7269
-6955
-6496
-6118
-6069
-6020
-5707
-5538
-5471
-5041
-4859
-4737
-4280
-4266
-4068
-3669
-3517
-3218
-3124
-2918
-2866
-2575
-2474
-2160
-1908
-1866
-1711
-1702
-1654
-1350
-1089
-684
-440
-262
62
198
332
382
565
696
797
947
981
1579
2349
2352
2415
2441
2672
2786
3319
3355
3624
3923
3934
4494
4782
5054
5114
5613
5658
5900
6100
6137
6248
6397
6514
6742
6743
7163
7356
7535
7609
7838
7948
8068
8088
8144
8187
8699
8974
9068
9081
9321
9333
9399
9578
9662
10620
10691
10726
11024
11356
11398
11425
11466
11827
11855
12159
12343
12438
12589
12673
12839
13038
13103
13147
13333
13371
13521
13701
14109
14164
14211
14366
14367
14554
14798
14900
15024
15160
15399
15421
15550
15559
15650
15720
15756
15979
16055
16399
16410
16532
16634
16866
17296
17342
17435
17574
17590
18212
18458
18725
18879
19039
19305
19384
19399
19844
20058
20206
20378
20693
21256
21388
21553
21969
21989
22334
22527
22647
22741
22904
23102
23283
23955
23979
24107
24154
24394
24495
24613
25533
25828
26767
27113
27660
27703
27853
27929
27969
28089
28140
28261
28464
28556
28689
29102
29125
29282
29328
29543
29560
29616
29669
29814
29936
30925
31026
31720
31999
32025
32056
32081
32287
32408
32479
32542
32680
32708
32768
34224
34471
34649
34769
34790
34856
35195
35950
36197
36335
36426
36712
36739
37259
37293
37601
37740
37812
37868
38764
38976
39405
39652
40039
40510
40587
40588
40888
41046
41182
41322
41538
41649
41887
41973
42217
42263
42263
42270
42500
42831
42978
43108
43127
43136
43172
43342
43496
43556
43879
44069
44380
44587
44992
45027
45280
45341
45425
45465
45628
46000
46106
46747
46773
46791
47129
47252
47372
47409
47434
47548
48299
48363
48373
48641
49163
49251
49253
49390
49714
49845
49975
49983
50088
50165
50353
50383
50766
51762
51994
52365
52415
52452
52675
53168
53245
53491
53543
53782
53931
54135
54203
54335
54418
55099
55305
55479
55543
55877
55962
56046
56119
56429
56523
56776
57065
57101
57242
57898
57914
57952
58112
58156
58395
58511
58863
58872
59230
59346
59396
59598
59706
59862
60168
60180
60274
60324
60395
60413
60938
60951
61186
61267
61418
61552
61696
62114
62361
62437
62583
62630
62631
62677
62715
62781
62850
62992
63294
63783
63872
63872
64057
64304
64553
64737
64915
65010
65208
65210
65313
65392
65539
65950
66005
66343
67191
67362
67737
67872
68327
68452
68465
68524
68622
68636
68814
68847
68969
69388
69618
69931
70421
70593
70823
70831
70858
70894
71599
72298
72341
72363
72676
72811
72818
73620
73714
74333
74374
74386
74540
74850
74995
75002
75381
75941
76156
76219
76324
76969
76988
77036
77243
77389
77647
77681
77718
77727
77747
78227
78936
79132
79234
79258
79301
79693
79902
79921
79923
79984
79996
80127
80168
80209
80332
80787
81001
81340
81399
81604
81621
81954
82205
82838
82991
83719
83854
83948
84277
84448
84634
84732
84797
85232
85294
85718
86254
86273
86424
86445
87231
87276
87346
87641
87655
87692
87743
88362
88955
89250
89308
89781
89916
89951
89973
90198
90261
90816
90822
91059
91159
91366
91492
91659
91854
92006
92154
92408
93196
93431
93607
93721
93807
93812
93849
93923
93957
94829
94948
95075
95109
95115
95222
95352
95414
96021
96127
96328
96455
96737
96801
96855
96946
97127
97380
97460
97637
98162
98181
98181
98211
98418
99096
99128
99142
99242
99502
99820