-99976
-99723
-99360
-99268
-99074
-98872
-98517
-98401
-98228
-98210
-98147
-97964
-97552
-97401
-97351
-97333
-97327
-97013
-96875
-96745
-96287
-96211
-95972
-95632
-95472
-95401
-95380
-95117
-94773
-94667
-94409
-94398
-94293
-93825
-93561
-93411
-93152
-92971
-92601
-92027
-91396
-91338
-90744
-90542
-90403
-90241
-89835
-89506
-89222
-88852
-88578
-88417
-88299
-88179
-88166
-87771
-87767
-87558
-87526
-87420
-86991
-86908
-86684
-86606
-86553
-86509
-86449
-86337
-86249
-86213
-86188
-86169
-86107
-86009
-85599
-84989
-84959
-84864
-84029
-83862
-83849
-83757
-83686
-83655
-83587
-83368
-83119
-83017
-82797
-82318
-81925
-81844
-81712
-81552
-81190
-81042
-81013
-80795
-80772
-80103
-80022
-79883
-79809
-79725
-79661
-79575
-79513
-79051
-79006
-78797
-78753
-78302
-78273
-78252
-78176
-78150
-77892
-77776
-77771
-77767
-77538
-77259
-77055
-76848
-76611
-76025
-75777
-75774
-75196
-74960
-74957
-74738
-74469
-74437
-74287
-74084
-74055
-73150
-73060
-72850
-72833
-72161
-72027
-71841
-71558
-71460
-71375
-71362
-71194
-71086
-71049
-70818
-70606
-70363
-70255
-70028
-69878
-69862
-69749
-69692
-69439
-69407
-69370
-69121
-68944
-68921
-68908
-68869
-68650
-68380
-68371
-68256
-67902
-67881
-67807
-67797
-67794
-67650
-67124
-67069
-66846
-66740
-66461
-66204
-66120
-66087
-66000
-65934
-65590
-65570
-65534
-65286
-65192
-65128
-64923
-64727
-64170
-64047
-63832
-63573
-63306
-63134
-62979
-62893
-62512
-62228
-61889
-61872
-61698
-61493
-61481
-61384
-61316
-61190
-61150
-61133
-60974
-60951
-60764
-60704
-60590
-60557
-60371
-60347
-59662
-59233
-59067
-58785
-58421
-58264
-58203
-57973
-57939
-57815
-57805
-57680
-57664
-57421
-57165
-57028
-56873
-56760
-56408
-56361
-56158
-55998
-55643
-55400
-55305
-55003
-54852
-54851
-54706
-54659
-54622
-54484
-54460
-54373
-54037
-53823
-53588
-53570
-53433
-53389
-53341
-53330
-52990
-52191
-52171
-52145
-51910
-51541
-51483
-51317
-51258
-50510
-50263
-50054
-49860
-49646
-49335
-49241
-48982
-48517
-48378
-48303
-48127
-47684
-47527
-47423
-47083
-46887
-46845
-46534
-46423
-46199
-46038
-45945
-45680
-45637
-45599
-45577
-45319
-45160
-45005
-44769
-44670
-44462
-44442
-44324
-44286
-44066
-44029
-44006
-43970
-43920
-43570
-43403
-43276
-43185
-42710
-42491
-42329
-42256
-41669
-41582
-41406
-41131
-40908
-40705
-40635
-40621
-40582
-40556
-40237
-40158
-40057
-38984
-38652
-38565
-38033
-37866
-37737
-37534
-37480
-37226
-37223
-37038
-37037
-36829
-36778
-36504
-36272
-36182
-36030
-35922
-35841
-35805
-35100
-35041
-34935
-34394
-34274
-34238
-34162
-33628
-33427
-33425
-33343
-32982
-32943
-32939
-32808
-32338
-32051
-32045
-31683
-31459
-31247
-31131
-30570
-30484
-30437
-30428
-29988
-29802
-29698
-29604
-29603
-29505
-29362
-29028
-28297
-28012
-27991
-27951
-27942
-27584
-27494
-27031
-26800
-26569
-26449
-26401
-26366
-26244
-26241
-25999
-25568
-25460
-24956
-24923
-24746
-24277
-23996
-23905
-23553
-23465
-23463
-23074
-22838
-22676
-22588
-22497
-22480
-21921
-21871
-21842
-21832
-21074
-20636
-20572
-19996
-19827
-19225
-19217
-19093
-18985
-18707
-18354
-18189
-17667
-16866
-16305
-16048
-16043
-15996
-15674
-15532
-15320
-15257
-15092
-14948
-14805
-14793
-14549
-14317
-14280
-14014
-13979
-13977
-13870
-13722
-13630
-13448
-13310
-13116
-12952
-12859
-12542
-12355
-12351
-12070
-11293
-11289
-10797
-10649
-10075
-10002
-10000
-9885
-9517
-9303
-9124
-9098
-9011
-8750
-8594
-8323
-8169
-7934
-7886
-7713
-7696
-7680
-7506
-7244
-7212
-7033
-6835
-6643
-6623
-6395
-6349
-6288
-6196
-5647
-5346
-5096
-4976
-4492
-3300
-3231
-3039
-2934
-2739
-2623
-2595
-2241
-2197
-1959
-1856
-1758
-1743
-1723
-1479
-1355
-864
-407
-288
-148
56
588
727
819
1001
1197
1255
1337
1377
1427
1471
1710
1992
2098
2103
2177
2276
2487
2953
3055
3374
3408
3782
4587
5252
5294
5336
5418
5655
5796
6224
6322
6387
6657
6706
6708
6726
6977
7385
7581
7621
7952
8410
8580
8793
8884
9149
9271
9423
9520
9541
9602
9615
10133
10157
10456
10800
10870
11091
11491
12083
12230
12283
12400
12719
12984
13207
13700
13912
13972
14324
14343
14409
14512
14794
15253
15479
15698
15863
16038
16082
16441
16861
17080
17331
17405
17452
17621
17632
18260
18471
18606
18757
19101
19306
19519
19945
20057
20137
20249
20351
20461
20691
20789
20833
20923
21116
21362
21881
22227
22627
22929
22995
23101
23155
23175
23804
23909
24051
24102
24106
24167
25407
25654
25970
26011
26014
26378
26650
26762
27008
27255
27537
27578
27692
28158
28202
28772
29083
29283
29352
29366
29370
29385
29547
29987
30574
30581
30619
31101
31115
31352
31628
31688
31832
32303
32384
32615
32735
32803
33160
33532
33787
33954
35279
35303
35643
35682
35722
35851
36057
36480
36860
36872
36886
37295
37385
37455
37538
37862
37972
38018
38021
38870
38964
39243
39923
40202
40542
40599
40651
40790
40910
41150
41360
41875
41911
42118
42533
42674
42912
42924
42968
43005
43161
43437
44303
44443
44691
44779
44781
45008
45032
45573
45739
45833
46085
46097
46211
47135
47294
47626
47697
47750
47901
48064
48587
48659
48691
48803
48945
49816
50022
50146
50678
50795
50977
50980
51028
51296
51373
51580
52567
52717
52888
53585
53636
53807
54291
54487
55016
55049
55331
55702
55706
56057
56135
56140
56282
56468
56665
56818
56980
57034
57144
57194
57288
57525
57778
58769
58775
58973
59031
59165
59332
59344
59526
59785
59888
60043
60114
60378
60402
60852
61182
61216
61481
61633
61704
62198
62229
62237
62240
62338
62717
62758
62801
63830
63949
63974
64378
64458
64516
64597
64673
64888
64969
65215
65430
65529
65535
65708
65774
65874
66137
66279
66703
66803
67169
67176
67222
67369
67718
68031
68117
68310
68711
69226
69364
69372
69613
69981
70170
70329
70596
71220
71500
71521
71561
71999
72337
72598
72774
72830
72848
73023
73074
73625
75054
75264
75605
75677
75680
75827
75847
76405
76434
76608
76995
77395
77675
77787
77898
78215
78291
78591
79233
79248
79392
79467
79471
79747
79771
79879
80182
80682
80715
81003
81054
81111
81317
81505
81640
82261
82761
82765
82773
82812
82921
83216
83270
83453
83765
83851
84180
84414
84587
85241
85314
85332
85372
85669
85751
85989
86136
86647
87087
87196
87636
87759
88478
88635
88731
88932
89404
89581
89664
89828
89960
90161
90241
90323
90601
90627
90902
90949
91104
91144
91724
92219
92241
92688
92785
92827
93277
93302
93328
93361
93452
93637
93679
94072
94262
94614
94649
94684
94891
95026
95419
95476
95478
96051
96281
96281
96355
96485
96524
97636
98079
98245
98359
98740
99003
99295
99300
99334
99674
99873
99910