-99926
-99695
-99243
-98526
-98091
-97826
-97107
-97005
-96839
-96829
-96640
-96632
-96608
-96566
-96476
-95954
-95898
-95810
-94820
-94504
-94163
-93994
-93992
-93743
-92938
-92135
-92013
-91701
-91419
-91267
-91199
-90561
-90422
-90399
-90373
-90268
-90252
-90108
-90091
-90024
-89965
-89795
-89774
-89524
-89472
-89471
-89434
-89351
-89291
-88981
-88412
-88297
-88126
-87937
-87645
-87630
-87555
-86987
-86943
-86932
-86853
-86852
-86807
-86796
-86794
-86712
-86669
-86594
-86283
-86226
-86204
-86114
-86112
-85439
-85410
-85221
-84964
-84610
-84368
-83868
-83664
-83655
-83524
-82202
-82145
-81806
-81743
-81637
-81130
-81028
-80950
-80928
-80905
-80695
-80671
-80622
-80342
-80328
-80287
-80245
-80128
-79999
-79934
-79845
-79669
-79508
-79249
-79036
-79023
-78926
-78652
-78383
-78058
-77768
-77519
-77225
-77053
-76911
-76660
-76531
-76518
-76474
-76422
-76016
-75930
-75569
-75569
-75450
-75142
-74682
-74477
-74166
-73982
-73980
-73928
-73915
-73781
-73729
-73615
-73134
-73119
-73092
-73069
-72953
-72570
-72059
-71921
-71832
-71681
-71655
-71497
-71337
-71197
-71155
-71151
-71106
-71100
-70907
-70823
-70386
-70347
-69817
-69683
-69557
-69115
-69002
-68931
-68686
-68671
-68395
-68309
-68250
-67928
-67221
-67208
-67207
-66858
-66567
-66306
-66285
-66250
-66062
-65808
-65504
-65379
-65042
-64894
-64871
-64866
-64813
-64513
-64401
-64373
-64351
-64249
-64177
-64057
-63971
-63859
-63585
-63002
-62950
-62648
-62471
-62099
-61837
-61500
-61474
-61042
-60743
-60455
-60213
-59906
-59740
-59629
-59604
-59560
-59293
-59083
-58620
-58385
-58291
-58037
-57992
-57938
-57932
-57589
-57464
-57422
-56793
-56773
-56637
-56569
-56499
-56398
-56394
-56356
-56306
-56215
-55927
-55735
-55615
-55595
-55427
-55426
-55300
-55277
-54891
-54510
-54112
-54055
-53986
-53830
-53760
-53517
-53484
-53431
-53188
-53128
-52812
-52688
-52552
-52379
-52354
-52245
-52185
-51660
-51136
-51123
-50895
-50580
-49937
-49868
-49390
-49366
-49250
-49196
-49171
-49114
-49027
-48915
-48902
-48839
-48509
-48470
-48281
-47998
-47552
-47254
-46820
-46647
-46552
-46227
-45925
-45753
-45579
-45377
-45375
-45292
-45063
-44923
-44912
-44796
-44051
-43732
-43466
-43461
-43412
-43324
-43319
-42950
-42661
-42292
-42215
-41906
-41598
-41050
-40931
-40700
-40562
-40540
-40457
-40310
-40288
-40219
-39970
-39602
-39452
-39195
-38922
-38812
-38794
-38721
-38664
-38281
-38023
-37292
-37140
-36855
-36478
-36394
-36377
-36367
-36243
-36189
-35982
-35823
-35761
-35642
-35571
-35556
-35475
-35390
-35390
-35294
-35275
-34288
-33790
-33414
-33270
-33148
-33124
-33056
-32712
-32594
-32436
-32358
-31610
-31175
-31118
-30872
-30860
-30710
-30523
-30346
-29838
-29736
-29650
-29342
-29300
-29245
-28895
-28801
-28791
-28667
-28588
-28569
-28314
-28138
-27960
-27730
-27611
-27565
-27425
-27274
-26110
-25999
-25967
-25247
-25165
-25110
-25045
-24995
-24880
-24736
-24512
-24510
-24410
-24396
-24250
-23902
-23705
-23614
-23351
-23304
-23119
-22744
-22516
-22147
-21617
-21289
-20867
-20574
-20385
-20351
-20116
-20102
-19637
-19346
-18918
-18672
-18485
-18215
-18142
-17830
-17269
-16834
-16832
-16737
-16681
-16645
-16631
-15956
-15734
-15305
-14888
-14886
-14236
-14096
-13896
-13682
-13046
-12957
-12931
-12902
-12812
-12752
-12235
-12222
-11906
-11851
-11619
-11205
-11130
-11048
-10893
-10591
-10552
-10243
-10166
-9439
-9137
-9018
-8967
-8761
-8110
-7240
-7141
-7027
-6782
-6592
-6415
-6413
-6391
-5999
-5989
-5933
-5028
-5023
-4547
-4511
-4421
-4405
-4395
-4357
-4001
-3953
-3920
-3430
-3350
-3330
-3150
-2881
-2700
-2518
-2386
-2300
-1973
-1829
-1630
-1624
-1479
-1202
-836
-819
-537
142
519
864
909
1089
1231
1275
1728
1799
1801
2115
2381
2451
3124
3168
3185
3659
4096
4187
4466
4796
4869
4899
4984
5038
5129
5268
5377
5964
6346
6451
6557
6561
7172
7204
7369
7429
8010
8087
8218
8278
8623
8889
8921
9265
9274
9409
9433
9726
9803
10054
10057
10531
11119
11357
11376
11487
11970
12221
12255
12335
12686
12694
12936
13348
13357
13393
13852
13911
13926
14417
14553
14602
15103
15467
15510
15596
15609
15857
16307
16501
16517
17102
17225
18085
18283
18600
18655
18695
18879
19312
19312
19533
19856
20365
20620
20828
20859
21115
21247
21397
21457
21625
21662
21789
21810
21946
22154
22197
22686
22751
22856
23121
23295
23704
24012
24043
24281
24334
24756
25139
25294
25373
25732
25793
25928
25929
26019
26039
26263
26346
26405
26690
26865
27024
27138
27215
27281
28271
28290
28682
28848
28885
28954
29305
29418
29733
30086
30142
30204
30355
30423
30544
30553
30875
31175
31222
31531
31569
31811
32107
32461
33007
33180
33200
33208
33257
33378
33979
34064
34148
34412
34467
34541
34568
34629
34660
35001
35227
35501
35602
35660
35792
35819
36146
36195
36641
36648
37484
37509
37740
37894
38053
38201
38637
38657
38743
38838
38907
39004
39311
39369
39719
39924
40286
40574
40817
40823
41049
41187
41530
41606
41762
41855
41943
42604
43444
43473
43508
43701
43822
43958
44649
44671
45592
45928
46064
46484
46544
47272
47403
47564
47690
47982
48262
48341
48555
48621
49209
49431
49512
50176
50231
50848
50908
51041
51111
51140
51466
51549
51617
51651
51690
51785
51906
52068
52237
52255
52293
52878
52959
53128
53413
53539
54132
54233
55014
55168
55243
55282
56008
56424
56434
56962
57291
57313
57514
57544
57648
57791
58044
58167
58348
58651
59570
59647
60195
60358
60697
61317
61346
61394
61550
61604
61710
61930
62046
62094
62169
62379
62706
62950
63275
63293
63440
63514
63529
63570
63717
64410
64462
65154
65244
65350
65455
65677
66025
66498
66522
66761
66793
67317
67351
67356
67592
68158
68225
68371
68393
68463
68672
68683
68910
68968
69155
69360
69442
69498
69632
69659
69877
70073
70220
70419
70452
70623
70891
71213
71240
71255
71860
72143
72501
72916
73042
73120
73214
73277
73453
73855
74025
74031
74199
74363
75234
75329
75399
75805
75903
75951
75952
76133
76747
76833
76860
77099
77518
77932
78098
78144
78283
78310
78906
79829
79994
80138
80492
80561
80683
80800
80909
81064
81128
81200
81936
82275
82358
82560
82814
82904
83366
83708
83752
83963
84021
84054
84307
84468
84519
84567
84625
84739
85098
85311
85353
85612
85951
85967
86222
86228
86380
86647
86777
86784
87145
87192
87252
87416
87617
87648
88024
88092
88385
88590
88645
88715
88773
88875
88932
89127
89168
89458
89615
90567
90592
91124
91773
92004
92361
92523
92550
92776
92866
92900
93088
93498
93521
93597
93703
93742
93875
94022
94270
94464
94630
94651
95531
95843
95974
96134
96626
97044
97221
97360
97762
98486
98784
98980
99650
99739
99765
99899
99914
99960