-99789
-99603
-99381
-99245
-98951
-98687
-98482
-98058
-97923
-97921
-97599
-97440
-97395
-97323
-97087
-96891
-96260
-96202
-95939
-95789
-94744
-94357
-94262
-94235
-93845
-93843
-93812
-93742
-93738
-93627
-93329
-92959
-92081
-92072
-91988
-91932
-91786
-91714
-91076
-91035
-90755
-90457
-89591
-89410
-89130
-89043
-88972
-88751
-88485
-88230
-87970
-87632
-87332
-87209
-86978
-86842
-86453
-86383
-86295
-86239
-86118
-85982
-85796
-85773
-85738
-85305
-85047
-84957
-84716
-84131
-84066
-83850
-83416
-83183
-83123
-82330
-82299
-82131
-81916
-81782
-81771
-81480
-81361
-81342
-81207
-81145
-81040
-80757
-80640
-80494
-80104
-79883
-79860
-79668
-79248
-78393
-78365
-78355
-77710
-77204
-76553
-75452
-75349
-75253
-75165
-75141
-75026
-75012
-74857
-74818
-74811
-74701
-74557
-74242
-73849
-73712
-73336
-73140
-73060
-72754
-72563
-72511
-72407
-72376
-72236
-71957
-71892
-71729
-71494
-71294
-70994
-70830
-70103
-70009
-69903
-69397
-68993
-68764
-68635
-68456
-68403
-68354
-68340
-68163
-67915
-67687
-67536
-67195
-67103
-66987
-66906
-66394
-66312
-66158
-66157
-66107
-66085
-65898
-65894
-65811
-65787
-65772
-64952
-64452
-64177
-63933
-63881
-63512
-63425
-63411
-63404
-63128
-62938
-62680
-62441
-62372
-61784
-61447
-61245
-60854
-60402
-60232
-60062
-59965
-59700
-59286
-58945
-58921
-58785
-58780
-58408
-58386
-58139
-58103
-58094
-58049
-57980
-57783
-57574
-57498
-57175
-56769
-56692
-56672
-56312
-56203
-55760
-55419
-55283
-55215
-55119
-54860
-54814
-53790
-53463
-53459
-53181
-53039
-52998
-52745
-52559
-52414
-51973
-51968
-51545
-51105
-50606
-50410
-50198
-50014
-50000
-49948
-49935
-49375
-49170
-49118
-49020
-48590
-48435
-48237
-47736
-47437
-47177
-47080
-47046
-47018
-46898
-46787
-46642
-46250
-46156
-45942
-45704
-45589
-45383
-45373
-45081
-44990
-44948
-44910
-44825
-44781
-44681
-44672
-44520
-43982
-43598
-43359
-43304
-43259
-43059
-42998
-42767
-42445
-42220
-42081
-42029
-41720
-41621
-41238
-40980
-40884
-40744
-40653
-40635
-40542
-39987
-39875
-39854
-39818
-39632
-38360
-38118
-37748
-37488
-37380
-37303
-36919
-36865
-36860
-35849
-35503
-35118
-34919
-34911
-34709
-34545
-34465
-34367
-34322
-34275
-34201
-34144
-33985
-33655
-33376
-32833
-32781
-32629
-32468
-32399
-32381
-32354
-32161
-32135
-32031
-31489
-31102
-30725
-30615
-30425
-30314
-30257
-29753
-29349
-29165
-29107
-29036
-28895
-28566
-28515
-28229
-28014
-27961
-27677
-27410
-27134
-26806
-26682
-26232
-26103
-25967
-25847
-25740
-25017
-24900
-24113
-23909
-23854
-23841
-23522
-23427
-23202
-23147
-23139
-22463
-22100
-21919
-21010
-20991
-20915
-20717
-19922
-19822
-19517
-19212
-18865
-18648
-18519
-18441
-18233
-17671
-17524
-17461
-17351
-15853
-15396
-15142
-15102
-15095
-15026
-14642
-14578
-14361
-14334
-14142
-13812
-13668
-13564
-13555
-13545
-13216
-13065
-12980
-12564
-12454
-12177
-12079
-11807
-11754
-11752
-11506
-11283
-11264
-11065
-10868
-10428
-10392
-10234
-10188
-10044
-9952
-9866
-9862
-9479
-9423
-9199
-9113
-9045
-9032
-8514
-8470
-8464
-8377
-8270
-8062
-7963
-7953
-7920
-7849
-7757
-7698
-7670
-7166
-7141
-7046
-6518
-6261
-6106
-5936
-5601
-5284
-5247
-5132
-5104
-5026
-4929
-4230
-3585
-3181
-3150
-2651
-2629
-2049
-1999
-1481
-1478
-1403
-1265
-1222
-897
-723
-430
-402
-271
-220
-218
28
102
110
224
234
1046
1414
2852
3045
3075
3337
3440
3557
4003
4096
4220
4293
4830
4915
5829
6234
6428
6517
6582
6631
6997
7013
7204
7428
7502
7889
8194
8895
8977
9154
9179
9317
9391
9414
9527
9617
9787
10064
10099
10127
10160
10163
10223
10254
10687
10766
10966
11042
11081
11084
11475
12002
12273
12455
12567
12572
12612
12619
13070
13143
13198
13661
13971
14110
14986
15079
15106
15395
15830
15842
16029
17091
17529
17868
17916
18124
18140
18205
18205
18672
18681
18754
18783
18845
19060
19155
19602
19841
19935
20188
20437
20513
20522
20561
20652
20729
21082
21230
21276
21288
21435
21693
21893
21949
21957
22166
22265
22312
22425
22564
22574
22803
23311
23523
23689
23862
23959
24049
24218
24223
24481
24590
24644
24739
24995
25082
25247
25295
25797
26083
26127
26193
26212
26312
26319
26586
26779
26942
26948
26972
27162
27291
27362
27387
27447
27462
27636
27664
27794
28313
28681
29380
29385
29537
29792
29869
30070
30087
30105
30170
30319
30860
31531
31547
31782
31800
31949
32102
32140
32482
32648
32744
33399
33528
33558
33698
33712
33796
33843
34147
34155
34225
34348
34748
35059
36034
36384
36616
36689
36740
36798
36839
36851
37040
37096
37106
37282
37373
37388
37618
37691
38495
38502
38575
38622
38633
38670
38941
39237
39647
39686
39799
40230
40275
40562
40694
41056
41085
41205
41247
41470
41834
41898
41943
42110
42208
42414
42443
42880
43096
43151
43434
43468
43720
43754
43908
44203
44285
44311
44514
44576
44621
44729
45231
45766
45968
45969
45987
46238
46585
46662
47625
47937
48116
48632
48696
49011
49414
49460
49527
49772
49936
50049
50535
51057
51450
51504
51725
51806
51949
52075
52338
52406
52713
52999
53038
53203
53211
53282
53349
53582
53868
53959
54019
54107
54346
54563
54588
54656
54698
54705
54837
55287
55822
55947
56418
56508
56659
57365
57407
57735
57776
58206
58374
58682
58735
58896
59401
59413
59474
59624
59695
60415
60440
60458
60500
61150
61274
61279
61807
62058
62153
62185
62446
63032
63232
63355
63511
63745
63846
63950
64087
64326
64672
65372
65418
65476
65764
66038
66178
66477
66574
66856
66976
67626
67684
67812
67951
68090
68592
68748
69046
70046
70122
70173
70292
70405
70709
70809
70926
71104
71111
71175
72241
72249
72748
73066
73162
73317
73449
73531
73577
73777
73898
74022
74144
74440
74594
74807
74817
74888
74981
75068
75087
75105
75236
75255
75267
75310
75459
75586
75588
75606
75927
76268
76317
76345
76500
76548
76963
77299
77349
77572
77823
78355
78403
78422
78509
78664
78944
78979
79094
79291
79783
79959
80324
80432
80975
81039
81087
81337
81462
81539
81913
82018
82069
82118
82465
82519
82611
83176
83270
83356
83620
84197
84237
84252
84272
84362
84537
84823
84846
85283
85323
85471
86429
87080
87113
87449
87470
87500
87523
87528
87888
88014
88390
88547
88954
89415
89447
89562
89660
89759
89915
89997
90034
90248
90504
91115
91215
91627
92033
92064
92123
92306
92641
92684
92802
92805
92831
93055
93354
93511
93573
93576
93687
93753
93846
93938
93962
94002
94040
94557
94564
94827
94896
95109
95254
95351
95485
95962
96105
96407
96981
97210
97227
97345
97995
98624
98626
98752
98804
98867
99124
99229
99811
99929
99939