-99881
-99499
-98973
-98893
-98746
-98711
-98545
-98441
-98353
-98319
-98219
-98149
-97932
-97599
-97099
-96712
-96558
-96056
-95917
-95406
-95385
-95336
-95039
-94349
-93756
-93541
-93394
-93244
-93179
-92918
-92757
-92030
-91821
-91784
-91550
-91317
-91230
-91113
-90969
-90190
-89889
-89816
-89690
-89515
-89311
-89102
-88654
-88137
-87335
-87065
-86979
-86961
-86813
-86526
-86404
-86139
-85970
-85689
-85263
-84961
-84928
-84619
-84299
-84283
-83922
-83783
-83729
-83640
-83631
-83559
-83557
-83385
-83145
-83129
-83096
-83068
-82796
-82297
-82288
-82286
-82041
-82018
-81374
-81218
-81024
-80740
-80673
-80261
-80157
-79937
-79641
-79638
-79548
-79345
-78937
-78771
-78738
-78462
-78306
-78270
-77815
-77633
-77575
-77392
-77170
-77090
-76994
-76733
-76731
-76719
-76434
-76209
-76022
-75873
-75840
-75836
-75771
-75681
-75520
-75510
-75470
-75206
-74859
-74709
-74221
-74123
-73921
-73654
-73036
-73012
-72853
-72612
-72028
-71972
-71884
-71496
-71250
-71170
-71020
-70799
-70775
-70596
-70014
-69916
-69901
-69590
-69579
-69562
-69096
-68982
-68742
-68568
-68481
-68288
-68091
-67897
-67820
-67716
-67593
-67570
-67480
-67148
-67113
-66924
-66735
-66548
-66247
-66164
-65796
-65569
-65461
-65340
-65257
-65181
-65134
-65104
-64809
-64044
-63622
-63488
-63376
-63109
-63089
-62409
-62399
-62141
-62131
-62127
-61928
-61873
-61787
-61748
-61714
-61656
-61495
-61329
-61284
-60983
-60460
-60000
-59923
-59881
-59821
-59726
-59494
-59424
-58612
-58585
-58482
-58458
-58233
-58219
-58205
-57656
-57380
-57335
-57304
-57237
-57087
-56907
-56805
-56763
-56452
-56356
-55930
-55106
-55095
-54961
-54947
-54864
-54770
-54701
-54573
-54498
-54463
-54417
-54170
-53954
-53819
-53750
-53720
-53706
-53582
-53409
-53100
-53066
-53048
-52966
-52882
-52651
-52609
-52606
-52321
-52013
-51985
-51820
-51791
-51642
-51533
-51349
-51143
-50914
-50543
-50391
-50139
-50034
-49977
-49831
-49087
-48982
-48847
-48591
-48441
-48414
-47827
-47482
-47091
-47087
-46852
-46676
-46025
-45932
-45926
-45875
-45830
-45280
-45235
-44494
-43247
-42829
-42803
-42702
-42168
-42166
-41982
-41666
-41371
-41193
-41168
-40848
-40598
-40534
-40515
-40218
-39413
-39304
-39183
-39110
-39108
-39081
-39032
-38721
-38706
-38522
-38476
-38259
-38247
-38100
-37447
-37264
-37052
-37009
-36673
-36212
-36194
-36046
-35990
-35824
-35657
-35324
-34799
-34727
-34420
-34284
-34005
-33641
-33475
-33393
-33369
-33183
-33010
-32782
-32195
-31962
-31552
-31456
-31139
-30571
-30522
-30507
-30387
-29928
-29650
-29573
-29467
-29318
-29297
-29259
-28954
-28693
-28608
-28324
-28284
-28202
-27732
-27701
-27661
-27589
-27338
-26860
-26613
-26122
-26053
-25542
-25163
-25131
-24896
-24602
-24463
-24349
-23957
-23892
-23585
-23388
-23066
-23063
-22844
-22834
-22282
-22075
-21773
-21565
-21397
-20731
-20654
-20484
-20387
-20361
-20203
-20101
-19446
-19029
-18967
-18622
-18350
-18347
-18252
-17947
-17780
-17656
-17489
-17413
-17372
-17269
-17064
-17056
-16955
-16915
-16806
-16770
-16747
-16688
-16661
-16382
-16080
-16060
-15998
-15993
-15836
-15752
-15373
-15361
-15183
-15134
-14778
-14691
-14596
-14460
-14025
-13946
-13932
-13842
-13517
-13148
-12406
-12187
-12064
-11983
-11345
-11088
-10865
-10864
-10331
-10240
-9894
-9821
-9579
-9503
-9240
-9135
-8603
-8300
-7900
-7892
-7805
-6837
-6752
-6660
-6577
-6458
-6346
-6126
-6119
-6087
-5777
-5582
-5382
-5042
-4831
-4672
-4585
-4397
-4311
-4154
-3832
-3802
-3729
-2321
-2307
-2290
-1743
-1539
-815
-409
-224
433
542
913
1024
1416
1771
1923
1963
1963
2198
2242
2359
2519
2575
2981
3002
3084
3471
3620
3980
4106
4188
4290
4909
5138
5315
5889
6001
6334
6545
6810
6991
6995
7405
7446
8074
8124
8157
8249
8318
8462
8721
8802
8903
8957
8980
8993
9126
9746
9906
10042
10240
10398
10664
11181
11259
11279
11737
12182
12465
12494
12669
13124
13208
13219
13283
13332
13391
13548
13655
13776
13852
14063
14124
14140
14919
15058
15376
15813
16000
16043
16317
16617
16835
16877
17607
17649
17731
17807
17936
17948
18364
18573
18703
19570
19796
19927
20075
20093
20541
20712
20735
20760
20785
21042
21170
21291
21501
21582
21755
22130
22226
22292
22958
23551
23650
23738
23989
23998
24283
24472
24736
24848
25127
25160
25500
25522
25696
25823
26089
26107
26136
26537
26564
26577
26608
26626
26664
26996
27225
27286
27385
27470
27699
28167
28209
28431
28697
28699
29312
29517
29566
29659
29988
30211
30388
30753
30783
30792
31296
31606
31679
32766
33306
33531
33698
34152
34218
34336
34376
34405
34493
34900
34995
35013
36227
36242
36374
36492
36519
36524
37003
37182
37334
37335
37492
37886
37914
38106
38221
38377
38656
38848
38891
38969
39371
39897
40112
40587
40595
40826
41056
41093
41194
41490
41519
41678
42050
42172
42634
42820
43208
43404
43462
43645
43661
43663
43871
44084
44171
44441
44625
44705
44895
44900
44935
44979
45056
45073
45624
45682
45723
45864
45875
45897
46076
46144
46248
46274
46586
46662
46829
46981
47121
47191
47231
47274
47338
47600
47841
47850
47895
47973
48253
48257
48352
48389
48427
48649
48683
48767
49362
49712
50140
50240
50956
51267
51334
51367
51413
51630
51860
52001
52785
53137
53284
53652
53780
54162
54268
54311
54479
54712
54965
55035
55206
55241
55500
55923
56118
56298
56518
56635
56675
56894
56985
57067
57159
57626
57932
58358
58386
58585
58792
58889
59177
59418
59574
59840
60031
60162
60447
60545
60821
60932
60954
61353
61734
61797
62161
62242
62271
62987
63075
63192
63513
63747
64046
65019
65114
65762
65945
65982
66385
66396
66566
66651
66921
66959
67116
67235
67427
67674
67678
67906
68167
68569
68597
68724
69033
69092
69115
69231
69287
69498
69847
69860
70343
70386
70416
70429
70522
70813
71117
71470
72254
72523
72684
72784
72835
72906
73208
73328
73534
73749
73862
73874
73948
74772
74849
74969
75037
75061
75257
75494
75769
75774
76181
76237
76321
76392
76409
76938
77474
77695
78015
78040
78601
79289
79431
79483
79547
79777
80178
80246
80433
80704
80849
80868
81411
81428
81575
81577
81859
81928
82157
82216
82356
82979
83321
83534
83651
83824
84147
84330
84337
84405
84446
84480
84481
84487
84975
85029
85452
85490
85569
85773
85952
86070
86624
87420
87577
87613
87919
87949
88672
89366
89560
89698
89846
89885
89908
90106
90244
90856
91141
91234
91770
92194
92563
92652
93176
93479
93547
93672
94004
94248
94442
94730
94780
94834
95083
95215
95292
95530
95541
95638
95727
95788
95792
95849
96539
96872
96935
97215
97337
97406
97574
97576
97708
97791
98311
98361
98452
98510
98604
98648
98924
98975
99352
99656
99825
99879
99892
99957