-99949
-99631
-99390
-99349
-99344
-99323
-99211
-99047
-98915
-98727
-98640
-98378
-98160
-97965
-97740
-97699
-97513
-97204
-96641
-96554
-96419
-96166
-96152
-95959
-95844
-95534
-95514
-95475
-95175
-95150
-94729
-94624
-94479
-94470
-94412
-93844
-93569
-93402
-93401
-93346
-93318
-92703
-92673
-92413
-91695
-91690
-91438
-91403
-91390
-91234
-91198
-91166
-90497
-90255
-89729
-89685
-89597
-89533
-89169
-88871
-88787
-88534
-88363
-88287
-88211
-87238
-86625
-86201
-85938
-85899
-85836
-85716
-85695
-85313
-85171
-84907
-84729
-84585
-84515
-84300
-83960
-83894
-83714
-83388
-83167
-83121
-82468
-82350
-82195
-82177
-82171
-82105
-81967
-81966
-81897
-81401
-80975
-80759
-80705
-80528
-80403
-80098
-79511
-79045
-79025
-78447
-78373
-78365
-78085
-77671
-77054
-77020
-76914
-76889
-76839
-76729
-76725
-76393
-75960
-75510
-75371
-75364
-75304
-74761
-74760
-74173
-74167
-73949
-73886
-73776
-73008
-72877
-72660
-72402
-72252
-72212
-72050
-71856
-71594
-71572
-71292
-71139
-70906
-70890
-70724
-70576
-70230
-70145
-70073
-69714
-69709
-69638
-69370
-69314
-69264
-69241
-69154
-68971
-68745
-68699
-68060
-67919
-67904
-67872
-67748
-67333
-67127
-66827
-66748
-66129
-65066
-64747
-64681
-64648
-64500
-64437
-64303
-64268
-64172
-64076
-64031
-63822
-63819
-63808
-63540
-63461
-63423
-63353
-62852
-62760
-62721
-62635
-62601
-62526
-62456
-62435
-62362
-61824
-61788
-61737
-61556
-61408
-61293
-61204
-61175
-61157
-61132
-60645
-60576
-60447
-60409
-60400
-60175
-60157
-60085
-59885
-59797
-59736
-59692
-59419
-59415
-59300
-59221
-59033
-58815
-58724
-58688
-58533
-58505
-58458
-57864
-57825
-57485
-57335
-57293
-57224
-56558
-56528
-56077
-55828
-55452
-55393
-55231
-55057
-54920
-54897
-54629
-54028
-53459
-53389
-53345
-53209
-53011
-53007
-52827
-52395
-52371
-52324
-52034
-51828
-51785
-51386
-51143
-51129
-50958
-50259
-49576
-49263
-49137
-48603
-48373
-48099
-47896
-47773
-47491
-47483
-47094
-46996
-46973
-46950
-46527
-46248
-46095
-46070
-46033
-45393
-45032
-44946
-44583
-44540
-44519
-44484
-44210
-44182
-44150
-44074
-43995
-43875
-43561
-43407
-43121
-42833
-42392
-42368
-41670
-41645
-41191
-41163
-41125
-40852
-40752
-40674
-40515
-40030
-40005
-39716
-39559
-39307
-39306
-39280
-39168
-39023
-38979
-38889
-38833
-38303
-38020
-37940
-37899
-37727
-37449
-37417
-37285
-37010
-36743
-36688
-35945
-35851
-35813
-35766
-35764
-35524
-35108
-34985
-34971
-34688
-34661
-34599
-34437
-34149
-34082
-33802
-33533
-33256
-33255
-32997
-32965
-32596
-32583
-32439
-32383
-32252
-32192
-32191
-32083
-31885
-31328
-30277
-30258
-29812
-29600
-29023
-28721
-28494
-28390
-28247
-28216
-28211
-28131
-28063
-28042
-27449
-27438
-27121
-27068
-27001
-26931
-26601
-26475
-26470
-26281
-26179
-26046
-25792
-25790
-25714
-25498
-25476
-25431
-25053
-24853
-24852
-24851
-24791
-24586
-24442
-24015
-23994
-23760
-23622
-23571
-23375
-23276
-23164
-22919
-22698
-22362
-21493
-21479
-21392
-20530
-19932
-19921
-19895
-19748
-19454
-19017
-18872
-18712
-18480
-18337
-18261
-18149
-17967
-17861
-17631
-17577
-17283
-17245
-16681
-16580
-16390
-15259
-15204
-15152
-14737
-14643
-14295
-14213
-14178
-14149
-13700
-13686
-13602
-13327
-13262
-13246
-12355
-12271
-12163
-12110
-12052
-11858
-11797
-11751
-11234
-10415
-9645
-9639
-9625
-9608
-9530
-9058
-8545
-8064
-7906
-7076
-7048
-6947
-6932
-6766
-6716
-6531
-6528
-6375
-6275
-6216
-6191
-6029
-5929
-5626
-5571
-4536
-4411
-3953
-3893
-3748
-3185
-2956
-2851
-2650
-1515
-1385
-1365
-1010
-860
70
567
573
788
793
1126
1127
1286
1524
1593
1668
1993
2290
2335
2367
3065
3490
3774
3784
3965
4021
4035
4139
4186
4531
4563
4654
4979
5309
5361
5427
6004
6077
6159
6208
6314
6496
6688
6689
6712
6802
6839
7157
7288
7873
7955
7989
8180
8214
8453
8674
8844
8876
9013
9117
9484
9670
9745
9781
10898
11021
11137
11439
11440
11467
11544
12144
12740
12915
12918
13096
13237
13266
13275
13455
13791
13897
13963
14234
14501
14841
15095
15298
15607
15904
16054
16239
16351
16405
17076
17237
17724
17798
17962
18039
18200
18645
18723
18730
18739
18740
18754
18825
19833
19980
20346
20363
20424
20803
21168
21216
21379
21380
21495
21518
21636
21690
21943
22242
22403
22464
22726
22913
23336
23371
23401
23572
23587
23771
23817
24095
24745
25288
25296
25424
25460
25493
25533
25682
25850
25911
25974
26304
26565
26662
26922
27318
27989
28184
28232
28828
29276
29283
29498
29742
29820
30074
30139
30335
30339
30485
30508
30767
31124
31128
31819
32151
32172
32682
33002
33156
33317
33675
33944
34172
34311
34356
34538
34969
35017
35191
35291
35358
35551
35934
36065
36082
36357
36369
36623
37291
37584
39174
39567
39658
39853
39951
40083
40201
40211
40407
41238
41492
41690
41857
41949
42059
42356
42488
42514
42928
44068
44370
44655
45513
45886
46104
46425
46690
46908
47428
47450
47670
47716
47777
48092
48211
48310
48726
49095
49225
49455
49563
50065
50285
50529
50654
50915
51278
51830
51916
52017
52113
52210
52288
52347
52440
52894
53160
53170
53416
53841
53968
54093
54187
54440
54481
54570
54592
54721
54893
55029
55029
55058
55256
55365
55700
55892
55991
56473
56650
56913
56939
57072
57114
57616
57724
57819
57824
58364
58769
58844
59102
59103
59128
59145
59159
59342
59557
59609
59769
59855
60327
60440
60589
60874
61087
61148
61197
61422
61716
61796
62038
62556
62584
62611
63045
63928
63938
64012
64294
64437
64711
64718
65059
65138
65222
65518
65632
65664
65974
66270
66881
66888
67090
67289
67577
67615
68581
68800
68905
69019
69425
69495
69662
69696
70294
71161
71247
71267
71366
71427
71772
71797
71822
71851
72350
72453
72459
72579
72659
73092
73232
73525
73630
73828
73834
73928
74187
74392
74492
74561
74617
74953
75242
75272
75564
76229
76278
76354
76500
76828
76919
76968
77051
77094
77413
77582
77847
78065
78658
78898
79647
79858
79860
80034
80242
80295
80318
80466
80469
80525
80670
81134
81570
81580
81763
81891
81897
82239
82337
82373
82829
83124
83552
83600
83993
84314
84455
84545
84814
85213
85253
85276
85283
85557
85638
85666
85666
85791
85804
86571
87408
87532
88165
88325
88372
88541
88634
88687
88697
88855
89415
89574
89827
89913
90236
91281
91292
91459
91694
91709
91769
92069
92221
92425
92435
92636
92663
93078
93349
93465
93519
93763
93822
94145
94196
94289
94540
94607
94611
94659
95511
95541
95581
95698
95846
96063
96064
96144
96203
96266
96507
96889
97156
97181
97600
97662
97701
97822
97959
98144
98144
98147
98410
98520
98539
98584
98805
98824
98971
99509
99871
99875