-99844
-99453
-99433
-98885
-98816
-98369
-98253
-97265
-96446
-96373
-96275
-96083
-95980
-95493
-95447
-95158
-94887
-94720
-94551
-94460
-94132
-94123
-93532
-93141
-92970
-92587
-92498
-92215
-92211
-92202
-92045
-92039
-91849
-91756
-91610
-91310
-90627
-90491
-90489
-90466
-90278
-90005
-89030
-88990
-88938
-88806
-88715
-88682
-88351
-88153
-87931
-87834
-87779
-87740
-87689
-87650
-87608
-87530
-87254
-87239
-87052
-87036
-86899
-86768
-86566
-86438
-86159
-85801
-85463
-85403
-85254
-85167
-85003
-84588
-84472
-84376
-83965
-83712
-83586
-83168
-82662
-82449
-82420
-82417
-82407
-82366
-82201
-81963
-81920
-81670
-81046
-80808
-80691
-79561
-79512
-78393
-78306
-78277
-78071
-77986
-77969
-77255
-76851
-76809
-76768
-76503
-76400
-76310
-76179
-76127
-75607
-74989
-74969
-74619
-74305
-74048
-73924
-73786
-73687
-73671
-73646
-73424
-73265
-73259
-73248
-72783
-72718
-72265
-71145
-71094
-70752
-70520
-70499
-70454
-70329
-70147
-70141
-70014
-69282
-69255
-69147
-69124
-69092
-68920
-68774
-68151
-68046
-67841
-67489
-67205
-67085
-66568
-66505
-66063
-66062
-65928
-65740
-65704
-65511
-65352
-65217
-64930
-64514
-63731
-63255
-63216
-63172
-62906
-62879
-62559
-62285
-62122
-62106
-61799
-61719
-61175
-61158
-61142
-61007
-61003
-60968
-60166
-60080
-59931
-59916
-59702
-59538
-59196
-58926
-58861
-58819
-58750
-58325
-58262
-58136
-58094
-57861
-57475
-57223
-56877
-56825
-56370
-56173
-56112
-55922
-55783
-55702
-55611
-55575
-55483
-55423
-55381
-54937
-54747
-54607
-54402
-54393
-54252
-54133
-53846
-53707
-53537
-53486
-53135
-52909
-52480
-52459
-52436
-52214
-52043
-51426
-51411
-51410
-51204
-51174
-51077
-50976
-50476
-50139
-49937
-49855
-49466
-49237
-49190
-49019
-48815
-48795
-48743
-48352
-48335
-48221
-48085
-47963
-47896
-47627
-47579
-47236
-47195
-47068
-46919
-46659
-46569
-46505
-45951
-45767
-45592
-45421
-45194
-45188
-45037
-44913
-44736
-44642
-44155
-44066
-43750
-43363
-43203
-43195
-42783
-42369
-42345
-42332
-42122
-41964
-41891
-41591
-41436
-41250
-41124
-40988
-40842
-40815
-40777
-40743
-40423
-40375
-40165
-40039
-39685
-39602
-39478
-38833
-38763
-38724
-38639
-38201
-38078
-37738
-37573
-37165
-37152
-37078
-36647
-36633
-36631
-36468
-36465
-36437
-36286
-36174
-36160
-36049
-35931
-35513
-35484
-35356
-35266
-35184
-35183
-35112
-34921
-34575
-34356
-34314
-33956
-33881
-33875
-33561
-33158
-33141
-32985
-32768
-32587
-32443
-32345
-31972
-31642
-31590
-31500
-31241
-30915
-30740
-30586
-30430
-30413
-29295
-28933
-28575
-27188
-26655
-25816
-25628
-25615
-25542
-25455
-25176
-24860
-24682
-24380
-24357
-24096
-24059
-23712
-23630
-23296
-23252
-23153
-22868
-22852
-22845
-22601
-22509
-22068
-21827
-21549
-20931
-20541
-20074
-19956
-19808
-19549
-19239
-18721
-18430
-18313
-17928
-17881
-17789
-17626
-17498
-17412
-17340
-17245
-16996
-16920
-16435
-15999
-15870
-15840
-15251
-14502
-13974
-13815
-13704
-13614
-13232
-13064
-12977
-12635
-12286
-12155
-12025
-11751
-11635
-11591
-11562
-11132
-11118
-11105
-10951
-10338
-10209
-9716
-9457
-9451
-9270
-9153
-9132
-9022
-8934
-8710
-8562
-8454
-8411
-8326
-7575
-7125
-7079
-7021
-6703
-6458
-5883
-5711
-5213
-4864
-4798
-4622
-4539
-4387
-4372
-4216
-3949
-3920
-3753
-3532
-3511
-3166
-3050
-2946
-2936
-2914
-2648
-2332
-2069
-1862
-1816
-1796
-1622
-1383
-144
-66
-16
205
956
991
1134
1510
1707
1761
1845
2323
2450
2527
2649
2701
2765
3391
3542
3984
4163
4374
4894
4937
5857
6306
6472
6765
7231
7262
7291
7733
7766
7926
7962
7990
8515
8639
8665
9153
9349
9643
9746
9870
10466
10488
10587
11155
11256
11866
11958
12061
12363
12569
13139
13552
13655
13805
13809
14004
14524
14593
14619
14648
14915
15005
15037
15098
15139
15406
15659
15684
16238
16331
16420
16517
17279
17372
17439
17934
18102
18108
18353
18418
18820
19017
19229
19775
19831
19832
20077
20110
20197
20355
20393
20962
21134
21240
21456
21569
21668
21700
21805
21864
22339
22662
22709
22954
23134
23217
23265
23425
23503
23596
23628
23783
24018
24300
24315
24365
24540
24727
25596
25600
25837
25871
26001
26130
26373
26393
26441
26537
26576
26595
26616
27155
27501
27721
27877
28288
28305
28490
29023
29100
29130
29300
29419
29538
29812
30179
30324
30461
30746
30831
30994
31217
31365
31405
31409
31495
31663
31665
31956
32107
32441
32526
32925
33026
33722
34016
34605
34644
34761
34762
34835
34849
34923
35063
36042
36098
36222
36801
36876
36880
37068
37305
37555
37641
38083
38198
38499
38752
38972
39186
39251
39324
39477
39734
39735
39887
40675
40859
40910
41169
41503
41644
41692
41924
42057
42279
42536
42759
42813
43469
43495
43529
43658
44206
44413
44508
44712
45420
45867
45994
46266
46359
46365
46835
46924
47015
47019
47344
47391
47498
48119
48138
48182
48329
48358
48618
48995
49202
49461
49591
49893
50138
50157
50310
50988
50997
51166
51388
51694
52290
52334
52335
52471
52623
52822
52841
52901
52977
53110
53194
53534
53667
53942
54154
54247
54264
54279
54480
54725
54777
55393
55504
55694
55762
55790
56101
56134
56413
56486
56650
56679
56726
56758
56869
57262
57293
57587
58336
58609
58657
58698
58793
59171
59206
59258
59303
59339
59445
59619
59722
59862
59912
59940
60074
60105
60280
60685
60920
60982
61022
61031
61090
61293
61295
61687
61766
62211
62219
62279
62525
62816
62966
63277
63445
63472
63499
63549
64125
64269
64295
64460
64851
64864
64993
65001
65310
65336
65476
66237
66321
66709
66895
66988
67211
67333
68540
68551
68608
68692
68738
68882
68891
69051
69138
69222
69253
69285
69493
70086
70185
70836
70882
70933
71172
71201
71463
71495
72031
72056
72222
72395
73176
73180
73200
73510
73651
73667
74028
74090
74295
74354
74793
74951
75116
75195
75312
75465
75499
76190
76301
76312
76485
76951
76995
77614
77633
77719
78588
78895
79243
79348
79417
79795
79832
79866
80025
80105
80128
80158
80430
80490
80498
80505
81261
81429
81481
81924
82308
82395
82504
82669
82887
83009
83025
83432
83739
83872
83992
84207
84433
84799
84873
85284
85381
85440
85551
85671
85882
86013
86135
86395
86426
86463
86707
86893
86926
87301
87380
87424
87709
88111
88227
88501
88543
88847
89401
89434
89475
89513
89579
89690
89703
89991
90254
90476
90655
90659
90966
91121
91416
91492
91540
91604
91818
91870
91909
92036
92439
93914
93993
94136
94191
94293
94386
94593
94877
94881
95038
95133
95204
95332
95428
95665
95742
95767
95836
95840
95843
96068
96074
96211
96262
96402
96436
96531
96747
97061
97274
98018
98317
98359
98414
98460
98520
99063
99902