-99930
-99888
-99827
-99820
-99461
-99332
-99208
-99193
-99121
-99116
-99078
-98595
-97842
-97728
-97636
-97566
-97461
-97364
-97303
-97085
-97068
-96825
-96693
-96014
-95940
-95882
-95807
-95803
-95797
-95745
-95490
-95327
-94849
-94399
-94386
-94255
-93749
-93524
-93496
-93451
-92954
-92563
-91986
-91727
-91640
-91087
-90933
-90902
-90789
-90609
-90328
-90011
-89933
-89470
-89389
-88741
-88681
-88577
-88575
-88446
-88270
-88050
-87917
-87759
-87466
-87379
-87117
-86871
-86778
-86655
-86479
-86345
-86245
-86149
-85947
-85503
-85216
-85063
-84967
-84872
-84855
-84623
-84384
-84095
-83921
-83492
-83271
-83204
-82882
-82822
-82662
-82304
-81863
-81854
-81817
-81494
-81311
-81265
-81201
-81158
-80978
-80672
-80544
-80539
-80409
-80277
-80164
-80037
-79997
-79749
-79733
-79705
-78895
-78594
-78493
-78121
-78113
-78112
-77999
-77950
-77915
-77800
-77541
-77443
-77430
-77297
-77274
-76143
-76008
-75736
-75638
-75583
-75532
-75235
-75029
-74547
-73862
-72681
-72398
-72297
-72293
-72203
-71972
-71071
-70604
-70367
-69894
-69806
-69684
-69285
-69067
-68646
-68487
-68362
-68279
-68242
-67884
-67553
-67485
-67283
-67080
-66853
-66603
-66506
-65949
-65930
-65802
-65500
-65453
-65420
-65064
-64930
-64398
-64372
-64214
-64147
-63281
-63246
-62972
-62873
-62734
-62685
-62668
-62270
-62222
-61949
-61883
-61862
-61616
-61267
-61252
-61218
-61192
-60476
-60349
-60278
-60203
-59735
-59662
-59576
-59231
-59137
-59040
-58809
-58743
-58664
-58651
-58576
-58504
-58318
-58303
-58210
-57713
-57473
-56983
-56624
-56533
-56451
-56042
-55559
-54350
-54074
-53760
-53708
-53704
-53618
-53450
-52828
-52710
-52693
-52562
-51965
-51906
-51633
-51442
-51290
-51190
-51135
-51058
-50916
-50739
-50438
-50392
-50359
-50325
-50309
-50117
-49741
-49561
-49075
-48923
-48274
-48241
-47951
-47369
-47262
-47021
-46461
-46342
-46017
-45958
-45816
-45794
-45640
-44995
-44975
-44599
-44573
-44511
-44289
-44103
-43944
-43532
-43428
-43068
-42943
-42560
-42094
-41837
-41652
-41318
-41231
-41199
-41138
-41000
-40990
-40769
-40643
-40371
-40205
-40139
-40066
-39999
-39458
-39366
-39209
-39142
-39040
-39032
-38406
-38273
-38020
-37838
-37544
-37327
-37281
-36586
-36352
-36051
-35907
-35695
-35695
-35627
-35477
-34743
-34626
-34530
-34511
-34443
-34122
-34078
-33979
-33966
-33925
-33772
-33616
-33524
-32507
-32313
-32239
-32190
-32164
-32108
-31812
-31719
-31634
-31055
-31047
-30838
-30505
-30453
-30322
-30085
-29954
-29724
-29513
-29385
-28937
-28880
-28694
-28561
-28456
-28252
-28021
-27722
-27270
-27251
-27063
-26989
-26972
-26732
-26699
-26405
-26399
-26381
-26187
-26143
-26134
-25852
-25839
-25649
-25545
-25348
-25320
-25310
-25006
-24867
-24716
-24569
-24541
-24338
-24072
-24004
-23968
-23607
-23490
-23312
-23293
-23291
-23266
-22761
-22666
-22314
-22049
-21804
-21743
-21664
-21458
-21374
-21308
-21234
-20998
-19999
-19933
-19697
-19367
-19290
-19202
-18712
-18373
-17983
-17981
-17880
-17455
-16762
-16413
-16312
-16282
-16042
-16018
-15767
-15604
-15247
-14381
-13301
-13288
-13206
-12728
-12547
-12527
-12487
-12485
-12423
-12400
-12379
-12158
-12137
-12042
-11676
-11621
-11551
-11446
-11246
-11134
-10592
-10394
-10212
-10183
-10021
-9628
-9591
-9543
-9447
-9429
-8991
-8923
-8566
-8087
-7135
-6831
-6826
-6644
-6441
-6152
-6151
-6131
-5974
-5959
-5731
-5663
-5430
-5184
-5065
-4276
-4216
-4045
-3991
-3981
-3980
-3836
-3305
-3009
-2969
-2703
-2385
-2039
-2018
-1910
-1876
-1798
-1062
-942
-935
-781
-671
-577
-338
-262
-221
-118
487
627
656
1191
1650
1751
1968
2079
2475
2502
2721
2836
2918
2980
3065
3536
4074
4678
4691
4976
5132
5787
5845
6320
6734
6736
6858
6918
7019
7022
7190
7547
7635
7639
7839
7861
7986
8050
8129
8374
8375
8394
8424
8871
8919
9000
9008
9274
9358
9451
9722
9760
10026
10197
10272
10547
10561
10903
10995
10997
11256
11468
11473
11613
11811
12115
12389
12475
12556
12562
12622
13079
13678
13981
14051
14052
14632
14653
14715
14787
15234
15319
15487
15521
15630
16056
16226
17375
17409
17442
17752
17768
18128
18317
18484
18607
18754
18941
19358
19382
19405
19558
19657
19696
19923
20442
20777
20804
21289
21481
21739
21788
21950
22402
22699
22772
22843
22866
23162
23167
23169
23189
23409
23533
23533
23964
23971
24024
24189
24480
24539
24955
24962
24982
25204
25317
25420
25612
25826
25914
26255
26302
26618
26848
27609
27870
27920
28258
28352
28519
28630
28635
28735
28826
28863
28883
29116
29181
29219
29670
29675
29892
29946
29978
30174
30253
30296
30432
30728
30974
31138
31552
31687
31893
32012
32143
32156
32721
33433
33486
33641
33710
33819
33851
33956
34147
34284
34481
34904
34994
35135
35149
35165
35287
35370
35438
35500
35517
35823
36250
36500
36666
36728
36804
36859
37020
37047
37050
37440
38268
38329
38369
38542
38614
38619
38770
38883
38931
38961
38967
38997
39155
39197
39349
39367
39727
40027
40265
40710
41014
41214
42118
42282
42305
42361
42760
42864
43207
43455
43609
43704
43708
43748
43909
43943
44166
44349
44515
44832
45128
45445
46114
46532
46685
47023
47133
47394
47495
47617
47810
47939
48098
48714
48837
48970
49593
49837
49899
49964
50187
50996
51083
52067
52377
52445
52560
53418
53644
53764
53940
54144
54239
54280
54611
54880
54975
55042
55096
55356
55425
55816
56035
56044
56370
56509
56761
56838
57040
57068
57201
57245
57757
57819
57871
58299
58441
58513
58582
58724
58806
59482
59728
59812
59849
59913
60280
60338
60340
60711
60962
61171
61478
61540
61578
61598
61825
61862
61998
62145
62266
62452
62595
62698
62901
62967
63508
63588
63964
64128
64614
64696
64704
64933
65335
65798
66891
67428
67581
67817
68135
68265
68461
68570
68578
68600
68676
68737
68787
68899
68973
69381
69446
69513
69518
69701
70142
70221
70260
70571
72104
72516
72576
72576
72632
72830
73449
74402
74582
74588
74781
74882
74893
75264
75268
75395
75592
75598
75650
76010
76030
76090
76326
76482
76581
77043
77290
77698
77726
77855
77918
78280
78333
78353
78702
79199
79334
80081
80534
80892
80916
81553
81833
81996
82577
82941
83296
83464
83884
83967
84014
84248
84651
84824
84914
84924
84957
85042
85112
85184
85221
85264
85425
85629
85792
86091
86097
86230
86233
86339
86352
86404
86430
86493
86821
87098
87305
87603
88175
88512
88549
88885
88889
88958
89477
89721
89920
90476
90777
90814
91055
91193
91198
91286
91349
91485
92049
92426
92769
92851
92988
93034
93265
93713
93848
93961
93987
94060
94164
94262
94545
95111
95332
95953
96005
96379
96485
96564
96568
96802
97595
97857
98108
98712
98809
98988
98990
99117
99262
99313
99377