-99769
-99703
-99701
-99644
-99589
-99459
-99270
-99059
-98887
-98800
-98616
-98576
-98340
-97854
-97607
-97583
-97063
-96306
-96244
-96205
-96157
-96149
-95952
-95929
-95667
-95544
-95356
-94886
-94740
-94731
-94712
-94671
-94249
-94148
-94103
-93705
-93211
-92867
-92849
-92620
-92018
-91783
-91764
-91040
-90923
-90915
-90911
-90861
-90510
-90415
-90302
-90255
-90048
-89928
-89268
-89047
-88813
-88069
-87876
-87685
-87640
-87561
-87501
-87196
-86967
-86819
-86689
-86430
-86394
-86197
-86171
-85912
-85865
-85828
-85671
-85220
-85122
-84055
-83881
-83772
-83760
-83632
-83586
-83455
-83317
-83025
-82796
-82786
-82123
-81841
-81837
-81257
-81209
-81150
-81099
-80396
-80372
-79640
-79393
-79249
-79218
-78955
-78880
-78863
-78303
-77944
-77888
-77731
-77532
-77214
-76855
-76851
-76814
-76613
-76558
-76494
-76479
-76407
-76382
-76157
-76149
-76140
-75947
-75910
-75694
-75610
-75579
-75550
-75245
-75146
-75042
-74949
-74882
-74487
-74466
-74460
-74414
-74314
-74210
-74183
-74098
-74058
-74039
-73743
-72911
-72706
-72297
-72217
-72151
-72077
-71832
-71686
-71617
-71599
-71568
-71552
-71475
-71439
-70807
-70801
-70784
-70653
-70495
-69932
-69607
-69447
-69411
-69387
-69067
-68932
-68819
-68692
-68387
-68071
-67868
-67554
-67446
-67326
-67320
-67273
-67154
-67145
-66919
-66911
-66747
-66598
-66365
-66295
-66115
-66091
-65851
-65624
-65543
-65388
-65352
-64788
-64711
-64615
-64506
-64428
-64183
-64162
-63620
-63550
-63527
-63240
-63058
-62959
-62937
-62624
-62338
-62165
-61636
-61534
-61418
-61010
-60912
-60248
-60165
-59941
-59915
-59835
-59567
-59281
-59226
-59080
-59013
-58897
-58260
-58113
-57803
-57654
-57621
-57590
-57536
-57448
-57209
-57141
-56385
-56233
-56171
-56064
-55776
-54909
-54851
-54759
-54521
-54414
-54265
-53878
-53845
-53357
-53036
-52833
-52645
-52630
-52611
-52467
-51553
-51477
-51447
-51379
-51114
-50859
-50623
-50615
-50603
-50559
-50176
-50041
-49754
-49681
-49667
-49449
-49366
-48810
-48715
-47969
-47932
-47908
-47855
-47702
-47553
-47543
-47155
-46968
-46777
-46583
-46558
-46532
-46196
-46094
-45963
-45281
-44991
-44866
-44440
-44135
-43081
-43014
-42909
-42765
-42701
-42691
-42059
-41826
-41801
-41480
-41459
-40999
-40958
-40656
-40244
-40107
-40015
-39952
-39469
-39377
-39347
-39271
-39152
-39145
-39053
-38651
-38409
-38323
-37845
-37367
-37251
-36905
-36896
-36849
-36837
-36806
-36705
-36316
-36259
-35904
-35847
-35468
-34933
-34706
-34698
-34585
-34499
-34191
-34073
-33954
-33907
-33343
-33198
-33188
-33099
-32765
-32388
-32314
-32200
-32126
-32096
-31808
-31724
-31721
-31554
-31549
-31261
-31255
-31028
-30590
-30532
-30501
-30355
-29843
-29767
-29578
-29538
-29523
-29445
-29443
-28992
-28935
-28754
-28330
-28005
-27955
-27914
-27252
-27240
-27161
-26983
-26945
-26665
-26527
-26278
-26166
-26090
-26036
-26021
-26020
-25887
-25578
-25540
-25098
-25071
-25030
-24882
-24380
-24333
-24319
-24214
-23994
-23120
-23105
-23037
-22633
-22536
-22381
-22253
-21434
-21300
-21032
-20829
-20643
-20609
-20113
-20105
-20001
-19999
-19841
-19757
-19757
-19735
-19432
-19429
-19083
-18709
-18688
-18593
-18511
-18464
-18093
-17867
-17832
-17679
-17555
-17462
-17180
-17110
-16999
-16954
-16663
-16653
-16547
-16269
-15990
-15742
-15649
-15601
-15395
-15329
-15288
-15266
-14630
-14371
-14323
-14287
-14164
-14161
-13852
-13704
-13492
-13118
-12418
-12390
-12083
-12067
-12025
-11939
-11827
-11812
-11771
-11770
-11647
-11132
-10807
-9848
-9425
-9232
-7927
-7872
-7868
-7528
-7414
-7357
-7131
-6976
-6656
-6610
-6581
-6569
-6567
-6384
-6247
-5947
-5857
-4914
-4897
-4763
-4688
-4600
-4572
-4517
-4070
-3783
-3731
-3378
-3266
-3259
-3207
-2847
-2704
-2658
-2594
-1833
-1817
-1579
-1508
-1383
-1292
-1289
-1218
-1049
-930
-838
-820
-634
-603
-474
-411
-201
232
353
477
593
609
815
1110
1503
2076
2260
2373
2374
2515
2637
2796
2964
2998
3122
3353
3360
3393
3465
3605
3645
3894
3911
3915
3981
4144
4236
4313
4474
4622
4690
5012
5130
5186
5376
5965
6025
6901
7053
7226
7443
7475
7575
8011
8176
8546
8659
9321
9699
9757
9782
9827
9955
10072
10193
10223
10814
10977
11172
11402
11836
12665
12742
13182
13248
13321
14108
14265
14271
14379
14786
15036
15126
15138
15305
15623
15975
16202
16428
16898
17161
17209
17262
17264
17339
17465
17488
17844
17925
18134
18235
18533
18632
18946
19070
19734
20029
20045
20092
20155
20155
20222
20258
20461
21392
21724
21744
21767
22097
22157
22441
22513
22689
22889
23005
23361
23437
23506
24115
24276
24307
24597
24603
24859
25024
25282
25607
25820
25909
26020
26136
26174
26175
26234
26237
26929
26966
27197
27303
27309
27570
28102
28286
28455
28848
29114
29240
29251
29437
29794
29842
29900
30055
30329
30335
30735
31094
31139
31208
31238
32128
32316
32907
32915
33097
33615
33984
34010
34024
34461
34685
34919
35372
36005
36062
36084
36130
36877
36931
37021
37042
37052
37499
37578
37898
37910
38031
38285
38293
38585
38651
38947
39335
39523
39693
40094
40124
40245
40717
40860
41175
41266
41285
41673
41982
42043
42142
42255
42375
42643
42647
43431
43576
43740
43834
43834
43859
44350
44500
44689
45047
45303
45504
45932
46761
46795
46819
47056
47210
47296
47524
47948
47976
48484
48697
49003
49043
49413
49685
49809
50536
50751
50915
51066
51110
51486
51562
51584
51604
52567
52973
53230
53711
53836
53984
54030
54070
54071
54291
54541
54704
55125
55392
55394
55474
56468
56595
56892
57362
57699
57709
58020
58296
58646
58881
59021
59076
59340
59530
59668
60043
60266
60386
60701
61250
61568
61808
61933
62070
62127
62156
62519
62926
63492
63595
63672
63875
64254
64433
64917
64948
64979
65219
65425
65842
65853
66216
67040
67321
68395
68557
69094
69441
69600
69602
70024
70048
70049
70332
70715
70728
70967
71178
71286
71425
71784
71914
72107
73040
73192
73748
74023
74159
74170
74541
74673
74707
74744
75067
75339
75393
75535
75663
75676
75740
75942
76426
76554
76634
76700
76787
76973
76990
77196
77305
77337
77384
77582
78199
78886
79205
79363
79402
79462
79500
79614
80012
80975
81106
81196
81206
81209
81267
81330
81350
82062
82081
82712
82736
82802
82806
83103
83154
83166
83773
83778
83933
84338
84719
84748
84974
85251
85335
85354
85922
86199
86794
86805
86893
86915
87187
87206
87229
87398
87408
87609
88181
88500
89173
89563
89734
90892
90976
91136
91442
91600
91668
91720
91926
93081
93170
93290
93301
93645
93838
94082
94184
94284
94427
94548
94666
95052
95108
95432
95449
95647
95744
95927
96370
96387
96504
96504
97581
97650
97903
97941
98204
98364
98734
98762
98831
99178
99185
99318
99636
99905
99919
99931