-99994
-99629
-99575
-99512
-99304
-99065
-99029
-98787
-98676
-98454
-97916
-97876
-97817
-97793
-97545
-97362
-97112
-96633
-96470
-96130
-95939
-95721
-95697
-95650
-95603
-95584
-95198
-94894
-94870
-94775
-93641
-93533
-93433
-93371
-93311
-93301
-92747
-92452
-92442
-92292
-92207
-92155
-91862
-91289
-91278
-91193
-91020
-90908
-90752
-90411
-90399
-90381
-90088
-90058
-90005
-89996
-89975
-89844
-89548
-89451
-89298
-89154
-88960
-88937
-88924
-88865
-88027
-88019
-88018
-87899
-87728
-87694
-87674
-87525
-87259
-86686
-86459
-86398
-86211
-86062
-85743
-85650
-85589
-85556
-85349
-84853
-84752
-84637
-84163
-84108
-83920
-83437
-83383
-82925
-82887
-82862
-82373
-82260
-82226
-81543
-81398
-80880
-80799
-80504
-79860
-79794
-79658
-79344
-79310
-79149
-78780
-78328
-78174
-78125
-78065
-77673
-77554
-77434
-76760
-76604
-76537
-76133
-75974
-75766
-75739
-75663
-75567
-74808
-74685
-74515
-74189
-74045
-73890
-73869
-73854
-73494
-73021
-72772
-72447
-72013
-71974
-71874
-71636
-71383
-71128
-70943
-70903
-70789
-70740
-70662
-70641
-70493
-70266
-70219
-70138
-69973
-69695
-69636
-69240
-68664
-68329
-67635
-67223
-67061
-66800
-66682
-66352
-66138
-66067
-66040
-65982
-65812
-65740
-65658
-64722
-64687
-64602
-63990
-63666
-62302
-62283
-61822
-61797
-61785
-61613
-61546
-61267
-61256
-61034
-60919
-60845
-60736
-60585
-60469
-60358
-60256
-59922
-59921
-59580
-59011
-58810
-58147
-58052
-57760
-57719
-57598
-57503
-57343
-57238
-56662
-56598
-56291
-56126
-56084
-56063
-56004
-55852
-55780
-55088
-54507
-53998
-53988
-53941
-53800
-53710
-53592
-53565
-53352
-53161
-52737
-52194
-51884
-51811
-51580
-51464
-50783
-50246
-49795
-49658
-49471
-49363
-49287
-49245
-48249
-48225
-48075
-47888
-47796
-47736
-47382
-47144
-47064
-47027
-46976
-46891
-46837
-46305
-45696
-45484
-45479
-45464
-45462
-44989
-44943
-44916
-43813
-42887
-42639
-42633
-42430
-42409
-42075
-41789
-41683
-41636
-41476
-41152
-41108
-41028
-40969
-40938
-40564
-39889
-39786
-39003
-38965
-38915
-38404
-38332
-38242
-37828
-37764
-37097
-37048
-36767
-36562
-36497
-36177
-36102
-36021
-35908
-35876
-35862
-35838
-35769
-35760
-35596
-35214
-35067
-35056
-34735
-34493
-34439
-33738
-33703
-33564
-33280
-33076
-32961
-32820
-32587
-32579
-32324
-32270
-32247
-32138
-32104
-32088
-31862
-31610
-30867
-30538
-30289
-30107
-29549
-29479
-29425
-29141
-29045
-28994
-28844
-28644
-28515
-28452
-28316
-28248
-27876
-27773
-27649
-27636
-27540
-27519
-27147
-26985
-26915
-26328
-26092
-25869
-25569
-25464
-25023
-24960
-24900
-24755
-24339
-24320
-24191
-24008
-23804
-23594
-23576
-23267
-23187
-23006
-22778
-22260
-21993
-21939
-21572
-21304
-21189
-21147
-21043
-20991
-20803
-20786
-19722
-19700
-19578
-19524
-19506
-19482
-18932
-18877
-18793
-18767
-18737
-17594
-17553
-17536
-17285
-17109
-16794
-16346
-16304
-16006
-15879
-15844
-15797
-15532
-14872
-14599
-14500
-14499
-14330
-13903
-13486
-13437
-13162
-13079
-12831
-12665
-12440
-12305
-12290
-12281
-12159
-12012
-11822
-11436
-11182
-10811
-10427
-10372
-10074
-10065
-9742
-9728
-9616
-9249
-9214
-8887
-8538
-8358
-7812
-7762
-7391
-7234
-7125
-6974
-6734
-6699
-6639
-6620
-6530
-6449
-6004
-5639
-5527
-5071
-4086
-3536
-3265
-2943
-2848
-2465
-2452
-1697
-1501
-609
-601
-569
-83
640
817
1115
1273
1286
1668
1750
1830
1863
2363
2474
2487
2994
3296
3621
3633
3648
3724
4120
4441
4464
4553
4656
4832
4882
5040
5098
5461
5521
5680
5776
6676
6691
6816
7319
7367
7690
7796
8050
8166
8256
8385
8781
8968
9075
9122
9132
9284
9542
9643
9817
9993
10186
10492
10637
10664
11113
11127
11134
11345
11926
12578
12622
13009
13482
13502
13676
13814
13822
13856
13897
14020
14619
14628
15149
15887
16930
17033
17095
17105
17173
17243
17634
18160
18350
18374
18442
18483
18564
18779
19080
19194
19343
19625
19910
20100
20262
20985
21097
21723
22483
22549
22593
22655
22729
22812
23491
23522
23608
23805
23883
23894
24072
24267
24327
24519
24585
24673
24919
25322
25337
25501
25716
25937
25976
26041
26051
26051
26159
26329
27508
27763
27989
28022
28056
28739
28935
29126
29178
29333
29492
29504
29947
30200
30655
30659
30709
30726
30764
30814
31101
31473
31534
31617
31625
31646
31799
31859
31913
31921
31965
32250
32259
32475
33251
33364
33402
33477
33808
33846
34248
34486
34533
34548
34584
34616
34628
34800
34954
35494
35565
35716
36015
36315
36401
36473
36486
36756
36808
36870
37013
37220
37663
37675
37711
38012
38160
38331
38512
39229
39548
39731
39744
39747
39800
39921
40396
40405
40426
40572
41101
41183
41279
41330
41544
41571
41603
41739
41959
41986
42085
42188
42560
42908
43047
43185
43258
44014
44028
44046
44328
45017
45104
45178
45239
45244
45634
46015
46232
46741
47019
47263
47769
48025
48484
48529
48549
48605
48640
48887
49202
49337
50136
50329
50343
50548
50754
50836
51023
51183
51198
51547
51687
51863
52320
52474
52480
52960
53018
53126
53215
53454
53631
53899
53982
53996
54081
54142
54277
54650
54697
54773
54816
55186
55216
55527
55702
55712
55834
55931
55971
55994
56272
56358
56367
56395
56492
56869
56903
57070
57165
57217
57442
57789
57925
58076
58127
58350
58409
58783
59297
59351
59358
59542
59548
59839
60067
60243
60398
60424
60454
60619
60825
60963
60983
61380
61421
61867
62352
62365
62818
63010
63078
63204
63523
63631
63758
63885
63905
63983
63986
64077
64258
64331
64370
64721
64886
64903
65176
65767
65859
65865
66975
67259
67306
67435
67930
67957
68176
68417
68650
69019
69088
69571
69850
69942
70293
70445
70790
70813
71136
71246
71298
71411
71797
72023
72356
72480
72731
72759
72855
73440
73491
73537
73629
74702
74730
74839
74841
74877
75308
75669
75787
75904
75914
75993
76528
76664
76741
77014
77171
77284
77320
77398
77453
77524
77653
78240
78299
78670
79178
79245
79682
79709
79753
79805
79970
80016
80139
80246
80333
80390
80456
80565
81022
81602
82038
82293
82448
82847
82863
82909
82921
83020
83166
83663
83850
84166
84190
84298
84319
84815
84918
85594
85616
85917
85933
86036
86537
86576
86832
87398
87409
87581
87617
87624
87995
88111
88113
88161
88391
88438
88579
88627
88957
89426
89488
89708
89860
90054
90228
90346
90372
90448
90529
90727
90797
90847
90866
90885
90926
91003
91207
91265
91369
91385
91483
91682
91719
91796
91919
91920
92175
92405
92419
92586
92674
92808
92989
93176
93431
93469
93748
93829
93939
94004
94013
94855
94953
95277
95879
95883
96970
96983
97129
97372
97894
97931
98025
98075
98133
98248
98552
98655
99103
99417
99855