-99891
-99705
-99702
-99427
-99383
-99257
-99186
-99070
-98867
-98732
-98640
-98519
-98258
-98227
-98216
-98017
-97382
-96923
-96911
-96879
-96539
-96346
-96315
-96275
-96158
-95806
-95751
-95638
-95627
-95507
-94645
-94497
-94442
-94134
-94134
-94090
-93949
-93549
-93289
-92984
-92907
-92905
-92303
-92223
-92136
-91840
-91226
-90744
-90206
-90116
-89790
-89757
-89479
-89398
-89387
-89097
-88952
-88613
-88218
-88162
-87875
-87820
-87797
-87397
-87262
-87261
-86002
-85885
-85788
-85784
-85783
-85688
-85591
-85491
-85385
-85268
-84988
-84926
-84724
-84698
-84541
-83185
-82489
-82186
-82117
-81885
-81788
-81719
-81180
-81127
-80913
-80854
-80668
-80566
-80255
-79602
-78953
-78840
-78830
-78825
-78794
-78179
-77907
-77876
-77602
-77134
-77068
-76544
-76525
-76104
-75230
-75030
-74159
-74036
-73867
-73820
-73681
-73640
-73448
-73306
-73196
-73191
-73148
-72959
-72864
-72740
-72726
-72697
-72123
-71952
-71939
-71774
-71673
-71511
-71496
-71371
-70941
-70911
-70791
-70766
-70695
-70674
-70423
-70139
-69837
-69762
-69639
-69210
-69102
-69038
-68980
-68772
-68551
-67989
-67870
-67612
-67442
-67176
-67104
-66940
-66745
-66307
-66001
-65905
-65352
-65261
-65052
-65004
-64835
-64831
-64740
-64024
-63823
-63755
-63630
-63387
-63246
-63164
-63110
-62837
-62777
-62563
-62511
-61765
-61533
-61213
-61100
-60899
-60845
-60718
-60585
-59786
-59461
-59377
-59317
-58992
-58929
-58551
-58547
-58372
-58353
-58313
-57952
-57854
-57663
-57264
-57181
-57125
-56976
-56636
-55904
-55509
-55472
-55083
-54959
-54798
-54507
-54289
-54019
-54015
-53918
-53857
-53620
-53611
-53570
-53536
-53484
-53449
-52955
-52834
-52338
-52209
-52115
-51935
-51712
-51496
-50686
-50228
-49674
-49349
-49234
-49053
-49049
-48968
-48818
-48717
-48635
-48513
-48467
-48025
-47999
-47839
-47810
-47735
-47686
-47563
-47486
-47340
-47095
-47048
-46549
-46099
-46065
-45851
-45798
-45623
-45471
-45457
-45343
-45079
-44869
-44375
-44331
-44263
-44237
-44170
-44037
-43792
-43759
-43662
-43636
-43413
-43188
-42816
-42497
-42207
-41857
-41835
-41478
-41247
-40972
-40667
-40409
-40217
-39998
-39990
-39864
-39601
-39266
-39183
-38763
-38694
-38676
-38442
-38391
-37992
-37937
-37849
-37370
-37306
-37135
-36972
-36883
-36792
-36740
-36719
-36407
-36265
-36104
-35833
-35700
-35672
-35599
-35466
-35401
-35349
-35249
-35135
-35043
-34853
-34851
-34834
-34722
-34718
-34659
-34552
-33834
-33431
-33001
-32861
-32771
-32501
-31991
-31980
-31873
-31824
-31658
-31321
-31161
-30484
-30249
-29949
-29800
-29529
-29262
-29122
-28816
-28659
-28424
-28091
-28078
-28041
-27893
-27109
-26519
-26341
-26229
-25042
-24703
-24025
-24021
-23971
-23913
-23843
-23785
-23361
-23096
-22911
-22831
-22745
-22735
-22699
-22008
-21649
-21238
-21063
-20954
-20757
-20689
-20573
-20387
-20231
-20229
-20017
-19963
-19928
-19823
-19767
-19155
-19075
-19004
-18697
-18562
-18121
-17996
-17900
-17882
-17531
-17482
-16851
-16355
-16336
-16289
-16231
-16218
-16176
-15954
-15953
-15927
-15698
-15548
-15253
-15193
-15128
-14972
-14893
-14882
-14853
-14672
-13962
-13866
-13843
-13464
-13232
-13135
-13092
-12998
-12960
-12868
-12707
-12634
-12450
-12421
-12244
-11630
-11470
-11204
-10767
-10709
-10289
-10159
-9504
-9243
-8633
-8439
-8283
-7866
-7780
-7388
-6969
-6783
-6731
-6704
-6656
-6438
-6271
-6159
-6130
-5631
-5526
-5457
-5348
-5249
-5216
-5177
-5116
-4898
-4822
-4681
-4605
-4479
-4437
-4331
-3971
-3598
-3156
-2991
-2973
-2949
-2380
-2351
-2106
-2050
-2029
-1720
-1055
-817
-670
16
215
309
473
807
1083
1145
1326
1473
1969
2175
2921
3171
3498
3585
3703
3825
3954
4000
4103
4155
4422
4459
4559
4882
5041
5629
5896
6011
6107
6170
6331
6379
6405
6461
7052
7222
7436
7900
7921
8052
8201
8252
8348
8370
8379
9393
9639
9752
9752
9812
10254
10350
10515
10640
10660
10670
10721
10827
10909
11162
11315
11351
11368
11555
11579
11961
11965
11990
12119
12487
12542
12625
12741
13332
13397
13573
13906
13939
14092
14119
14349
14421
14728
14853
15030
15198
15230
15440
15456
15532
15652
15656
15943
15985
16016
16182
16198
16336
16463
16571
16854
16892
17295
17422
17535
17834
18164
19444
19652
19713
19934
19967
20335
20798
20819
21225
21446
21544
21891
21920
22199
22409
22417
22553
22857
23010
23196
23235
23450
23498
23885
23967
23974
24018
24018
24160
24420
24704
24708
24764
24899
24996
25524
25535
26858
26932
27023
27280
27354
27609
27859
27988
28060
28585
28681
28740
29018
29324
29595
29749
29957
30405
30406
30524
30546
30619
30843
30874
30928
31264
31294
31617
31655
31685
31807
31815
32071
32475
32626
32737
32792
32820
33001
33213
33302
33403
33577
33585
33875
33948
33978
34038
34043
34600
34860
35696
35781
36161
36360
36608
36618
36732
36915
36946
37310
37775
38352
38588
38694
38853
39326
39372
39454
39654
39835
40592
40617
41362
41485
41586
42014
42048
43079
43769
43903
44064
44162
44360
44539
44883
45235
45379
45539
45643
45711
45788
46158
46221
46255
46334
46387
46626
46681
46710
46839
47246
47435
48171
48348
48769
48834
48852
48938
49003
49040
49070
49100
49132
49169
49219
49489
49538
49591
49674
49694
50029
50286
50430
50462
50518
50726
51064
51129
51220
51314
51331
51913
52087
52336
52403
52654
52951
53128
53276
54038
54170
54326
54597
54605
54688
55102
55732
55850
56368
56460
56506
56584
56621
56770
56787
56945
56961
57158
57233
57448
57744
58184
58188
58503
58522
58627
58780
59121
59234
59609
59907
59957
60021
60134
60282
60533
60594
60630
60739
60797
60881
60884
61012
61314
61654
61703
61977
62265
62426
62476
62741
62800
62989
63064
63097
63856
64024
64478
64480
64765
64778
65469
65679
65990
66034
66189
66599
66687
66720
66750
66775
67271
67426
67463
67479
67490
68045
68060
68421
68634
68876
69281
69419
70271
70288
70715
71406
71418
71485
71561
71886
72030
72298
72685
72884
72896
73111
73270
73383
74369
75028
75056
75077
75129
75169
75188
75801
76132
76498
76505
77476
77732
77996
78312
78361
78454
78479
78539
78717
78888
78911
79139
79741
79815
80042
80638
80697
80864
82253
82396
82668
83546
83590
83602
84285
84665
85427
85479
85702
85918
86254
86257
86741
87077
87104
87391
87395
87471
87563
87596
87620
87731
87911
88202
88257
88469
88743
88744
89166
89170
89237
89619
89823
90037
90104
90411
90491
90508
90802
90846
90851
91567
91653
91772
91815
92068
92409
92625
93080
93128
93143
93371
93765
94265
94410
94475
95067
95117
95272
95731
95861
96224
96321
96678
96803
96975
96978
97090
97588
97885
98040
98047
98236
98693
98820
98876
99096
99138
99202
99324
99478
99528
99537
99597
99610
99663