-99993
-99716
-98689
-98609
-98466
-98209
-97814
-97346
-97069
-97031
-96987
-96949
-96946
-96889
-96756
-96231
-96182
-96146
-96060
-95835
-95750
-94502
-94375
-94333
-94035
-93765
-93119
-92631
-92479
-92309
-92175
-91913
-91869
-91455
-91446
-91411
-91381
-91333
-91316
-91275
-91169
-91090
-91059
-90947
-90873
-90657
-90488
-90327
-89912
-89698
-89176
-88953
-88905
-88885
-88811
-88687
-88633
-88348
-88333
-88014
-87928
-87917
-87550
-87241
-87179
-86915
-86913
-86606
-86465
-86330
-86308
-86240
-86209
-86003
-85812
-85756
-85638
-85598
-85539
-85362
-85235
-85168
-85151
-84844
-84828
-84820
-84751
-84576
-84461
-84098
-83706
-83695
-83583
-83538
-82923
-82905
-82388
-82280
-82152
-81968
-81893
-81779
-81668
-81605
-81298
-81231
-81083
-80865
-80338
-80282
-80094
-79636
-78984
-78518
-78329
-78276
-78064
-77585
-77552
-77486
-77395
-76931
-76780
-76201
-76072
-75791
-75713
-75111
-74718
-73911
-73852
-73773
-73689
-73545
-73261
-73017
-72873
-71916
-71353
-71353
-71172
-71078
-70911
-70862
-70735
-70581
-70395
-70075
-69985
-69952
-69616
-69459
-69302
-69190
-68835
-68718
-68633
-68630
-68527
-67729
-67691
-67351
-67296
-67087
-66858
-66757
-66613
-66574
-66215
-66078
-66046
-65585
-65549
-65269
-65263
-65210
-65197
-65166
-64641
-64368
-63926
-63147
-62980
-62855
-62799
-62073
-62061
-62052
-61992
-61780
-61750
-60784
-60303
-60284
-60050
-59962
-59557
-59388
-58975
-58901
-58883
-58654
-58555
-58548
-58479
-57935
-57678
-57621
-57296
-56820
-56122
-55910
-55842
-55418
-55385
-55338
-55084
-55031
-54999
-54897
-54881
-54359
-54196
-53879
-53406
-53107
-52697
-52650
-52640
-52234
-51861
-51677
-51516
-51467
-50893
-49574
-48934
-48293
-48213
-47903
-47519
-47292
-47086
-47007
-46908
-46874
-46677
-46558
-45774
-45045
-44936
-44876
-44812
-44782
-44662
-44591
-43971
-43902
-43744
-43590
-43387
-43252
-43050
-42792
-42598
-42580
-42268
-42188
-42145
-41820
-41470
-41362
-41360
-41248
-41055
-40880
-40825
-40400
-39895
-39817
-39747
-39712
-39703
-39639
-39446
-39315
-39248
-38689
-38317
-38175
-37939
-37631
-37424
-37339
-37100
-37097
-36623
-36412
-36412
-36254
-35289
-34831
-33987
-33939
-33195
-33048
-32944
-32567
-32331
-32184
-32129
-31838
-31821
-31677
-31386
-31125
-30843
-30698
-30636
-30622
-30489
-29978
-29824
-29780
-29458
-29413
-29014
-28955
-28507
-28445
-28007
-27921
-27761
-27337
-27135
-26996
-26756
-26689
-26452
-26315
-26071
-25926
-25744
-25562
-25521
-24940
-24867
-24701
-24591
-24300
-24219
-24019
-23936
-23688
-23473
-23048
-22908
-22708
-22528
-22501
-22423
-22350
-22281
-22277
-22234
-22194
-22056
-22045
-21961
-21846
-21838
-21799
-21783
-21690
-21624
-21282
-21227
-20930
-20875
-20830
-20803
-20669
-20144
-20115
-20054
-19845
-19670
-19477
-19352
-19255
-19234
-19188
-18824
-18698
-18562
-18384
-18123
-17602
-17261
-17005
-16830
-16642
-16384
-15864
-15802
-15790
-15327
-15304
-15273
-15013
-14941
-14937
-14872
-14845
-14728
-14552
-14431
-14303
-14179
-14091
-13734
-13706
-13624
-13557
-13390
-13386
-13183
-12919
-12834
-12545
-12533
-12097
-12024
-11811
-11185
-11176
-11102
-10730
-10580
-10490
-10475
-10247
-10224
-10055
-9936
-9742
-9519
-9111
-9105
-8800
-8757
-8719
-8497
-8382
-8080
-8008
-7626
-7359
-7355
-7239
-7128
-7023
-6109
-6037
-6031
-5600
-5576
-5400
-5106
-4855
-4720
-4542
-4407
-4281
-4079
-3453
-3368
-3022
-2843
-2362
-2036
-1912
-1596
-1565
-1402
-1217
-1208
-876
-770
-763
-693
-653
-597
-594
-373
-348
347
457
568
865
990
1020
1072
1228
1407
1650
1779
1850
1863
2185
2476
2553
2821
2968
2987
3044
3237
3504
3511
3593
3690
3834
3984
4048
4464
4551
4786
4821
5310
5324
5583
5824
5875
6261
6621
6689
6865
7088
7464
7617
7803
7933
7998
8027
8147
8378
8541
8603
8742
9030
9359
9445
9489
9520
9880
9947
10384
10821
10842
10955
11298
11596
11728
12009
12242
12740
13083
13516
13855
13961
13965
14389
14565
14908
15100
15127
15417
15767
16013
16328
17277
17457
17658
17686
17823
18269
18483
18516
19532
19564
19614
19630
19700
19910
20026
20127
20177
20216
20375
20596
20601
21071
21794
22079
22206
22738
22985
23106
23541
23562
23652
24048
24319
25080
25609
25960
26050
26295
26318
26332
26371
26742
26785
26811
26836
26838
26974
27181
27310
27544
27587
28017
28023
28146
28279
28363
28486
28711
28858
28942
29065
29356
29485
29758
30098
30119
30276
30516
31311
31537
32183
32318
32474
32894
32957
32990
33225
33267
33867
34073
34538
34614
34751
34766
34932
35280
35324
35661
35725
36081
36085
36218
36316
36386
36386
36426
36974
37003
37350
37582
37690
38442
39011
39199
39305
39383
39400
39549
40179
40320
40570
40634
40989
41069
41373
41390
41644
42032
42050
42063
42251
42278
42397
42609
42830
43178
43465
43467
43490
44084
44127
44172
44289
44398
44862
45268
45355
45721
46003
46226
46444
46454
46700
46731
46785
46879
47049
47081
47124
47156
47239
47497
47897
47976
48270
48293
48395
48523
48602
48830
49399
49448
49655
49865
50386
51178
51298
51392
51419
51597
51602
51653
51735
52139
52178
52396
52511
52785
52812
52992
53393
53496
53617
53825
54420
54545
54710
54818
55177
55249
55380
56164
56211
56504
56675
56718
57197
57519
57656
57815
57817
58068
58172
58437
58545
58647
58887
59815
59857
59887
60020
60021
60265
60291
60835
60912
61040
61050
61295
61362
61463
61515
61674
61898
62080
62133
62185
62215
62319
62542
62649
62661
62915
63175
63740
63796
64054
64454
64643
64968
65270
65313
65458
65831
66011
66160
66827
66828
66855
67132
67191
67217
67254
67319
67541
68788
69212
69226
69321
69397
69403
69536
69585
69807
70271
70303
70372
70593
70701
70880
70936
71193
71343
71465
71486
71828
72111
72199
72297
72337
72734
72766
73004
73486
73570
73733
73815
73821
73898
73973
74057
74576
74633
74916
74963
75222
75316
75401
75555
75791
76106
76527
76552
76609
76938
76988
76990
76993
77474
77613
77639
77790
77972
78118
78191
78699
79046
79772
79849
79965
80071
81232
82040
82071
82120
82147
82260
82512
82798
82814
82822
83113
83265
83399
83786
84241
84311
84319
84538
84757
84853
85415
85748
85771
86389
86560
87074
87599
87746
87902
88107
88132
88223
88387
88465
89239
89578
89856
90078
90188
90255
90274
90660
90696
90803
90849
91171
91316
91463
91769
91856
92275
92724
92756
92899
92917
92987
93033
93513
94008
94148
94264
94521
94564
94583
94998
95079
95132
95225
95290
95328
95335
95359
95471
95634
95995
96039
96438
96711
96911
97027
97059
97290
97493
97557
97647
97671
97701
97961
98034
98099
98574
98959
99016
99437
99797
99828
99893
99897
99967