-99873
-99707
-99604
-99540
-99142
-98795
-98547
-98472
-98412
-98314
-98263
-98132
-98002
-97958
-97901
-97891
-97417
-97403
-97355
-97231
-97021
-96558
-96243
-96236
-95291
-95202
-95127
-95041
-94781
-94755
-94580
-94509
-94267
-93621
-93390
-93293
-92904
-92564
-92329
-92292
-92230
-92153
-91954
-91830
-91595
-91235
-91019
-90852
-90632
-90216
-89979
-89735
-89702
-89303
-88936
-88618
-88576
-88252
-88115
-87829
-87482
-87428
-87326
-87150
-86867
-86787
-86627
-86056
-86012
-85974
-85886
-85702
-85614
-85384
-85365
-85234
-84933
-84662
-84581
-84505
-84324
-83987
-83440
-83163
-83125
-83093
-83043
-82785
-82717
-82573
-82355
-82211
-82032
-81620
-81259
-80703
-80700
-80197
-79668
-79490
-79457
-79170
-79132
-78967
-78845
-78777
-78641
-78633
-78590
-78587
-77790
-77781
-77569
-77456
-77421
-77230
-77135
-77111
-77069
-76933
-76767
-76130
-75958
-75593
-75213
-73819
-73792
-73748
-73538
-73472
-73463
-73368
-72724
-72609
-72599
-72575
-72520
-72510
-72506
-72394
-72157
-71896
-71685
-71092
-70951
-70935
-70810
-70291
-69425
-69402
-68911
-68773
-68404
-68398
-68305
-67959
-67928
-67873
-67832
-67689
-67530
-67520
-67444
-66902
-66881
-66739
-66412
-66358
-66299
-65629
-65468
-65383
-65330
-65245
-65228
-64406
-63964
-63851
-63651
-63451
-63431
-63388
-63026
-62030
-61983
-61770
-61644
-61533
-61468
-61467
-60892
-60806
-60806
-60708
-60431
-60357
-60197
-59939
-59875
-59660
-59561
-58945
-58894
-58632
-58435
-58326
-58118
-58078
-57980
-57877
-57847
-57151
-57006
-56915
-56547
-56314
-56169
-56146
-55265
-54961
-54796
-54715
-54597
-54345
-54026
-53723
-53389
-53160
-52936
-52774
-52750
-52679
-52430
-51984
-51291
-51237
-50767
-50731
-50626
-50326
-50191
-49527
-49361
-49158
-49046
-49028
-48962
-48562
-48237
-48199
-47885
-47871
-47518
-47468
-47366
-47336
-46708
-46435
-46430
-46108
-45531
-45195
-45021
-44972
-44969
-44847
-44846
-44495
-44139
-44026
-43910
-43876
-43604
-43522
-42838
-42776
-42691
-42246
-41713
-41680
-41655
-41373
-41291
-41116
-40977
-40858
-40781
-40682
-40630
-40225
-40070
-39711
-39623
-38857
-38696
-38554
-38544
-38206
-38149
-38061
-37996
-37726
-37647
-37620
-37575
-36929
-36906
-36831
-35779
-34876
-34707
-34700
-34574
-34540
-33895
-33841
-33296
-32977
-32900
-32668
-32372
-32143
-32096
-31803
-31243
-31053
-30908
-30749
-30602
-30546
-30506
-30300
-30234
-30121
-29932
-29697
-29365
-29320
-29263
-29069
-28982
-28982
-28978
-28884
-28671
-28605
-28521
-28206
-27461
-27311
-27210
-27138
-27135
-27098
-26018
-25264
-25171
-24976
-24907
-24717
-24570
-24558
-23848
-23202
-22829
-22767
-22648
-22563
-22353
-22306
-22298
-22289
-21728
-21574
-21485
-21156
-20725
-20468
-20419
-20237
-20043
-20025
-20019
-20008
-19348
-19032
-18720
-18705
-18563
-18357
-18337
-18277
-18222
-18221
-18209
-17999
-17841
-17816
-17670
-17453
-17329
-16901
-16838
-16820
-16706
-16650
-16207
-16001
-15894
-15433
-15111
-14755
-14735
-14061
-13718
-13516
-13464
-13212
-13009
-12798
-12632
-11877
-11528
-10634
-10433
-10193
-10006
-9419
-9036
-8999
-8925
-8592
-8265
-7941
-7904
-7808
-7521
-7384
-7065
-6547
-6413
-6177
-6164
-6069
-6024
-5792
-5719
-5372
-5178
-4875
-4555
-3455
-3209
-2877
-2198
-1946
-1835
-1735
-1717
-1664
-1437
-1222
-1053
-803
-566
-433
-372
-265
280
671
1141
1264
1877
1977
2013
2451
3445
3596
3857
3932
4225
4488
4988
5045
5290
5691
5713
5881
6027
6634
6755
6962
7010
7044
7233
7278
7410
7592
7601
7620
7682
7821
8202
8229
8415
8680
8766
8842
8874
9011
9264
9285
9478
9543
9807
9874
10291
10609
10939
11364
11451
11841
11907
11942
12484
12600
12732
12749
12965
13036
13107
13193
13946
13985
14057
14081
14366
14436
14496
14669
14932
15261
15298
15670
16050
16167
16292
16379
16631
16718
17116
17296
17326
17393
17476
17629
17763
17792
17889
17906
18342
18405
18699
18723
18809
18950
19279
19355
19384
19459
19461
19521
19545
19690
19792
20005
20034
20191
20430
20442
20529
20932
21193
21514
21987
22079
22343
22665
22842
22883
23047
23132
23170
24028
24225
24350
24351
24354
24397
24755
24807
25084
25240
25258
25298
25421
25549
25632
25743
25777
25809
25838
26060
26565
26834
26982
27052
27134
27384
27776
27849
27973
27977
28189
28286
28384
28575
28616
28633
28652
28968
29756
30385
30413
30616
30617
30663
30670
30810
30825
31510
31690
31701
31709
31834
31849
32206
32218
32333
33030
33196
33292
33565
33740
33812
34040
34310
34492
34507
34625
34691
34915
35015
35255
35325
35453
36109
36250
36415
36647
36668
36756
36889
37090
37122
37164
37299
37813
38008
38110
38180
38242
38306
39079
39171
39182
39252
39400
39623
39837
39898
40189
40604
40651
40881
40942
40946
40999
41240
41345
41417
41454
41986
42400
42511
42701
42870
42991
43007
43121
43279
43408
44136
44158
44331
44494
44579
44612
44748
44834
45483
45809
45909
46194
46442
46451
46655
47575
47946
48088
48188
48352
48478
48565
48579
48724
48742
49400
49734
49827
49829
49929
50316
50480
51072
51110
51206
51682
52189
52428
52569
52689
52702
52802
53054
53440
53494
53497
53521
53645
53867
54271
54836
55013
55286
55472
55552
55616
55713
55714
55743
55935
55942
56481
56517
56891
57900
57963
58088
58120
58135
58410
58703
58910
59014
59165
59174
59641
59686
59924
60197
60263
60474
60857
61149
61226
61255
61318
61640
61860
61865
62125
62175
62434
62449
62454
62487
63341
63392
63776
63783
63910
63990
64164
64402
64904
65204
65333
65354
65356
65535
65555
65861
66211
66313
66469
66848
67164
67397
67507
67819
67884
67962
68427
68491
68570
68740
69231
69270
69461
69511
69739
69905
69938
70328
70421
70451
70875
70954
71285
71347
71460
71621
71674
71702
71792
71956
71978
71979
72169
72246
72571
72608
72643
72691
72871
72883
72885
73082
73146
73715
73865
74051
74158
74246
74389
74536
74543
74739
75009
75290
75488
75566
75681
75844
75858
76168
76462
76633
77535
77555
77695
77762
78032
78136
78292
78398
78425
78624
78807
79007
79208
79302
79550
79582
79611
79791
79889
80123
80155
80215
80218
80285
80300
81322
81381
81651
81931
81942
82116
82519
82856
83039
83084
83186
83779
83788
83959
84505
84597
84668
84989
85052
85187
85454
85825
85960
86111
86216
86335
86620
86690
86789
86964
87109
87185
87191
87690
88260
88263
88335
88396
88415
89111
89673
89694
89953
90143
90188
90347
90436
90621
90683
90691
91696
91711
92199
92337
93074
93075
93519
93552
93879
94417
94457
94733
94750
94778
95060
95348
95482
95826
96043
96416
96423
96480
97012
97367
97714
97884
97904
97929
97993
98172
98210
98608
98711
98982
99775
99934