-99957
-99444
-99313
-99244
-98388
-97930
-97858
-97548
-97098
-96917
-96829
-96693
-96544
-96447
-96435
-96417
-95555
-94790
-94644
-94531
-94462
-94020
-93876
-93803
-93087
-92927
-92497
-92455
-92438
-92292
-92227
-92165
-91967
-91652
-91500
-91394
-91325
-91012
-90597
-90242
-90057
-89958
-89838
-89820
-89674
-89550
-89477
-89458
-89405
-89377
-89112
-89056
-88895
-88500
-88420
-88337
-88318
-88276
-88168
-88086
-87966
-87831
-87757
-87722
-87683
-87320
-87127
-86902
-86724
-86559
-86535
-86198
-86144
-85736
-85706
-85040
-84551
-84420
-83951
-83924
-83850
-83656
-83647
-83482
-83074
-83067
-82320
-82042
-81799
-81496
-81418
-81368
-81227
-81187
-81112
-80694
-80570
-80493
-80306
-79466
-78318
-78225
-78112
-77810
-77525
-77067
-76822
-76290
-75940
-75919
-75881
-75808
-75720
-75666
-75437
-75352
-75120
-74696
-74585
-74585
-74556
-74275
-73959
-73795
-73411
-73183
-73142
-72718
-72666
-72559
-72490
-72359
-72133
-71878
-71870
-71762
-71404
-71292
-71094
-70986
-70921
-70888
-70837
-70367
-70280
-69837
-69653
-69565
-69442
-69209
-69135
-68953
-68641
-67869
-67715
-67691
-67610
-67553
-67455
-67251
-67196
-67124
-67124
-66786
-66499
-66400
-66126
-66125
-66114
-65976
-65904
-65685
-65629
-65223
-65190
-64780
-64428
-63927
-63804
-63704
-63666
-63642
-63593
-63512
-63460
-62877
-62803
-62758
-62738
-62489
-62450
-62394
-62080
-61979
-61625
-61380
-61172
-61097
-61016
-60881
-60673
-60469
-60453
-60128
-60094
-60035
-59844
-59781
-59715
-59638
-59122
-58998
-58929
-58087
-58075
-57904
-57762
-57429
-57348
-57248
-57160
-56990
-56946
-56839
-56713
-56268
-55926
-55350
-55076
-55054
-54802
-54443
-54294
-54275
-54203
-53866
-53737
-53308
-53300
-52628
-52517
-52399
-52074
-51955
-51937
-51815
-51773
-51525
-51210
-51030
-50963
-50697
-50676
-50380
-50355
-50113
-49809
-49727
-49437
-49323
-48811
-48792
-48719
-48601
-48336
-48266
-48181
-47990
-47948
-47931
-47842
-47793
-47677
-47540
-47171
-47013
-46863
-46405
-46396
-46223
-46172
-45504
-45470
-44969
-44925
-43692
-43650
-43537
-43274
-43157
-43127
-43072
-42954
-42756
-42749
-42711
-42588
-41777
-41768
-41467
-41347
-41178
-41092
-40803
-40536
-40393
-40086
-39883
-39810
-39592
-39416
-39410
-39322
-39269
-38683
-38356
-38105
-38077
-37936
-37908
-37862
-37741
-37392
-37319
-37297
-37219
-37074
-37059
-36633
-35946
-35621
-35433
-35262
-35060
-34140
-33964
-33830
-33710
-33606
-33235
-32630
-32183
-31699
-31652
-31368
-31204
-30886
-30463
-30281
-29978
-29379
-29297
-28521
-28441
-28156
-27834
-27686
-27621
-27523
-27314
-27192
-26947
-26462
-26142
-26141
-25970
-25925
-25789
-25768
-25590
-25271
-24953
-24861
-23893
-23865
-23682
-23673
-22589
-22479
-22225
-21964
-21876
-21747
-21557
-21409
-21098
-21094
-21021
-20571
-20532
-20470
-20407
-20061
-19834
-19811
-19639
-19564
-19425
-17665
-17629
-17619
-17338
-17245
-16602
-16512
-16375
-16028
-15261
-15212
-15115
-15094
-15036
-15021
-14938
-14933
-14871
-14772
-14570
-14310
-14253
-14105
-13900
-13560
-13512
-13479
-13304
-13209
-13028
-12908
-12267
-12255
-12246
-12204
-11957
-11883
-11624
-11305
-11097
-11071
-10767
-10766
-10277
-9967
-9812
-9220
-9120
-8984
-7704
-7571
-7261
-7110
-6506
-6383
-6258
-5641
-5595
-5584
-5011
-4785
-4626
-4440
-4160
-4076
-3623
-3428
-3288
-3277
-3235
-3004
-2594
-2321
-2203
-2180
-2147
-1873
-1795
-958
-399
-384
-320
-282
-205
16
122
177
229
305
379
418
542
1032
1343
1530
1789
1853
1900
2029
2065
2135
2196
2263
2532
2599
2615
2632
2769
3001
3007
3119
3274
3501
3708
3730
3746
3870
3924
4094
4191
4241
4376
4483
4525
4583
4674
4813
5028
5295
6024
6684
6849
6991
7003
7351
7403
7449
7559
7583
7631
7921
8291
8348
8356
8672
8762
8788
8823
9325
9637
9994
10170
10217
10374
10813
10879
11165
11442
11548
12361
12755
13230
13269
13322
13538
13681
14015
14133
14288
15188
15224
15497
15509
15980
16050
16193
16345
16480
16631
16675
17629
18279
18506
18635
19003
19074
19133
19184
19266
19430
19454
19618
19660
20096
20226
20383
20608
20899
20947
21023
21171
21173
21460
21475
21694
22057
22116
22259
22569
22748
22801
22832
22836
22891
22914
23123
23153
23397
23613
23758
23833
24150
24353
24475
24833
25018
25110
25137
25467
26142
26300
26380
26682
26797
27174
27340
27345
27426
27631
27750
27795
28022
28430
28733
28837
28853
28863
28991
29027
29219
29409
29861
30061
30200
30234
30464
30647
30806
31058
31823
31838
31985
32151
32156
32744
32754
32754
32992
33065
33294
33386
33762
33782
33806
33841
33843
33911
34080
34140
34426
34480
34619
34726
34853
34918
35009
35070
35792
36011
36037
36191
36305
36401
37064
37157
37157
37424
37488
37647
37780
38133
38201
38314
38448
38739
38821
38847
38972
39185
39233
39288
39528
40109
40397
40797
40929
41016
41489
41568
41776
41832
41915
42533
43090
43106
43139
43790
43792
43850
44135
44480
44792
44835
45242
45435
45892
46182
46438
46451
46629
46717
47554
47716
47746
48995
49185
49993
50220
50352
50727
51145
51192
51370
51456
51473
51624
51780
51860
51867
52111
52124
52237
52313
52325
52749
52896
52897
52985
53165
53634
54015
54033
54196
54263
54563
55122
55596
55620
56120
56430
56534
56537
56593
56876
56884
56896
57090
57463
57826
58208
58455
58491
58604
58808
58925
59262
59413
59519
59987
60245
60296
60580
60831
61055
61236
61299
61475
61552
61558
62465
62623
62629
62657
62728
62980
62989
63134
63164
63553
63921
63975
64011
64281
64803
64926
64966
64985
65984
66279
66450
66636
66640
66902
66985
68395
68533
68751
68851
68856
69050
69188
69412
70525
70593
70980
71242
71305
71344
71386
71447
71458
71465
71635
71727
71911
71969
72022
72206
72404
72840
73039
73196
73213
73294
73409
73673
73843
73902
74057
74519
74600
74768
75142
75451
75574
75650
75768
76310
76555
76721
77068
77591
77705
77716
77754
78034
78283
78348
78478
78607
78966
79122
79355
79550
79675
79796
79827
79880
80224
80587
80737
81024
81024
81308
81318
81897
81897
82002
82011
82167
82567
82744
82948
83250
83506
83777
83874
83922
84248
84261
84306
84432
84447
84507
84845
85175
85415
85681
85919
86409
86589
87022
87813
88264
88326
88400
88568
88655
89053
89116
89183
89218
89616
89751
89791
89915
90243
90405
90436
90479
90507
90688
91038
91535
91736
91987
92202
92218
92244
92320
92465
92487
92672
92794
92867
92955
93228
93300
93335
93612
93750
93790
94280
94694
94812
94860
94888
94929
95005
95152
95208
95393
95505
95733
95742
96434
96892
97325
97464
97470
97791
97800
98104
98131
98351
98561
98602
98907
99111
99311
99507
99957