-99619
-99583
-99525
-99150
-99101
-98933
-98883
-98860
-98857
-98560
-98311
-98115
-98002
-97847
-97702
-97676
-97622
-97248
-96832
-96067
-95946
-95584
-95360
-95251
-95169
-95077
-95054
-94877
-94573
-94240
-94216
-94214
-94169
-93859
-93610
-93567
-93393
-92610
-91944
-91872
-91737
-91673
-91288
-91051
-91050
-90644
-90570
-90471
-90429
-90315
-90283
-90182
-90080
-89857
-89677
-89363
-89259
-89237
-88745
-88522
-88303
-88228
-88039
-88029
-87636
-87503
-87443
-87019
-86212
-85985
-85152
-84968
-84856
-84357
-84185
-84154
-83984
-83804
-83707
-83251
-83113
-83031
-82766
-82402
-81892
-81689
-81570
-80908
-80690
-80351
-80287
-80189
-80106
-80083
-80063
-79921
-79881
-79826
-79591
-79581
-79073
-78994
-77914
-77860
-77794
-77711
-77537
-77204
-76592
-76463
-75506
-75128
-74935
-74529
-74459
-74142
-74054
-73917
-73689
-73653
-73139
-73088
-72837
-72731
-72485
-71969
-71768
-71318
-71098
-71004
-70728
-70631
-70565
-70468
-70328
-70317
-70210
-70175
-69938
-69908
-69653
-69590
-69315
-69305
-69232
-69063
-69038
-68737
-68685
-68527
-68201
-68166
-67919
-67893
-67858
-67852
-67812
-67769
-67622
-67618
-67599
-67542
-67438
-67386
-67245
-67219
-66992
-66483
-66413
-66210
-66094
-65387
-65118
-64857
-64739
-64593
-64542
-64183
-63904
-63258
-62464
-62452
-62434
-62387
-62292
-62272
-62256
-62159
-61854
-61798
-61544
-61531
-61228
-61009
-60995
-60939
-60781
-60685
-60538
-60504
-60442
-60421
-59875
-59850
-59700
-58992
-58974
-58970
-58905
-58851
-58631
-58314
-58159
-57795
-57627
-57552
-57394
-57094
-56956
-56673
-56278
-56104
-55816
-55739
-55409
-54586
-54547
-54160
-54038
-53974
-53971
-53937
-53310
-53099
-52822
-52686
-52610
-52172
-52101
-51880
-51792
-51687
-51471
-51337
-51298
-51213
-50492
-49987
-49587
-49570
-49279
-48817
-48528
-48361
-47783
-47713
-47603
-47502
-47240
-47211
-47068
-46141
-46131
-45990
-45891
-45325
-45014
-44672
-44563
-44495
-44488
-44386
-44229
-44079
-44030
-43335
-43319
-43097
-42716
-42596
-42287
-42237
-41481
-41137
-41065
-41055
-40556
-40406
-40200
-39755
-39689
-39652
-39624
-39544
-39501
-39172
-39101
-38949
-38637
-38607
-38600
-38561
-38403
-38163
-37994
-37350
-37182
-36570
-36010
-35916
-35833
-35777
-34845
-34615
-34471
-34365
-33716
-33360
-33156
-33085
-33053
-32953
-32797
-32769
-32717
-32695
-32629
-31856
-31642
-31608
-31036
-31034
-30969
-30794
-30534
-30413
-30409
-30357
-30146
-29909
-29890
-29858
-29848
-29817
-29203
-29187
-29168
-28723
-28687
-28661
-28312
-28296
-28163
-28045
-27878
-27728
-27238
-27222
-27120
-26916
-26762
-26755
-26321
-26206
-26164
-26138
-25624
-25393
-25216
-24816
-24534
-24464
-24373
-24048
-23712
-23705
-23513
-23243
-23178
-23163
-23054
-22959
-22780
-22553
-22247
-22218
-22200
-22146
-22028
-22015
-21997
-21761
-21683
-21613
-21588
-21518
-21046
-20972
-20503
-20503
-20466
-20418
-20332
-19943
-19531
-19319
-19177
-19101
-18979
-18938
-18019
-17977
-17352
-17109
-16835
-16826
-16530
-16192
-15600
-15296
-15160
-14934
-14515
-14476
-14412
-14138
-13994
-13908
-13899
-13678
-13571
-13484
-13258
-13254
-13134
-13083
-12934
-12773
-12700
-12652
-12278
-12171
-12104
-12065
-11872
-11779
-11542
-11477
-10725
-10674
-10597
-10473
-10455
-10380
-10272
-9831
-9752
-9674
-9531
-9486
-9334
-8826
-8599
-8455
-8188
-7897
-7476
-7380
-7280
-7186
-7102
-6456
-6075
-5935
-4875
-4768
-4730
-4084
-3862
-3653
-3335
-3242
-3129
-2991
-2801
-2772
-2364
-2269
-2223
-1918
-1821
-1764
-1525
-1335
-1044
-967
-623
-174
-101
226
481
836
1040
1491
1753
1838
2137
2302
2440
2511
2667
2700
2766
3017
3481
3788
3829
3962
4903
4925
5090
5249
5654
5878
5880
6043
6202
6433
6614
6903
7237
7387
7431
7536
7665
7678
7769
8808
8941
9102
9205
9523
9778
10090
10097
10102
10139
10235
10245
10380
10543
10601
10884
11031
11328
11381
11517
11739
11752
12244
12334
12661
12680
12685
12934
12998
13224
13270
13401
13692
13790
14001
14018
14353
14466
14710
14885
14954
15049
15084
15235
15372
15695
16121
16179
16276
16365
16873
16976
17132
17194
17914
18079
18576
19138
19228
19248
19399
19463
19540
19558
19577
19740
19752
19800
19973
20344
20352
20386
20405
20949
21265
21294
21444
21556
21646
21872
21898
22025
22351
22449
23345
23691
23840
24004
24031
24257
24327
24336
24603
24604
24622
24772
24841
25115
25153
25514
25530
26272
26522
26736
27093
27357
27807
27807
28125
28216
28518
28969
29348
29369
29549
29855
30203
30252
30357
30369
30553
30974
31039
31334
31462
31971
31991
32228
32275
32283
32540
32910
33355
33406
34211
34213
34242
34699
34844
34983
35053
35230
35258
35267
35459
35529
35601
35673
35744
35944
35973
36111
36113
36568
36710
37179
37412
37951
38237
38258
38469
38486
39120
39403
39582
39615
39681
39842
39868
39884
40014
40176
40387
40439
40701
40854
40990
41104
41139
41169
41908
42022
42186
42310
42328
42863
43679
43777
43897
43958
44430
44529
44805
44870
45245
45314
45609
45618
45688
45863
45967
46094
46137
46425
46600
46620
46666
47211
47511
47686
47895
48075
48206
48220
48433
48446
48521
48741
48793
49025
49092
49216
49314
49408
49999
50119
50136
50599
50646
50902
50909
50919
51364
52171
52676
53141
53826
53923
54017
54556
54604
54678
54771
55307
55719
56144
56563
56632
56714
57096
57435
57890
58118
58843
58939
58996
59084
59583
59909
60643
60741
61479
61622
62354
62403
62412
62467
62527
62562
63199
63390
63398
63645
63706
64000
64053
64421
64679
64767
65203
65421
65587
65634
65727
66288
66335
66371
66502
66530
66556
66565
66643
66836
66958
67754
67879
68297
68558
68606
68926
69153
69616
69686
69748
69818
69836
69854
69926
69975
69982
70264
70449
70450
70619
70799
70867
71147
71291
71311
71312
71358
71630
72091
72563
72595
72632
73025
73127
73178
73197
73331
73572
73700
73734
73821
73830
73913
74073
74314
74540
74630
74842
74866
74890
75209
75432
76253
76390
76583
76661
77093
77356
77473
77604
77913
78146
78807
78854
79490
80105
80170
80634
80770
80907
81101
81174
81351
81511
81778
82258
82310
82862
82868
82885
82976
83003
83504
83557
83574
83614
83740
84328
84375
84771
84930
85156
85261
85406
85429
85703
86025
86370
86440
86469
86572
86802
86938
87048
87070
87077
87451
87572
87768
87837
87961
87998
88443
88493
88556
88593
88685
89006
89281
89376
89530
89946
89964
90161
90320
90342
90495
90596
90979
91056
91166
91607
91617
91801
92007
92139
92315
92523
92533
93182
93197
93223
94019
94200
94475
94842
95450
95918
95923
96154
96270
96677
96751
96868
97038
97314
97421
97581
98028
98104
98110
98338
98520
98555
98685
99461
99516
99884
99964