-99515
-99456
-99381
-99172
-99149
-98982
-98269
-98109
-98010
-97820
-97742
-97609
-97525
-97404
-97277
-97242
-96957
-96807
-96752
-96708
-96697
-96627
-96584
-96093
-95780
-95613
-95394
-95261
-94829
-94365
-94346
-93935
-93772
-93710
-93700
-93617
-93605
-93485
-93380
-93222
-93205
-92735
-92623
-92497
-92319
-92111
-91886
-91819
-91666
-91416
-91225
-91128
-91058
-90975
-90924
-90700
-90600
-90307
-90258
-90019
-89840
-89719
-89685
-89496
-89344
-89324
-89174
-89044
-88710
-88595
-88533
-88176
-87742
-87223
-87218
-87185
-86738
-86482
-86398
-86136
-86099
-86032
-85828
-85826
-85055
-84975
-84588
-84185
-83882
-83763
-83236
-83213
-83069
-82803
-82567
-82523
-82312
-82016
-81829
-81602
-81547
-81237
-81233
-81168
-81051
-80908
-80812
-80693
-80198
-80191
-80110
-79915
-79761
-79465
-79222
-79079
-79017
-78586
-78331
-77676
-77601
-77441
-76173
-75720
-75716
-75521
-75519
-75489
-75451
-75138
-74981
-74792
-74775
-74222
-74208
-74157
-73869
-73827
-73586
-73425
-73150
-72825
-72791
-72775
-72719
-72715
-72401
-72372
-72175
-72117
-71780
-71776
-71526
-71073
-70919
-70800
-70223
-70171
-70039
-69823
-69407
-69105
-68444
-67976
-66502
-66451
-66281
-66205
-66067
-65965
-65931
-65681
-65594
-65097
-65064
-65034
-64975
-64932
-64827
-64491
-64425
-64387
-64059
-64038
-63909
-63794
-63722
-63690
-63635
-63438
-63345
-62573
-62369
-62286
-61508
-61123
-60705
-60462
-60430
-60393
-60390
-60383
-60355
-60278
-59827
-59407
-59398
-59295
-59136
-59068
-58763
-58462
-58370
-57930
-57778
-57582
-57280
-57240
-57202
-57073
-56685
-56153
-56044
-55529
-55474
-55260
-55055
-54979
-54960
-54932
-54901
-54768
-54729
-54494
-54019
-53917
-53846
-53556
-53533
-53410
-52796
-52657
-52386
-52332
-51914
-51851
-51811
-51438
-51175
-51125
-50821
-50764
-50490
-50349
-50074
-49510
-49363
-48547
-48399
-48354
-48274
-47425
-47266
-47100
-46856
-46767
-46697
-46427
-46422
-46040
-45599
-45418
-45408
-45241
-45198
-45174
-45108
-44810
-44467
-44214
-44140
-43686
-43205
-42913
-42906
-42885
-42663
-42431
-42378
-42320
-42122
-42092
-41770
-41577
-41406
-41232
-40727
-40687
-40514
-40287
-39939
-39650
-39632
-39302
-38776
-37690
-37462
-37260
-37102
-36876
-36631
-36539
-36339
-36305
-36274
-36229
-36074
-35947
-35653
-35351
-34665
-34627
-34599
-34520
-34033
-33486
-33454
-33185
-33003
-32935
-32813
-32518
-32332
-32304
-31758
-31625
-31502
-31449
-31293
-31275
-31144
-30929
-30642
-29666
-29558
-29548
-29507
-29363
-29235
-29233
-29201
-29080
-29020
-28882
-28699
-28561
-28445
-28313
-28155
-27851
-27760
-27664
-27605
-27286
-26999
-26621
-26520
-26206
-25884
-25789
-25787
-25523
-25521
-25487
-25297
-24161
-23799
-23401
-23217
-23200
-22979
-22909
-22722
-22701
-22691
-22480
-22337
-22327
-22283
-20661
-20569
-20345
-19727
-19257
-18701
-18496
-18419
-18389
-18388
-18278
-17832
-17732
-17643
-17548
-17265
-16997
-16976
-16681
-16476
-16449
-16432
-16087
-15995
-15678
-15667
-14922
-14691
-14691
-14090
-13608
-13302
-13263
-13252
-13235
-13074
-12943
-12865
-12774
-12772
-12516
-12339
-11467
-11307
-11095
-10776
-10688
-10496
-10475
-10374
-10294
-10054
-9990
-9783
-9577
-9559
-9366
-9092
-9022
-8639
-8628
-8502
-8432
-8289
-7933
-7926
-7667
-7306
-7229
-7012
-6621
-6406
-6042
-5815
-5747
-5709
-5660
-5615
-5501
-4836
-4325
-4229
-3311
-2743
-2427
-2406
-2372
-2343
-2080
-1734
-1464
-1421
41
105
183
446
649
663
858
916
969
993
1006
1655
1700
1994
2548
2613
2915
3260
4286
5188
5335
5655
6180
6601
6610
6676
6784
7386
7658
7820
7887
7891
8041
8406
8437
8594
9301
9370
9410
9644
9729
10263
10430
10750
11133
11440
11482
11736
12071
12096
12172
12243
12385
12629
12667
12835
13011
13025
13269
13768
14003
14031
14437
14452
14617
14794
15002
15325
15481
15515
15919
16037
16097
16177
16522
16603
16810
17015
17138
17472
17785
18539
18580
18602
18669
19201
19346
19387
19616
20244
20432
21574
22081
22223
22227
22250
22408
22425
22577
22637
22854
22892
23260
23351
23406
23528
23921
24182
24257
24471
24522
24778
24886
25180
25242
25316
25395
25585
25718
25739
26194
26316
26426
26434
26667
26815
27066
27229
27501
28078
29036
29099
29130
30076
30485
30562
30584
30968
31174
31322
31695
31859
31969
32130
32270
32378
32524
32610
32713
32848
33268
33274
33299
33359
33708
33945
34188
34304
34721
34817
35524
35656
35768
36214
36353
36476
36692
37752
37754
37830
37848
37923
38574
38643
38723
39090
39102
39278
39363
39395
39608
39737
39986
40089
40116
40168
40269
40632
40733
40798
40820
40950
41001
41041
41041
41807
41894
41928
41973
41978
41986
42232
42279
42360
42740
42750
42943
43109
43243
43357
43403
43410
43452
43629
43730
43919
44059
44210
44475
44506
44680
44825
44847
44908
44939
44947
45416
45468
46055
46413
46854
47376
47583
47638
47944
48063
48097
48421
48923
48985
49071
49334
49429
49588
49815
49819
49917
50198
50596
50600
50920
50941
50962
51163
51297
51384
51453
51487
51798
51874
51913
52230
52688
52955
53126
53272
53545
53688
53695
53860
54193
54800
54818
54852
55172
55323
55327
55367
55414
55563
55574
55789
56740
56745
57116
57155
57202
57273
57385
57551
57680
57799
57856
58042
58240
58288
58557
58572
58849
58870
59556
59859
59872
59928
60233
60267
60290
60667
60725
60859
61047
61235
61267
61346
61487
61532
61978
62096
62162
62265
62334
62676
62693
62737
63398
63585
63595
63841
63884
64000
64135
64135
64657
65152
65490
65538
65757
65761
65823
65892
66359
66389
66510
66551
66892
67133
67228
67302
67359
67799
68161
68411
68889
68984
69256
69260
69560
69666
69743
69838
70161
70355
70582
70771
70988
71042
71181
71233
71402
71984
72563
72754
73087
73101
73269
73274
73317
73393
73522
73644
73717
73933
73973
74078
74253
74579
74835
75212
75238
76298
76308
76358
76855
76922
77037
77172
77473
77555
77650
78077
78100
78135
78503
78596
79066
79105
79221
79358
79428
79475
79485
79637
79994
80138
80295
80306
80464
80657
80681
80748
81086
81187
81333
81590
82102
82237
82461
82993
83054
83202
83383
83491
83527
83616
83658
83744
83899
84044
84293
84745
84864
85416
85578
85761
85997
86033
86033
86080
86148
86334
86569
86691
87029
87135
87196
87299
87451
87515
87537
87954
87957
88129
88228
88357
88479
88494
88633
88666
88803
88918
89828
89928
89948
89967
89998
90319
90440
90461
90507
90929
91245
91516
91590
91624
91915
91932
92051
92112
92170
92177
92218
92303
92334
92518
92970
92981
94020
94390
94556
94642
94801
95079
95510
95527
96073
96300
96329
97166
97690
97786
98029
98062
98480
98989
99072
99308
99348
99576
99584