-99892
-99608
-99495
-98835
-98683
-98568
-98529
-97906
-97802
-97576
-97553
-97331
-97277
-96975
-96335
-96282
-96127
-96057
-96018
-95762
-95652
-95610
-95608
-95343
-95167
-95116
-95115
-94975
-94960
-94906
-94723
-94718
-94416
-94344
-93942
-93666
-93611
-93509
-93287
-93187
-93053
-92968
-92918
-92620
-92598
-92589
-92483
-92390
-91741
-91134
-91083
-90973
-90677
-90528
-90511
-90380
-90315
-90245
-89668
-89455
-89142
-88932
-88773
-88715
-88632
-88592
-88382
-88352
-88261
-88035
-87777
-87705
-86945
-86816
-86661
-86606
-86184
-86167
-86062
-85975
-85882
-85856
-85578
-85263
-85176
-85139
-84845
-84738
-84699
-84490
-84273
-83954
-83931
-83858
-83504
-83474
-83168
-83047
-82584
-82471
-82059
-82058
-81905
-81894
-81804
-81764
-81578
-81309
-81267
-80903
-80895
-80500
-80465
-80400
-80228
-80037
-79366
-79102
-78649
-78377
-78267
-78151
-77928
-77912
-77852
-77787
-77555
-77326
-76993
-76992
-76803
-76523
-76498
-76286
-76192
-75877
-75803
-74623
-74490
-73920
-73569
-73485
-73327
-73182
-72963
-72542
-71866
-71638
-70621
-69885
-69847
-69536
-69517
-69493
-69388
-69030
-68807
-68487
-68050
-67483
-67234
-67138
-67053
-66846
-66571
-66327
-66118
-66096
-66045
-65825
-64974
-64869
-64784
-64434
-64347
-64256
-64240
-64177
-64107
-63843
-63776
-63715
-63612
-63552
-63500
-63282
-63237
-62849
-62724
-62661
-62054
-61779
-61544
-61117
-61048
-60944
-60521
-60505
-60489
-59843
-59793
-59249
-59079
-59005
-58687
-58254
-57660
-57600
-56973
-56927
-56923
-56542
-56259
-56206
-56153
-55131
-54907
-54859
-54786
-54719
-54066
-53868
-53856
-53765
-53731
-53534
-53473
-53197
-53151
-53036
-52840
-52775
-52687
-52374
-52314
-52145
-51986
-51825
-51420
-51385
-51311
-51221
-51121
-49598
-49576
-49573
-49546
-49382
-49306
-49205
-48975
-48551
-48503
-48461
-48256
-48191
-47928
-47683
-47612
-47317
-47253
-46914
-46780
-46377
-46351
-46095
-45915
-45881
-45804
-45608
-45595
-45548
-45415
-45342
-45204
-44907
-44218
-44139
-43971
-43901
-43877
-43458
-43240
-43012
-42864
-42844
-42778
-42449
-42436
-41195
-41195
-41153
-41099
-40733
-40478
-40303
-40200
-40180
-40149
-39860
-39312
-39261
-38803
-38488
-37938
-37484
-37375
-37275
-37196
-37101
-36915
-36889
-36779
-36575
-36461
-36403
-36370
-36365
-36361
-36309
-36073
-35561
-35513
-34482
-33745
-33538
-33443
-33432
-33326
-33194
-32983
-32756
-32687
-32477
-32453
-32393
-31993
-31791
-31158
-31107
-31026
-30955
-30938
-30766
-30723
-30648
-30593
-30215
-30117
-29986
-29881
-29800
-29307
-28772
-28770
-28761
-28578
-28550
-28474
-28281
-28267
-28224
-28193
-28028
-27765
-27439
-27436
-27182
-26829
-26506
-26443
-26436
-26359
-26353
-26320
-26310
-26253
-25411
-25166
-25119
-25077
-24834
-24748
-24620
-24506
-24348
-24271
-23379
-22690
-22516
-22345
-22284
-22113
-22105
-22064
-21462
-21143
-20927
-20658
-20647
-20581
-20512
-20444
-20210
-20099
-19855
-19736
-19648
-19315
-19091
-19071
-18139
-18130
-17680
-17623
-17366
-16483
-16395
-16185
-16110
-16031
-15339
-15322
-14907
-14343
-14313
-13812
-13326
-12924
-12786
-12770
-12755
-12623
-12568
-12561
-12396
-12390
-12087
-11880
-11773
-11605
-11601
-11486
-11174
-10959
-10954
-10646
-10602
-9686
-9424
-9133
-8971
-8766
-8706
-8162
-8055
-7973
-7877
-7860
-7416
-7377
-6719
-6605
-6575
-5976
-5777
-5486
-5450
-5132
-5089
-4987
-4924
-4888
-4523
-4262
-4079
-4006
-3824
-3695
-3583
-3493
-3261
-2996
-2971
-2797
-2682
-2653
-2594
-2578
-2317
-2029
-1680
-1257
-926
-902
-524
-269
-167
-139
-70
-60
26
27
254
257
391
448
1252
2001
2053
2522
2684
2892
3281
3476
3537
3554
3775
3824
4708
5084
5214
5380
5452
5479
5552
5716
6478
6494
6846
6855
6913
6945
6956
7306
7556
7575
7943
8132
8199
8723
9100
9258
9275
9706
10119
10292
10478
10501
10875
11226
11488
11769
12357
12370
12446
12452
12565
12667
12752
12876
12922
12993
13201
13636
13797
13878
13907
14039
14289
14378
14817
15150
15231
15479
15769
16102
16808
16845
16972
16994
17066
17136
17320
17689
17958
18039
18091
18300
18339
18696
18889
19199
19465
19806
20311
20608
20802
21065
21808
22253
22354
22362
22452
22733
22784
22831
22831
22851
23076
23077
23492
23572
23910
24368
24733
25054
25092
25265
25397
25402
25418
25448
25976
25983
26134
26248
26297
26567
26674
26718
27265
27436
27664
27947
28130
28159
28200
28418
28962
29074
29566
29736
30130
30176
30386
31529
31574
31815
32237
32311
32482
32565
32580
32596
33181
33182
33669
33957
34214
34319
34398
34912
35156
35198
35710
35732
35866
35979
36418
36427
36683
36799
36812
36832
37617
37729
37806
37829
37915
37929
38227
38362
39052
39724
39752
39888
40223
40262
40297
40315
40348
40407
40422
40441
40756
40783
40933
41036
41318
41852
42151
42197
42304
42526
43072
43496
43601
43846
44435
44632
44789
45061
45072
45192
45488
45511
46185
46367
46394
46491
46791
47000
47080
47267
47713
47778
47977
47996
48360
48463
48678
48762
49106
49126
49253
49360
49492
49523
50055
50101
50206
50655
50670
50745
50757
50839
50901
51051
51271
51305
51577
51929
52109
52139
52245
52384
52615
52744
52824
52868
53126
53503
54199
54518
54591
54662
54728
54811
54861
55426
55644
55887
56083
56270
56272
56360
56564
56886
57241
57372
57378
57980
58080
58294
58589
58682
59347
59494
59865
60407
60432
60582
60720
60873
61103
61347
61637
61731
61772
61932
62022
62162
62235
62793
62858
62952
63265
63317
63332
64019
64398
64583
65126
65221
65243
65487
65506
65603
66143
66353
66377
66620
66662
66944
66981
67198
67467
67532
67577
67689
67691
67810
67867
67995
68275
68459
68580
68623
68879
69030
69214
69239
69369
69695
69786
70151
70343
70542
70949
71227
71315
71557
71583
71594
71663
71721
71770
71805
71858
71896
71969
72005
72006
72588
72642
72650
72879
73204
73651
73660
73711
73766
73867
73946
74070
74320
74388
74404
74537
74593
74642
74760
74899
75582
76032
76153
76184
76380
76518
76611
77446
77636
78192
78364
78565
79464
79932
80068
80988
81381
81468
81825
81974
82278
82289
82349
82979
83098
83829
83973
84091
84157
84455
84502
84818
84942
85253
85292
85377
85421
85455
85590
85742
85821
86021
86079
86436
86501
86629
86630
86676
86791
87244
87589
87815
87850
87951
88037
88803
88804
88826
89249
89292
89943
90026
90074
90406
90511
90743
90749
90870
91002
91313
91324
91344
91363
91603
91807
92151
92405
92849
92939
93562
93619
93645
93674
93678
94401
94437
94904
95100
95238
95297
95405
95411
96084
96275
96350
96848
96882
96899
97041
97610
97611
98095
98140
98169
98170
98268
98531
98778
98926
99059
99252
99273
99366
99648
99681
99912