-99965
-99920
-99559
-99558
-99328
-99326
-99204
-99185
-98762
-98670
-98630
-98313
-98311
-98145
-98019
-98002
-97968
-97938
-97490
-97351
-97290
-97097
-96374
-96038
-95686
-95667
-95532
-95336
-95284
-95187
-95103
-95080
-94991
-94918
-94913
-94798
-94610
-94276
-94119
-94030
-93868
-93778
-92895
-92228
-91114
-90433
-90295
-90229
-89924
-89429
-88848
-88519
-88151
-88060
-87968
-87685
-86566
-86439
-86329
-86295
-86264
-86142
-86077
-85771
-85525
-85080
-84885
-84789
-84654
-84258
-84257
-83823
-83578
-83106
-82979
-82780
-82735
-82666
-82511
-82394
-82193
-82069
-81901
-81887
-81760
-81569
-81392
-81235
-81074
-80474
-80423
-80388
-80342
-80185
-79982
-79928
-79746
-79679
-79519
-79495
-79493
-79083
-78151
-78123
-77555
-76682
-76636
-76407
-75618
-75565
-75552
-75501
-75478
-75438
-75204
-75187
-75139
-75091
-75051
-74982
-74872
-74608
-74469
-74317
-74242
-74049
-73892
-73516
-73290
-73065
-72915
-72529
-72317
-72081
-71927
-71868
-71793
-71740
-71455
-71286
-71253
-71164
-71161
-70931
-70879
-70877
-70811
-70558
-70502
-70329
-70255
-69974
-69622
-69170
-68860
-68616
-68424
-67757
-67508
-67475
-67272
-67151
-67068
-66720
-66438
-66408
-66373
-66218
-66063
-65946
-65803
-65256
-65188
-65123
-65068
-64968
-64587
-64084
-64081
-64071
-64009
-64002
-63665
-63327
-63186
-63110
-63093
-62997
-62993
-62926
-62752
-62449
-62394
-62254
-62252
-62174
-62161
-62154
-61593
-61551
-61550
-61489
-61455
-61363
-61148
-60117
-59955
-59784
-59776
-59640
-59613
-59497
-59308
-59306
-59229
-59090
-58516
-58182
-57826
-57740
-57682
-57283
-56834
-56761
-56617
-56031
-55841
-55321
-55194
-54909
-54872
-54691
-54148
-53943
-53786
-53735
-53657
-53624
-53594
-53481
-52787
-52009
-51920
-51755
-51521
-51398
-51070
-50441
-50228
-49834
-49464
-49210
-48961
-48533
-48287
-48096
-47301
-47223
-47076
-46776
-46397
-46368
-46347
-46263
-46103
-46078
-46048
-45792
-45774
-45406
-44904
-44713
-44589
-44408
-44338
-44314
-43345
-43339
-42989
-42838
-42543
-42372
-41913
-41133
-40878
-40853
-40596
-40244
-39909
-39535
-39395
-38791
-38471
-38364
-38004
-37831
-37486
-37235
-37170
-37142
-37027
-36612
-36535
-36168
-36079
-36055
-36005
-35984
-35902
-35780
-35675
-35606
-35574
-35254
-34669
-34470
-34361
-34260
-34004
-33929
-33855
-33839
-33736
-33654
-33536
-33464
-33404
-33358
-33314
-32772
-32700
-32700
-32674
-32601
-32416
-32345
-32033
-31935
-31871
-31451
-31250
-30336
-30273
-30132
-29954
-29951
-29836
-29583
-29475
-29182
-29150
-29088
-29031
-28904
-28558
-28404
-28362
-28338
-28140
-28074
-28046
-28029
-27649
-27646
-27601
-27555
-27345
-27258
-27077
-26862
-26526
-26451
-26063
-26034
-25940
-25873
-25661
-25642
-25150
-24832
-24740
-24192
-23221
-23015
-22908
-22707
-22657
-22586
-22524
-22362
-22334
-22263
-22025
-21370
-21278
-21039
-20938
-20883
-20812
-20584
-20553
-20334
-20135
-19852
-18834
-18074
-17943
-17937
-17860
-17833
-17770
-17618
-17554
-17294
-16388
-16112
-15849
-15741
-15735
-15652
-15506
-15233
-15139
-15037
-14799
-14725
-14694
-13734
-13644
-13575
-13495
-13408
-13396
-13140
-13131
-12818
-12712
-12706
-12154
-12125
-11573
-11455
-11166
-10847
-10847
-10844
-10505
-10483
-9693
-9086
-8770
-8662
-7807
-7614
-6293
-6133
-6059
-6008
-5890
-5702
-5311
-5047
-4960
-4952
-4774
-4463
-4285
-4184
-3962
-3648
-3441
-2878
-2531
-2515
-2414
-2116
-2056
-1995
-1935
-1627
-1610
-1587
-1346
-1073
-700
-527
-446
-319
-296
84
282
716
842
1380
1432
1738
1761
1924
1946
2134
2258
2289
2348
2505
2578
2638
2708
2978
3461
3732
3897
3940
4020
4284
4357
4420
4577
4987
5049
5105
5258
5338
5501
5670
5724
6349
6412
6451
6619
6754
6771
6994
7102
7109
7188
7312
7545
7553
7817
8003
8155
8817
8862
9147
9332
9712
9732
10077
10081
10292
10354
10443
10649
11132
11429
11584
11648
11661
12002
12013
12017
12063
12069
12194
12294
12516
12532
12783
12897
13031
13149
13159
13460
13973
13983
14152
14383
14485
14591
14749
14753
14969
15294
15380
15552
15935
16007
16263
16416
16531
16540
16548
16591
16790
16918
18048
18180
18267
18320
18323
18720
19044
19286
19677
19747
19772
20110
21059
21088
21180
21209
21279
21419
21688
21762
21774
22168
22284
22349
22463
22608
22879
22894
22991
23113
23147
23268
23300
23440
23640
23889
23993
24096
24098
24147
24235
24791
24793
24907
25347
25429
25444
25754
25806
25901
26075
26833
26853
26950
27003
27098
27168
27198
27311
28025
28049
28583
28585
28829
29279
29427
29470
29478
29558
29630
29700
29894
29920
30007
30350
30719
30767
30844
30906
30945
30983
31155
31315
31570
31605
31728
31864
32111
32316
32714
33550
33854
33989
34062
34595
34687
34933
35078
35172
35424
35437
35897
35914
35935
36254
36439
36484
36486
36542
36684
36717
37018
37059
37176
37265
37600
37693
37694
38345
38408
38580
38715
39343
39583
39830
40058
40390
40486
40555
40718
40964
41096
41424
41429
41462
41666
42264
42300
42472
42607
43095
43101
43239
43410
43461
43474
43667
44032
44073
44278
44825
44866
45421
45438
45601
45765
46070
46326
46344
46630
46933
47035
47387
47472
47733
48107
48529
48642
48656
48822
49025
49029
49067
49190
49222
49445
49445
49476
49650
50201
50429
50535
50705
50726
50731
50755
51125
51197
51219
51511
51972
52253
52855
52899
53496
53827
53861
54337
54337
54763
54799
54811
55021
55092
55340
55364
55414
55539
55898
55939
56148
56409
56497
56552
56639
56645
56723
56979
57322
57342
58295
58319
58492
58675
58853
58863
59184
59631
59759
59771
60494
60787
61193
61317
61922
62014
62075
62704
62816
63100
63310
63666
64021
64329
64513
64911
65040
65391
65542
65808
65864
65981
66448
66667
66859
67493
67640
67683
68482
68633
68803
69359
69548
69548
69673
69739
69998
70033
70165
70217
70265
70581
70622
70849
70900
70928
71131
71291
71828
72178
72361
72585
72706
72750
72761
72876
72951
73192
73685
73986
74451
74735
75086
75100
75515
75523
75553
75707
75871
76146
76357
76601
76911
76943
77282
77574
77894
77935
78075
78247
78334
78384
78560
78687
78806
79280
79589
79684
80016
80093
80416
80440
80632
80858
81158
81241
81504
81736
81880
82012
82066
82129
82200
82413
82991
83122
83520
84008
84704
84832
85168
85243
85394
85430
85601
85843
86757
86927
87177
87355
87504
87581
88276
88843
88881
89696
89702
89708
89743
89816
89875
90257
90391
90870
90939
91002
91554
91707
91811
91876
92410
92807
92858
93069
93122
93143
93252
93287
93314
93802
94383
94585
94615
94629
95035
95040
95137
95313
95318
95830
95895
96621
97556
97596
97642
98049
98160
98364
98933
98934
98984
99172
99244
99301
99913