-99904
-99860
-99412
-99137
-98980
-98641
-98414
-98399
-98257
-97941
-97721
-97169
-97150
-97124
-96921
-96647
-96534
-96500
-96109
-95492
-95352
-95297
-94112
-93826
-93555
-93328
-93053
-92270
-92131
-92024
-91998
-91957
-91891
-91754
-91717
-91301
-91087
-90922
-90858
-90473
-90430
-90267
-90058
-89702
-89685
-89605
-89210
-89033
-88635
-88368
-88283
-88165
-88110
-88033
-87835
-87640
-87481
-87189
-86874
-86835
-86824
-86022
-86009
-85780
-85754
-85405
-85305
-85267
-85251
-84958
-84832
-84722
-84676
-84582
-84531
-84131
-84012
-83714
-83576
-83544
-83074
-82958
-82545
-82466
-80754
-80680
-80438
-80147
-79494
-79383
-79339
-78919
-78838
-78783
-78608
-78525
-78508
-77361
-77312
-77148
-76748
-76746
-76698
-76251
-76164
-75973
-75292
-75183
-74745
-74399
-74389
-74307
-73976
-73863
-73197
-73041
-72705
-72693
-72612
-72334
-72299
-72242
-72008
-71980
-71929
-71449
-71356
-71355
-71292
-70965
-70620
-70569
-70266
-69767
-69554
-69061
-68870
-68763
-68659
-68578
-68358
-68034
-67969
-67820
-67616
-67578
-67343
-67311
-67176
-67005
-66708
-66637
-66519
-66346
-65671
-65343
-65330
-65159
-64823
-64792
-64588
-64011
-63733
-63322
-63148
-63130
-63114
-63102
-62977
-62870
-62859
-62732
-62480
-62109
-61748
-61601
-61543
-61527
-61389
-61324
-61007
-60971
-60879
-60556
-60388
-60128
-60071
-60012
-60004
-59712
-59211
-58529
-58146
-58084
-58039
-58029
-57908
-57828
-57641
-57544
-57098
-56976
-56705
-56617
-56414
-56401
-56218
-55956
-55783
-55600
-55470
-55058
-55037
-54930
-54600
-54431
-54332
-54330
-54188
-53615
-53540
-53376
-53054
-52891
-52882
-52758
-52675
-52592
-52538
-52519
-52358
-51518
-51018
-50926
-50648
-50393
-50210
-50054
-49914
-49578
-49327
-48986
-48768
-48727
-48569
-48563
-48338
-48005
-47956
-47643
-47500
-47465
-47443
-47333
-47240
-47122
-46388
-46061
-45603
-45602
-45375
-45347
-45290
-44819
-44642
-44578
-44195
-44073
-43472
-43375
-42990
-42937
-42911
-42835
-42722
-42374
-42317
-42316
-42272
-42176
-41552
-41484
-41320
-40747
-40704
-40577
-40512
-40333
-39722
-39711
-39654
-39496
-39455
-39088
-38871
-38704
-38317
-38082
-37632
-37586
-37330
-36982
-36911
-36684
-36582
-36531
-36463
-36233
-36171
-35971
-35581
-35447
-35342
-35208
-34954
-34901
-33990
-33722
-33510
-33439
-33296
-33196
-33116
-32369
-32279
-32274
-31946
-31858
-31687
-31672
-31493
-31253
-31164
-31035
-30936
-30628
-30174
-30118
-30036
-30019
-29981
-29820
-29651
-29624
-29410
-29383
-29225
-28841
-28836
-28769
-28680
-28572
-28448
-28309
-28261
-28149
-28067
-27952
-27582
-27433
-27338
-27248
-26807
-26640
-26521
-26190
-26043
-25969
-25890
-25649
-25436
-25214
-25065
-25054
-24969
-24759
-24724
-24523
-24250
-23736
-23723
-23360
-23300
-22742
-22472
-22317
-22228
-21624
-21337
-21245
-20945
-20405
-20016
-19712
-19347
-18957
-18702
-18401
-17948
-17904
-17710
-17704
-17656
-16798
-16721
-16645
-16625
-16517
-16374
-16179
-16169
-15813
-15426
-15176
-14807
-14708
-14571
-13870
-13364
-12921
-12902
-11895
-11893
-11705
-11672
-11499
-11490
-11150
-11067
-11029
-11012
-10818
-10600
-10543
-10270
-10250
-10060
-9947
-9351
-9118
-8996
-8995
-8977
-8956
-8712
-8415
-8330
-8154
-7599
-7283
-6715
-6667
-6610
-6332
-6174
-5889
-5589
-5488
-5347
-5261
-4971
-4476
-4380
-4309
-4243
-4091
-4088
-3845
-3789
-3546
-3521
-3387
-3310
-3197
-2845
-2544
-1959
-1659
-1598
-1577
-1249
-1097
-797
-663
-402
-168
-130
311
388
394
658
687
846
890
1652
1855
1899
2112
3218
3733
3913
4014
4035
4416
4967
5218
5244
5435
5639
5978
6079
6151
6246
6509
6708
6875
7174
7493
7896
8012
8086
8388
8837
9467
9492
9590
9667
9819
9908
9923
10500
11129
11155
11919
11985
12128
12165
12177
12323
12555
13239
13470
13493
14260
14263
14971
15145
15321
15534
15587
15621
15666
15873
16052
16073
16335
16561
16567
16610
17029
17381
17685
17708
17726
17806
18159
18183
18210
18220
18235
18244
18258
18417
18598
18609
18865
19167
19198
19207
19238
19337
20102
20311
20688
20818
20827
21140
21368
21376
21503
21593
21636
21640
21776
22335
22787
22979
23079
23155
23164
23224
23360
23490
23554
23554
23569
23996
24192
24225
24276
24341
24959
25053
25307
25561
25851
26241
26441
26657
26666
26947
27190
27563
27926
28338
28370
28370
28783
28945
29390
29420
29994
30385
31019
31138
31591
31627
31675
31779
31890
32922
32961
33007
33158
33176
33499
33593
33597
33792
33822
34521
34658
34777
34911
34915
35101
35277
35310
35400
35474
35666
35958
36112
36375
36887
37036
37106
37137
37288
37544
37549
37587
37861
38093
39072
39186
39259
39630
39670
39818
39901
40021
40037
40186
40457
40612
40918
41782
41843
41955
42052
42350
42577
42687
42692
42767
42918
42974
43352
43462
43464
43471
43607
44284
44417
44486
44693
44706
44725
44895
45138
45157
45274
45744
46131
46241
46529
46791
46901
46964
46997
47126
47160
47162
47294
47519
47961
48172
48196
48440
48744
49625
49816
49879
49941
50300
50363
50415
50462
50484
50496
50584
50593
50680
50705
50886
50900
50905
50931
51177
51303
51350
52255
52410
52472
52501
52533
52545
52814
52818
53032
53073
53080
53088
53128
53173
53201
53611
54499
54712
54907
55160
55221
55506
55526
55846
55988
56302
56368
56533
56758
56787
56881
56937
57463
57815
58160
58207
58332
58558
58595
58656
58686
59248
59602
59626
59659
59672
59778
59843
59895
59912
60302
60696
61665
61679
62394
62420
62606
62982
63024
63827
63891
64172
64187
64389
64456
64518
64972
65472
65660
66160
66366
66476
66544
66725
66875
67231
67495
67552
67586
67637
67704
68107
68444
68501
68569
68741
68915
68918
68920
69018
69054
69183
69189
69191
69200
69541
69724
69738
69875
70043
70435
70915
71132
71293
71702
71816
71983
72073
72200
72630
73600
73600
73951
74088
74191
74664
74900
75028
75227
75397
75454
75641
75860
76651
76844
76885
77049
77118
77248
77389
77702
77852
77892
78273
78399
78567
78624
78971
79589
79605
79836
79999
80270
80294
80427
80475
80766
81070
81089
81206
81595
81633
81689
81860
82290
82387
82454
82495
82707
82710
83019
83088
83334
83488
83523
83765
83929
85057
85080
85080
85179
85343
85467
85724
85836
85943
85956
86006
86312
86487
86590
86739
86766
86770
86892
87020
87180
87300
87599
87812
88788
89299
89321
89351
89685
89729
90211
90698
90870
91049
91145
91221
91510
91518
91621
91646
91669
91686
92333
92485
92604
92854
92960
93203
93447
93487
93734
93931
94079
94194
94251
94381
94410
95112
95278
95424
95469
95715
95799
96279
96347
96581
96761
97072
97266
97290
98005
98311
98470
98501
98766
99092
99311
99316
99776
99785
99928
100000