-99518
-99101
-98890
-98581
-98510
-98356
-98310
-98300
-98167
-98100
-97756
-97746
-97599
-97483
-97327
-97007
-96531
-96377
-96067
-95333
-94787
-94716
-94376
-94335
-93627
-93319
-93140
-92937
-92690
-92576
-92399
-92240
-92204
-92150
-91946
-91620
-91551
-91324
-91274
-91204
-91173
-91149
-90938
-90322
-90263
-90012
-89953
-89861
-89810
-89744
-89700
-89307
-89194
-89190
-89110
-88898
-88670
-88649
-88437
-88203
-87963
-87508
-87456
-87129
-86952
-86571
-85615
-85471
-85231
-85156
-85119
-85083
-84958
-84860
-84637
-84583
-84568
-84559
-84546
-84533
-84097
-84005
-83763
-83412
-83399
-82415
-81994
-81946
-81806
-81694
-81472
-81204
-81134
-81061
-81055
-80517
-80349
-80340
-79541
-79522
-79417
-79195
-79124
-77988
-77901
-77773
-77608
-77420
-77347
-77154
-77041
-76960
-76629
-76366
-76349
-76321
-75973
-75916
-75811
-75511
-75500
-75057
-75020
-74905
-74445
-74322
-73988
-73793
-73725
-73521
-73283
-73215
-73126
-72247
-71955
-71838
-71633
-71466
-71123
-70778
-70687
-70500
-70036
-69909
-69074
-69033
-68916
-68890
-68725
-68624
-68505
-68424
-68106
-67958
-67888
-67822
-67780
-67407
-67290
-67055
-66789
-66729
-66691
-66529
-66453
-66437
-66260
-66258
-66120
-65999
-65822
-65060
-65052
-64866
-64856
-64775
-64514
-64503
-64212
-64117
-64031
-64023
-63559
-63529
-63226
-63077
-63036
-62307
-62000
-61351
-61194
-60741
-60390
-60059
-59775
-59748
-59367
-59272
-59154
-58415
-58112
-57540
-57070
-56964
-56912
-56892
-56800
-56427
-55998
-55907
-55890
-55392
-55387
-55203
-54797
-53844
-53347
-53174
-53165
-53080
-53053
-52772
-52668
-52362
-52304
-52107
-51676
-51621
-51526
-51458
-50972
-50842
-50680
-50625
-50111
-49999
-49875
-49513
-49511
-49107
-48939
-48816
-48628
-48365
-48155
-47962
-47420
-47208
-47178
-46942
-46931
-46881
-46841
-46489
-46402
-45884
-45767
-45561
-45121
-44956
-44696
-44680
-44511
-44250
-44148
-44048
-43997
-43858
-43674
-43311
-42961
-42847
-42759
-42707
-42611
-42328
-42151
-41856
-41688
-40796
-40040
-39958
-39570
-39498
-39497
-38948
-38795
-38770
-38553
-38529
-38466
-38451
-37865
-37578
-37566
-37519
-37305
-36980
-36803
-36663
-36552
-36272
-36136
-36080
-36053
-36037
-36036
-35989
-35944
-35654
-35633
-35577
-35516
-35465
-35411
-35405
-35019
-34858
-34479
-34434
-34271
-34214
-34143
-33787
-33565
-33240
-33238
-32755
-32630
-32517
-32113
-31198
-31194
-31063
-31010
-30835
-30696
-30580
-30557
-30407
-30392
-30331
-30205
-30023
-29961
-29505
-29366
-29203
-28908
-28780
-27801
-27662
-27298
-27237
-27087
-27036
-26867
-26352
-26095
-26083
-25993
-25974
-25824
-25631
-25533
-25405
-25263
-25193
-24906
-24258
-24131
-23821
-23676
-23538
-23496
-23406
-23181
-22937
-22584
-22420
-22303
-22226
-22221
-21824
-21756
-20934
-20240
-20229
-20214
-20076
-19654
-19395
-19314
-19249
-19087
-18890
-18863
-18824
-18544
-18093
-17987
-17617
-17380
-17361
-17355
-17228
-17200
-17182
-16910
-16539
-16461
-16229
-16199
-16051
-15980
-15773
-15764
-15721
-15617
-15549
-15498
-15497
-15385
-15235
-14889
-14629
-14282
-13940
-13914
-13870
-13866
-13768
-13213
-13130
-13030
-12922
-12789
-12650
-12650
-12611
-12421
-11788
-11748
-11580
-11484
-11312
-11197
-10979
-10922
-10803
-10697
-10620
-9765
-9764
-9508
-8913
-8545
-8493
-8372
-8233
-8001
-7846
-7707
-7704
-7008
-6648
-5785
-5734
-5646
-5371
-4950
-4911
-4845
-4433
-4253
-3999
-3997
-3758
-3658
-3495
-2805
-2593
-2515
-2319
-2239
-1978
-1731
-1591
-1548
-1025
-695
-607
-482
-308
-293
-231
-35
490
555
872
1123
1181
1395
1477
1879
1937
1971
1987
1992
2023
2215
2294
2310
2542
2685
2706
2725
2738
2878
3003
3489
3574
3823
3945
4117
4527
4625
4808
4826
4968
5694
5834
5975
5976
6600
6779
7131
7228
7490
7498
7582
7622
7694
7803
7991
8085
8657
8803
9454
9617
10099
10414
10549
10648
10741
10779
10831
11351
11398
11491
12121
12254
12289
12459
12595
12770
13002
13291
13549
13875
13882
14050
14302
14316
14365
14705
14993
15067
15068
15468
15490
16075
16145
16248
16305
16328
16705
16796
16980
17086
17463
17825
17942
17971
17978
18167
18255
18286
18519
18581
18907
19307
19321
19733
19905
20032
20053
20097
20283
20301
20461
20549
21022
21215
21580
22163
22259
22287
22347
22376
22382
22424
22556
22729
23381
23464
23689
23762
23859
24031
24093
24311
24525
24841
25395
25732
25881
26082
26206
26434
26646
26772
26854
26904
27001
27041
27092
27094
27160
27299
27302
27380
27670
28177
29086
29329
29468
29872
29965
29981
29989
30083
30554
30843
31237
31257
31398
31671
31846
31920
32275
32278
32294
32387
32793
32850
33111
33150
33169
33341
33343
33459
33487
33786
33863
33914
34291
34865
34944
35087
35093
35150
35480
35744
36099
36231
36303
36363
36460
36469
36539
36695
36698
36880
37354
37363
37507
37540
37727
38324
38950
38995
39196
39220
39580
39783
39870
40041
40075
40350
40655
41068
41231
41751
42012
42107
42141
42203
42347
42435
42585
42797
43208
43489
43510
43514
43554
43639
43739
44266
44401
45111
45356
45583
46154
46166
46464
46766
46990
47138
47394
47492
47522
47763
48534
48654
49212
49256
49339
50018
50096
50302
50311
50432
50472
50765
50870
50935
50938
51238
51319
51684
51728
52254
52428
53010
53160
53182
53275
53318
53351
53692
53835
53844
54605
55294
55334
55416
55434
55702
55728
56413
56457
56581
56675
56850
57081
57122
57257
57615
57654
57736
57740
57743
57948
57980
58442
58482
59015
59216
60343
60640
60722
60880
60940
61094
61477
61615
61931
62276
62558
62775
62887
63046
63320
63359
63783
64191
64306
64449
64810
64833
64858
65167
65423
65579
65641
66016
66290
66580
66751
67118
67236
67292
67699
67755
68248
68336
68671
69030
69118
69127
69226
69268
69301
69336
69387
69682
69696
70332
70405
70560
71046
71074
71076
71080
71520
71600
71611
71784
71836
71947
71997
72177
72214
72373
72403
72420
72882
73235
73277
73947
74034
74079
74381
74493
74985
74996
75157
75271
75295
75466
75585
75606
75792
75942
76046
76317
76504
76665
76831
76970
77729
77854
77931
78218
78303
78865
79086
79265
79393
79445
79772
80117
80641
80978
81323
81398
81404
81626
81757
81963
81986
82048
82327
82369
82746
82968
82986
83056
83146
83605
83822
83844
83909
83996
84018
84057
84408
84485
84740
84795
85112
85400
85603
86602
86659
86727
86844
86881
87013
87327
88449
88656
88664
88748
88774
89095
89221
89533
89866
89945
89999
90392
91024
91961
92121
92139
92329
92355
92696
92725
92771
92829
93049
93155
93524
93803
93989
94579
94704
95346
95965
96112
96170
96183
96318
96360
96611
96988
97354
97662
97839
97849
98406
98472
98530
99646
99873
99913