-99945
-99922
-99867
-99799
-99794
-99693
-99185
-98996
-98952
-98867
-98860
-98738
-98691
-98512
-98366
-98096
-97311
-97145
-96919
-96901
-96876
-96477
-96224
-95955
-95767
-95666
-95659
-95444
-95191
-94977
-94607
-94593
-94532
-94209
-94205
-93549
-93441
-93384
-93313
-92926
-92835
-92783
-92687
-92515
-92398
-92286
-92185
-92137
-92047
-92031
-91965
-91482
-90910
-90881
-90712
-90605
-90459
-90425
-89946
-89908
-89634
-89340
-88975
-88799
-88654
-88504
-88469
-87858
-87441
-87437
-87081
-86799
-86657
-86607
-86368
-85894
-85743
-85591
-85466
-85455
-85424
-84270
-83853
-83416
-83396
-83368
-83260
-83174
-83087
-83029
-82340
-81985
-81540
-81287
-81260
-81089
-81037
-80069
-79963
-79585
-78916
-78895
-78456
-78383
-78298
-78233
-77520
-77484
-77367
-77175
-76874
-76762
-76749
-76575
-76415
-76262
-76094
-76091
-75993
-75859
-75758
-75564
-75325
-75208
-74396
-74189
-74051
-74003
-73836
-73606
-73174
-73109
-72924
-72918
-72776
-72722
-72627
-72195
-72130
-72043
-71983
-71832
-71792
-71615
-71400
-71347
-71132
-71092
-70749
-70697
-70612
-70280
-70042
-69978
-69977
-69940
-69533
-69285
-69172
-68970
-68541
-68480
-68294
-68002
-68000
-67888
-67682
-67632
-67508
-67485
-67373
-67185
-67117
-66989
-66776
-66730
-66380
-66186
-65957
-65900
-65782
-65744
-65434
-65359
-65318
-65091
-64836
-64691
-64619
-64261
-64225
-64123
-63996
-63934
-63846
-63806
-63294
-63255
-63146
-63104
-62745
-62652
-62487
-62428
-62153
-62035
-61877
-61838
-60661
-60394
-60017
-59912
-59763
-59680
-59368
-59162
-59067
-58964
-58800
-58478
-58436
-58146
-57902
-57896
-57817
-57755
-57512
-57395
-57359
-57304
-57173
-56432
-55662
-55541
-55523
-55341
-55275
-54664
-54310
-54088
-53656
-53569
-53475
-53397
-53372
-53339
-53063
-52664
-52496
-52336
-52280
-51871
-51654
-51554
-51296
-49411
-49221
-49126
-49098
-48932
-48932
-48492
-47634
-47448
-47380
-47362
-46574
-46405
-46348
-46207
-45788
-45628
-45575
-45302
-45283
-45187
-45127
-45123
-45064
-44955
-44854
-44571
-44414
-44071
-43998
-43691
-43536
-43410
-43108
-42583
-42418
-42403
-42329
-42130
-41948
-41358
-41163
-40615
-40318
-40158
-40037
-39582
-39359
-39232
-38711
-38665
-38479
-38271
-38207
-38074
-38059
-37835
-37655
-37230
-37113
-37056
-36728
-36716
-36299
-36254
-36250
-36249
-36081
-35867
-35845
-35335
-35260
-35064
-35021
-34647
-34448
-34310
-34144
-34062
-34040
-33504
-33297
-33211
-33210
-33051
-33004
-32818
-32805
-32744
-32666
-32634
-32492
-32161
-32067
-31440
-31395
-31100
-31088
-30896
-30568
-30145
-30052
-29710
-29683
-29499
-29247
-28922
-28833
-28687
-28662
-28620
-28481
-28456
-27552
-27341
-27050
-26851
-26574
-26172
-26172
-26043
-26038
-25806
-25701
-25450
-25365
-24521
-24386
-24022
-23948
-23842
-23783
-23060
-22824
-22776
-22675
-22563
-22459
-22452
-22444
-22407
-22009
-21981
-21898
-21532
-21144
-21095
-20802
-20269
-19829
-19658
-19521
-19392
-19176
-18997
-18874
-18869
-18208
-17946
-17928
-17828
-17786
-17783
-17697
-17554
-17131
-16890
-16776
-16739
-16648
-16595
-16418
-16358
-16347
-16114
-15876
-15783
-15318
-15180
-15160
-15082
-15049
-14661
-14411
-14362
-14341
-14278
-14206
-14055
-14036
-13991
-13808
-13556
-13277
-13161
-13079
-12956
-12944
-12932
-12929
-12772
-12674
-12619
-12527
-12349
-11668
-11328
-11323
-11319
-11069
-10966
-10624
-10444
-10416
-10349
-10338
-10314
-10256
-10239
-10186
-10112
-10106
-9438
-9364
-9246
-8857
-8631
-8549
-8498
-8282
-8200
-8190
-8112
-8018
-7973
-7946
-7942
-7658
-7643
-7222
-7216
-7206
-6952
-6884
-6884
-6568
-6368
-5502
-5380
-5233
-4911
-4873
-4816
-4801
-4716
-4398
-4169
-3657
-3512
-3293
-3018
-2983
-2701
-2643
-2122
-1771
-1744
-1711
-1552
-1291
-1034
-727
-668
-168
4
174
292
392
483
692
764
1671
2194
2520
3470
4762
5038
5406
5426
5641
5792
5810
6051
6060
6213
6458
6519
6533
6651
6688
6822
6869
7452
7790
7912
8096
8123
8475
9058
9173
9331
9366
9427
9527
9775
9935
9973
10290
11005
11250
11516
11661
11808
12016
12615
12772
13123
13236
13335
13351
13539
13679
13863
14038
14098
14140
15053
15754
15853
15899
16080
16292
16309
16511
16978
17265
17426
17662
17679
18129
18275
18400
19119
19294
19414
19720
19760
19994
20051
20214
20672
21171
21215
21313
22138
22292
22318
22386
22447
22456
22674
22743
22972
23049
23175
23292
23497
23958
24167
24628
24949
25369
25496
25713
25896
26316
26476
26522
26645
26807
27512
27533
27550
27956
28096
28120
28169
28190
28353
28604
29041
29121
29132
29621
29744
29847
29930
29972
29991
30018
30497
30540
30602
30868
31391
31462
31518
31610
31885
31924
32135
32304
32523
33224
33270
33301
33346
33389
33425
33640
33672
33904
33931
34733
35006
35282
35435
36367
37064
37199
37533
37658
38165
38296
38584
38640
39131
39335
39624
40101
40165
40446
40844
40909
41068
41328
41734
41759
41900
41928
42051
42373
42510
42782
42914
43381
43740
44172
44256
44485
44515
44683
45144
45346
45627
45666
45749
46012
46033
46100
46482
46689
46714
46727
46759
47116
47254
47339
47554
47771
48064
48356
48525
48646
49276
49610
49629
49637
49750
49762
49915
50062
50294
50339
50873
51379
51617
51800
52515
52699
52982
53028
53046
53196
53281
53434
53852
54010
54016
54241
54244
54263
54341
54380
54452
54540
54657
54738
54774
54863
54913
55212
55216
55246
55649
55713
56157
56184
56935
57146
57181
57616
57636
57887
58104
58278
58375
58508
58661
59004
59940
59998
60048
60062
60217
60491
60497
60555
60966
61133
61450
61604
61983
62347
62531
62658
63163
63284
63587
63618
63826
63875
64188
64450
64491
64519
64588
64915
65568
66010
66137
66464
66469
66523
66763
66767
66820
66829
67022
67048
67444
67608
68078
68176
68257
68371
69020
69106
70323
70328
70445
70449
70630
71075
71235
71253
71277
71379
71461
71778
71843
71886
72128
72178
72678
72692
72761
72804
72989
73345
73371
73903
74088
74148
74324
74344
74981
75112
75220
75686
75861
76041
76062
76247
76338
76693
77280
77378
77680
78034
78196
78358
78497
78756
78808
79151
79694
79934
79973
80267
80563
80601
81204
81493
81874
82071
82081
82507
82983
83130
83245
83269
83360
83438
83566
83627
83833
83860
84343
84356
84595
85111
85387
85643
87296
88065
88086
88136
88155
88160
88577
89181
89225
89341
89615
89657
89817
89847
89886
89950
90405
90440
90458
91068
91107
91528
91586
91588
91932
91973
92461
92645
92743
93249
93358
93373
93678
93896
94098
94144
94231
94331
94552
94656
94893
95071
95111
95243
95333
95656
95761
95855
95922
95959
96581
96742
96764
97046
97258
97603
97695
97786
97848
98243
98436
98506
98696
98783
98851
99083
99319
99470
99497
99829
99830