-99955
-99751
-99705
-99343
-98916
-98808
-98702
-98455
-98361
-97946
-97835
-97818
-97697
-97549
-97485
-97466
-97365
-97057
-97022
-96946
-96919
-96320
-96288
-95951
-95873
-95681
-95453
-95082
-95026
-94955
-94158
-94115
-93542
-93522
-93290
-93198
-93141
-93077
-92812
-92787
-92783
-92481
-92318
-91702
-91004
-90999
-90954
-90589
-90334
-90244
-89514
-89201
-89163
-89160
-89113
-88963
-88935
-88868
-88853
-88801
-88578
-88460
-88403
-88034
-87688
-87567
-87185
-87093
-86945
-86645
-86553
-86094
-86011
-85540
-85209
-85193
-85169
-84760
-84669
-84508
-84188
-84121
-83779
-83765
-83750
-83374
-82408
-82398
-81979
-81814
-81736
-81395
-81059
-80727
-80673
-80623
-80333
-80323
-80241
-79978
-79881
-79612
-79367
-79228
-79162
-78851
-78523
-78232
-78073
-77974
-77519
-77396
-77054
-77039
-76678
-76570
-76546
-76426
-76203
-75844
-75710
-75572
-75524
-74447
-74194
-74108
-73950
-73939
-73868
-73544
-73501
-73319
-72964
-72952
-72739
-72702
-72665
-72315
-72168
-71886
-71846
-71445
-70967
-70851
-70696
-70669
-70103
-70065
-69756
-69504
-69292
-69268
-69024
-68843
-68713
-68510
-67923
-67698
-67413
-67184
-66952
-66764
-66754
-66077
-65988
-65926
-65868
-65826
-65799
-65696
-65564
-65561
-65075
-65010
-64782
-64763
-64636
-64547
-64482
-64472
-64416
-64389
-64230
-63702
-63529
-63421
-63005
-62901
-62533
-62438
-61933
-61706
-61693
-61656
-61560
-61283
-61244
-61104
-60871
-60395
-60126
-59922
-59904
-59741
-59432
-59390
-58855
-58768
-58600
-58582
-58497
-58450
-58363
-58242
-58125
-57834
-57356
-57025
-56865
-56742
-56624
-56029
-55993
-55931
-55846
-55758
-55472
-55082
-55037
-55012
-54865
-54778
-54646
-54611
-54495
-54494
-54473
-54360
-53759
-53740
-53551
-53516
-53423
-53375
-52853
-52766
-52620
-52617
-52520
-52404
-52340
-51598
-51557
-51172
-51061
-50742
-50093
-50083
-49968
-49715
-49511
-49142
-49000
-48528
-48155
-47988
-47775
-47634
-47588
-47341
-46879
-46824
-46623
-46358
-45934
-45764
-45423
-45350
-45245
-45228
-45178
-44760
-44343
-44137
-44117
-43832
-43790
-43447
-43156
-43044
-42967
-42957
-42858
-42732
-42533
-42272
-42157
-42079
-41780
-41257
-41101
-41046
-40607
-40348
-40281
-40039
-40037
-39932
-39633
-39513
-39002
-38936
-38928
-38861
-38581
-38428
-38386
-38198
-38031
-37961
-37862
-37686
-37473
-37459
-37088
-36906
-36639
-36620
-36479
-36143
-35935
-35812
-35559
-35172
-34909
-34872
-34180
-33841
-32957
-32712
-32697
-32530
-32399
-31897
-31859
-31701
-31199
-30842
-30721
-30655
-30547
-30305
-30207
-30162
-30114
-29932
-29821
-29798
-29511
-28907
-28669
-28451
-27998
-27917
-27856
-27740
-27230
-27064
-26990
-26474
-26291
-26275
-26016
-25704
-25525
-25324
-25258
-24959
-24652
-24563
-24298
-24207
-24170
-24140
-23988
-23716
-23716
-23670
-23568
-23312
-23178
-22013
-21943
-21727
-21592
-21345
-21291
-21142
-21053
-20868
-20848
-20682
-20620
-20390
-20324
-20161
-20124
-20085
-19632
-19584
-19288
-19271
-19199
-18961
-18769
-18676
-18570
-18515
-18501
-18371
-18327
-18241
-17851
-17847
-17541
-17256
-17169
-16734
-16447
-16334
-16209
-15942
-15862
-15725
-15656
-15547
-15470
-15426
-15268
-14523
-14281
-14203
-14145
-13056
-12941
-12871
-12799
-12517
-12466
-12444
-12395
-12312
-12294
-12156
-12081
-11084
-11059
-10995
-10933
-10892
-10650
-9978
-9941
-9888
-9749
-9712
-9576
-9536
-9081
-8725
-7995
-7723
-7702
-7270
-7052
-6815
-6761
-6548
-6247
-6188
-6128
-6124
-6117
-5870
-5679
-5199
-5001
-4980
-4972
-4863
-4775
-4321
-4257
-3511
-3434
-3427
-3194
-3119
-2947
-2635
-2402
-2275
-2260
-2233
-1808
-1443
-1438
-1371
-1300
-1180
-1091
-1077
-977
-408
-143
-140
-127
214
1109
1182
1292
1517
1807
1835
1837
1886
2043
3059
3120
3503
3893
3987
4055
4066
4330
4461
4478
4603
4669
4703
4884
4951
5132
5509
5532
5578
6593
6845
6916
7673
8540
8594
9314
9354
9701
9713
9916
10012
10051
10219
10317
10457
10944
10979
11145
11787
11899
11945
12021
12116
12412
12581
12717
13267
13473
13687
14285
14548
14568
14755
14877
15270
15386
15407
15561
15673
15826
15854
16059
16078
16186
16213
16232
16466
16583
16729
16774
16945
17244
17397
17490
17514
17672
17760
18191
18563
18612
18638
18711
18720
18992
19125
19181
19205
19283
19713
19739
19869
19879
20215
20354
20497
20626
21023
21150
21369
21534
22345
22376
22523
22792
22799
23008
23014
23030
23059
23065
23369
23492
23618
23838
23879
23946
24065
24087
24377
24392
25207
25298
25666
25969
26019
26097
26309
26313
26400
26451
26466
26505
26625
26738
26792
27126
27660
27935
28224
28531
29043
29329
29861
30047
30239
30331
31186
31529
31644
31679
31696
31860
31861
32135
32196
32356
33331
33460
33749
33908
34723
34875
34940
35221
35646
35741
35891
36085
36255
36477
36727
37312
37772
37857
37863
37877
38083
38384
38474
38724
38932
39478
39521
39653
40304
40390
40556
40615
40767
41081
41126
41378
41479
42161
42819
43112
43292
43399
43427
43537
43624
43975
44125
44391
44426
44598
44787
45134
45240
45473
45752
46096
46624
47009
47285
47451
48360
48401
49397
49437
49534
49637
49951
50038
50266
50909
51021
51040
51764
51821
52073
52117
52189
52204
52224
52301
52487
52784
52827
52870
53143
53313
53430
53434
53573
53761
53816
53967
53995
54162
54288
54365
54400
54450
54631
54655
54752
54891
54902
54993
55124
55542
56161
56253
56622
56690
56914
56931
57215
57349
57482
57661
57673
57693
57886
57907
58225
58359
58789
58886
59191
59261
59544
59607
59798
59798
59824
59833
59968
60134
60456
60559
60746
60774
60967
61096
61293
61436
61499
61789
62067
62290
62381
62559
62711
63045
63223
63423
63436
63468
63605
64047
64113
64132
64308
64602
65193
65392
65654
65839
66113
66176
66223
66574
66983
67067
67088
67131
67873
68073
68340
68348
68422
68427
68472
68783
68931
69091
69167
69365
69439
69514
69621
69662
69813
70221
70644
70955
71722
71974
71983
72203
72502
72648
72714
72943
73121
73176
73226
73401
73425
73448
73845
73899
73939
74060
74199
74617
74952
75854
76141
76157
76306
76485
76785
76876
77093
77146
77748
77817
78682
79337
79461
79567
79596
79741
80221
80320
80470
80501
80633
80640
80759
80776
80952
81251
81278
81293
81483
81496
81504
81775
81782
81942
82390
83120
83161
83288
83625
83897
84209
84588
84725
84808
84891
85025
85304
85320
85394
85590
86641
86778
86999
87064
87143
87506
87678
87713
87747
88680
89330
89402
89480
90099
90318
90838
91109
91171
91387
91719
91774
92182
92331
92686
92911
93099
93142
93505
93961
94025
94829
94870
95223
95472
95510
95785
95876
96188
96568
96837
96847
96891
96951
97011
98151
98385
98465
98744
98997
99314
99344
99521
99695