-99956
-99877
-99868
-99743
-99705
-99452
-98999
-98685
-98468
-98449
-98332
-98028
-97608
-97588
-97559
-97162
-97143
-96473
-96172
-96049
-95835
-95673
-95558
-95190
-94666
-94422
-94329
-93736
-93444
-93117
-92928
-92837
-92652
-92537
-92321
-92301
-92188
-92078
-92002
-91928
-91260
-90787
-90344
-90230
-90146
-89961
-89619
-89431
-89429
-89189
-89112
-89093
-89013
-88998
-88916
-88728
-88537
-88431
-88416
-88374
-88351
-88238
-88208
-88109
-87943
-87891
-87794
-87659
-87607
-87575
-87548
-87506
-87381
-86769
-86554
-86516
-86404
-86279
-86254
-86166
-86138
-86050
-85971
-85932
-85885
-85786
-85479
-84795
-84769
-84655
-84366
-84280
-84170
-84117
-83860
-83499
-83355
-83021
-82906
-82888
-82748
-82624
-82394
-82251
-82096
-81710
-81541
-81483
-81285
-81106
-81051
-80838
-80655
-80501
-80366
-80042
-79980
-79975
-79927
-79473
-79448
-79020
-78687
-78518
-78378
-77815
-77151
-76812
-76644
-76439
-76235
-75770
-75365
-75199
-74693
-74511
-74285
-74237
-73731
-73664
-73432
-73262
-73190
-73042
-73019
-72843
-72617
-72407
-72267
-72118
-71686
-71634
-71545
-71346
-71274
-71262
-71193
-71143
-70945
-70922
-70918
-70908
-70833
-70823
-70662
-70372
-70331
-70030
-69899
-69852
-69772
-69748
-69252
-68863
-68369
-68168
-67702
-67217
-67211
-66992
-66337
-65747
-65746
-65681
-65580
-65580
-65579
-65506
-64992
-64681
-64665
-64521
-64349
-64322
-64269
-64228
-64188
-63743
-63604
-63551
-63282
-63279
-62798
-61687
-61598
-61510
-61466
-61405
-61280
-60998
-60860
-60279
-60208
-59449
-59285
-59033
-58884
-58716
-58594
-58576
-58232
-58140
-58114
-57815
-57692
-57626
-56613
-56509
-56446
-56306
-56033
-55686
-55646
-55548
-55457
-54836
-54833
-54776
-54701
-54664
-54609
-54496
-53884
-53778
-53775
-53383
-53182
-52999
-52989
-52770
-52495
-52478
-52438
-52220
-52168
-51279
-50694
-50645
-50636
-50589
-50057
-50010
-49968
-49933
-49924
-49702
-49693
-49670
-49310
-49242
-49212
-49181
-48993
-48888
-48800
-48758
-48693
-48574
-48548
-48511
-47954
-47916
-47731
-47443
-47334
-46889
-46804
-46763
-46563
-46544
-46524
-46237
-45973
-45906
-45754
-45614
-45513
-45426
-45390
-45262
-45157
-45077
-44995
-44967
-44564
-44447
-44139
-44019
-44007
-43960
-43874
-43787
-43691
-43660
-43591
-42666
-42286
-42093
-41631
-41243
-41187
-41182
-41177
-40053
-39956
-39699
-39501
-39492
-39412
-38998
-38910
-38747
-38666
-37861
-37629
-37296
-37239
-37114
-37095
-36983
-36904
-36865
-36817
-36729
-36441
-36309
-36087
-36018
-35835
-35721
-35361
-35305
-35261
-35140
-34860
-34833
-34538
-34465
-34259
-33695
-33664
-33320
-33068
-32432
-32291
-32098
-31764
-31370
-31273
-31231
-31126
-30972
-30859
-30823
-30719
-30430
-30177
-29984
-29929
-29865
-29617
-29592
-29430
-29413
-29063
-28929
-28842
-28809
-27979
-27963
-27952
-27790
-27431
-27113
-26861
-26697
-26586
-26391
-26059
-25883
-25763
-25392
-25144
-24683
-24361
-24167
-23914
-23816
-23742
-23483
-23100
-22774
-22742
-22335
-22331
-22186
-21857
-21769
-21724
-21623
-21462
-20705
-20613
-20541
-20445
-20342
-20059
-19962
-19941
-19912
-19779
-19108
-19068
-19034
-18768
-18207
-18189
-17875
-17404
-16803
-16644
-16508
-16413
-16188
-15938
-15620
-15293
-15129
-14992
-14809
-14659
-14407
-14354
-14343
-14046
-13971
-13839
-13828
-13618
-13567
-13557
-13242
-13234
-12915
-12852
-12767
-12670
-12403
-12342
-12052
-11936
-11793
-11124
-11105
-10780
-10741
-10475
-10328
-10236
-9807
-9416
-9347
-9133
-9045
-7632
-7490
-7164
-6721
-6691
-6531
-6282
-6200
-5995
-5595
-5332
-5198
-5128
-4974
-4971
-4839
-4698
-4306
-3818
-3505
-3486
-3433
-2635
-2096
-1718
-1482
-1255
-1229
-1054
-241
-96
61
148
189
721
1012
1666
1748
2486
2639
2721
2734
3057
3165
3374
3670
3747
4178
4241
4465
4503
5136
5183
5454
5547
5609
5759
5811
6252
6634
6903
7064
7141
7496
7500
7607
7766
7934
8269
8280
8845
9108
9744
10858
10960
10971
10999
11093
11132
11351
11355
11856
11988
12121
12418
12564
12718
13203
13937
14021
14235
14420
14421
14432
14511
14662
14828
15454
15474
15550
15742
15782
15853
16068
16328
16739
16861
17077
17271
17308
17501
17847
17885
18036
18293
18357
18431
18537
19409
19509
19535
19635
19945
20049
20071
20132
20547
20638
20973
21045
21290
21363
21393
21491
21774
21995
22063
22163
22435
22720
23179
23218
23347
23668
23740
23962
24242
24382
24471
24511
24519
24988
25374
25481
25536
26107
26821
26889
26954
27045
27257
27350
27500
27613
27632
27810
27824
28230
28480
29098
29306
29612
30017
30090
30247
30346
30436
30653
30751
30855
30995
31113
31757
31796
32015
32069
32347
32474
32518
32802
33343
33467
33607
33810
34495
34529
34616
34644
34874
35433
35880
36144
36178
36501
37118
37386
37653
37654
37952
38087
38299
38548
38629
38638
38682
38839
38927
38980
39157
39352
39659
39909
39968
40467
40602
41137
41158
41671
41939
43600
43815
44290
44337
44929
44978
45113
45216
45379
45505
45613
45755
45853
45912
46091
46222
46345
46419
46542
46606
47414
47537
47624
47666
47718
48002
48074
48505
48923
48947
49642
50051
50163
50250
50394
50405
50445
50467
51121
51238
51495
51813
52292
52393
52412
52654
52754
52806
52959
53317
53365
53467
53672
54050
54306
54357
54657
54688
54793
54826
54835
54841
55002
55022
55063
55354
55379
55451
55859
55930
56419
56516
56972
57023
57559
57661
58110
58377
58520
59056
59327
59438
59506
59577
59664
59853
59953
60273
60768
60853
60922
61067
61287
61421
61453
61577
61624
61684
61709
61816
61909
61963
62168
62398
62641
62879
63745
64203
64293
64586
64659
64862
65032
65427
65985
66030
66382
66436
66440
66618
66799
67023
67064
67153
67355
67540
67813
67880
67916
67950
68001
68342
68495
68590
68633
69622
69848
69872
70006
70214
70268
70429
70791
71234
71278
71417
71517
71543
71752
71952
72069
72112
72318
72689
72856
73049
73103
73947
74011
74065
74385
74457
74525
74804
74824
74985
75109
75205
75400
75615
75690
75860
75904
76005
76020
76143
76310
76741
76946
77339
77740
77740
77786
77801
78230
78253
78282
78885
79115
79211
79712
80199
80880
80901
81281
81306
81537
81564
81637
81739
81872
82155
82239
82247
82260
82343
82520
83362
83653
83670
83970
84318
84750
85053
85112
85236
85444
85491
85532
85533
85579
85808
85925
86126
86138
86686
86928
86996
87769
87818
87856
88531
88560
88676
88858
88955
89058
89106
89322
89344
89424
89766
90002
90141
90497
90752
90935
91045
91274
91372
91480
91971
92165
92371
92429
92552
92631
92962
93601
93735
93762
93812
94006
94235
94423
94657
94790
94944
95158
95185
95290
95531
96082
96125
96271
96350
96549
97003
97076
98242
98522
98759
99010
99617
99632
99783
99821