-100000
-99804
-99764
-99702
-99690
-99410
-98864
-98631
-98290
-98210
-98190
-97948
-97524
-97333
-97234
-97081
-96534
-96371
-96289
-95653
-95496
-95468
-95392
-95334
-95048
-94849
-94143
-94058
-94008
-93510
-93403
-93326
-93150
-92924
-92814
-92778
-92665
-92651
-92602
-92427
-92383
-92293
-92087
-92061
-91917
-91818
-91723
-91607
-91578
-91442
-90768
-90757
-90692
-90272
-90070
-89941
-89832
-89689
-89505
-89442
-89440
-89418
-89252
-89181
-89126
-89020
-88765
-88481
-87841
-87770
-87705
-87633
-87338
-87232
-86989
-86893
-86600
-86431
-86372
-86246
-86176
-86124
-85931
-85916
-85758
-84843
-84595
-84116
-83835
-83742
-83540
-83341
-83105
-82780
-82712
-82587
-82322
-82281
-82119
-81848
-81630
-81549
-81336
-81131
-80715
-80685
-80317
-79517
-79417
-78761
-78568
-78434
-78333
-78298
-78239
-78024
-77804
-77006
-76780
-76458
-76188
-76036
-75540
-75444
-75413
-75404
-75373
-75266
-74948
-73983
-73403
-72798
-72701
-72417
-72212
-71674
-71575
-71497
-71496
-71315
-70966
-70893
-70843
-70810
-70801
-70783
-70475
-70221
-69978
-69956
-69936
-69907
-69415
-68943
-68856
-68727
-68383
-68358
-67929
-67586
-67419
-67330
-67298
-66829
-66141
-65946
-65863
-65713
-65604
-65005
-64984
-64931
-64676
-64552
-64403
-64379
-63930
-63382
-63320
-62868
-62773
-62483
-62429
-62269
-61567
-61535
-61483
-61469
-61233
-61053
-61049
-61030
-61018
-60971
-60838
-60725
-60192
-60076
-59967
-59802
-59084
-59076
-58796
-58794
-58439
-58410
-58166
-58051
-58004
-57956
-57663
-57330
-57258
-57242
-56915
-56472
-56142
-55876
-55351
-55212
-55187
-54015
-53960
-53955
-53875
-53310
-53106
-52931
-52694
-52395
-51632
-51459
-51444
-51376
-51361
-51346
-50614
-50393
-50358
-50199
-49983
-49944
-49281
-49155
-48872
-48631
-48503
-48228
-48170
-48126
-47953
-47807
-47706
-47221
-47166
-47114
-46997
-46974
-46858
-46573
-46496
-46209
-46200
-46194
-44691
-43968
-43903
-43674
-43191
-43092
-43053
-43005
-42291
-42202
-41998
-41980
-41861
-41598
-41080
-40968
-40695
-40613
-40561
-40551
-39188
-39127
-39085
-38955
-38838
-38416
-38284
-38194
-38052
-38045
-37889
-37840
-37720
-37563
-37067
-37057
-37019
-36898
-36620
-36057
-35936
-35711
-35665
-35553
-35548
-35519
-35225
-35203
-34938
-34792
-34668
-34504
-34414
-34032
-34017
-33985
-33568
-33458
-33321
-33147
-32772
-32768
-32645
-32114
-31756
-31596
-31592
-31473
-31209
-31065
-31052
-30788
-30660
-29750
-29718
-29479
-29305
-29137
-29119
-28186
-27849
-27766
-27411
-27353
-27347
-27153
-26604
-26416
-26414
-26379
-26249
-26199
-26073
-26035
-25994
-25845
-25366
-25338
-24841
-24533
-24446
-24209
-24183
-24149
-24064
-23796
-23482
-23423
-23382
-23134
-22783
-22069
-21978
-21858
-21813
-21808
-21763
-21707
-21513
-21421
-21109
-20751
-20524
-20232
-19617
-19355
-19344
-19304
-19080
-18690
-18681
-18663
-18481
-18306
-17883
-17864
-17837
-17794
-17540
-17216
-16624
-16515
-16393
-16342
-15732
-15330
-15304
-15109
-15021
-14672
-14599
-14584
-14420
-14117
-14116
-13438
-13149
-13066
-12949
-12671
-12515
-11760
-11749
-11713
-11519
-11431
-11204
-11092
-10563
-10327
-10124
-10116
-9874
-9720
-9670
-9637
-9379
-9201
-9201
-8896
-8703
-8571
-8403
-8135
-8128
-7891
-7354
-7089
-6532
-6424
-6322
-6220
-6073
-6014
-5892
-5857
-5610
-5527
-5290
-5228
-5136
-4954
-4789
-4551
-4549
-4189
-4129
-4091
-3776
-3396
-3097
-2983
-2929
-2898
-2604
-2562
-1977
-1907
-1555
-881
-758
-645
-568
-329
-209
-100
272
310
315
525
633
676
897
934
1178
1536
1924
2136
2287
2359
2421
2697
2812
2846
3170
3174
3302
3419
3591
3617
3899
4248
4313
4378
4558
5141
5175
5390
5687
6338
6569
6698
6771
7426
8424
8562
8948
9021
9044
9096
9149
9165
9482
9534
10268
10708
10720
10740
10766
10870
11046
11194
11234
11264
11285
11927
12210
12338
12631
13010
13391
13650
13814
13816
14043
14148
14404
14449
14502
14710
15102
15282
15557
15561
15614
15691
16303
16481
16590
16659
16711
16809
16827
16829
17290
17290
17415
17585
17777
17823
17872
17879
18119
18204
18264
18995
19284
19668
19905
20846
20912
21085
21180
21350
21416
21628
22369
22641
23398
23842
24102
24262
24622
24668
24744
24882
25067
25319
25350
25385
25727
25904
26094
26152
26445
26624
26810
26855
26880
26942
27812
28727
29677
29925
30778
30943
31332
31442
31551
31834
32443
32517
32639
32906
33385
33484
33547
33928
34193
35018
35022
35187
35198
35251
35425
35492
35565
35576
36087
36175
36482
36937
37335
37408
37465
37705
38516
38742
38772
39061
39171
39352
39635
39657
39889
39948
40125
40353
40421
40447
40542
40578
40635
40830
41042
41048
41065
41557
41661
42018
42290
42782
43018
43041
43096
43500
43552
43600
43721
43915
44003
44062
44079
44868
45078
45150
45225
45387
45416
45477
45670
45672
45691
45694
45858
45866
46140
46162
46251
46366
46491
46580
46612
46670
46679
46872
47099
47342
47466
47514
47586
48079
48301
48430
48662
48889
48970
49097
49301
49306
49594
49819
50034
50352
50491
50496
50705
50758
50961
51246
51345
51404
51530
51723
51772
51779
51971
52349
52416
52485
52676
52677
52849
53332
53507
53644
53763
53928
54054
54330
54438
54772
54921
55269
55651
55702
55747
55769
55882
56306
56352
56525
56634
56711
57484
57564
57970
57989
58081
58105
58322
58373
58448
58684
58787
58862
58981
59227
59267
59579
59745
59933
59956
60067
60408
60475
60572
60751
60789
60967
60979
61409
61569
61682
61763
61803
61936
62064
62315
62558
62652
63170
63627
63918
64028
64112
64162
64279
64322
64411
64544
64980
64995
65022
65389
65581
65661
65715
65871
65915
66350
66760
67000
67284
67330
67475
67902
67935
68076
68241
68322
68640
69107
69147
69473
69473
69610
69734
69791
69910
69918
70146
70539
70798
70912
71012
71244
72104
72286
72505
72568
72732
72796
72846
72998
73869
73878
73958
74086
75328
75454
76175
76360
76845
76990
77175
77330
77333
77398
77922
78403
78785
78946
79258
79477
79540
79560
79642
79698
80000
80062
80072
80336
80652
81036
81092
81113
81178
81384
81458
81630
81859
82003
82134
82142
82151
82214
82297
82358
82717
82990
83360
83531
83559
83694
83734
84626
84869
85197
85310
85426
86017
86311
86665
86833
87017
87089
87224
87274
87315
87372
87433
87438
87730
87744
87870
88178
88231
88295
88483
88795
88810
89417
89788
90056
90290
90481
90754
90873
91353
91527
91527
91566
91988
92112
92190
92674
92902
92993
93271
93277
93432
93521
93593
93635
93635
93757
93975
94013
94332
94336
94515
94695
95007
95252
95262
95413
95481
95974
96040
96195
96675
96939
98003
98095
98322
98372
98514
98543
98593
98692
98836
98902
99130
99587
99998