-99736
-99654
-99579
-99353
-99302
-99197
-98275
-97995
-97725
-97611
-97528
-97518
-97361
-96827
-96586
-96196
-96168
-96151
-95864
-95535
-95399
-94386
-94381
-94082
-93850
-93612
-93282
-93230
-92170
-91915
-91833
-91829
-91811
-91628
-91453
-91042
-90960
-90909
-90667
-90600
-90472
-90218
-89931
-89894
-89885
-89683
-89517
-89391
-89067
-88884
-88865
-88800
-88432
-88423
-88235
-88103
-88076
-87730
-87550
-87412
-87411
-87211
-87165
-86919
-86899
-86774
-86238
-85132
-84924
-84780
-84646
-84324
-84184
-84018
-83993
-83551
-83276
-83155
-82671
-82646
-82492
-82315
-82302
-82061
-81723
-81236
-81208
-80616
-80303
-80206
-79717
-79706
-79580
-79564
-79237
-78736
-78514
-78255
-78193
-77923
-77577
-77124
-76838
-76118
-76009
-76006
-75826
-75591
-75569
-75426
-75354
-75268
-74958
-74954
-74760
-74605
-74252
-73920
-73388
-73145
-72551
-72446
-72384
-72224
-72201
-71890
-71766
-71510
-71461
-71147
-70993
-70850
-70826
-70742
-70454
-70405
-70273
-70007
-69996
-69985
-69966
-69400
-69357
-69330
-69119
-68944
-68809
-68720
-68652
-68534
-68515
-68425
-67995
-67933
-67871
-67797
-67505
-67442
-67255
-67217
-67167
-67087
-66627
-66602
-66323
-65736
-65645
-65548
-65204
-65128
-65008
-65006
-64832
-64822
-62730
-62522
-62349
-62148
-61945
-61778
-61646
-61449
-60936
-60910
-60831
-60373
-60304
-59900
-59857
-59773
-59677
-59655
-59278
-59019
-58986
-57729
-57142
-56802
-56652
-56156
-56044
-55632
-55447
-55333
-55328
-55295
-55130
-55044
-54837
-54693
-54646
-54412
-54369
-54080
-53895
-53651
-53248
-52767
-52750
-52014
-51966
-51901
-51695
-51172
-51089
-50962
-50850
-50336
-50206
-49895
-49730
-49609
-49544
-49234
-49148
-48929
-48792
-48407
-48270
-47550
-47455
-47356
-47253
-47167
-47009
-46873
-46838
-46530
-46476
-46353
-46258
-45907
-45825
-45733
-45604
-45564
-45125
-44852
-44170
-43957
-43516
-43238
-42921
-41929
-41925
-41874
-41828
-41724
-41662
-41645
-41478
-41169
-40958
-40820
-40730
-40677
-40644
-40636
-40209
-39921
-39768
-39615
-39275
-39118
-38763
-38508
-38493
-38486
-38425
-38232
-38103
-38089
-38049
-38022
-37867
-37782
-37431
-37289
-37246
-36363
-36259
-35943
-35901
-35771
-35722
-35706
-35388
-34682
-34600
-34264
-33992
-33805
-33664
-33622
-33586
-33463
-33372
-32973
-32874
-32865
-32839
-32730
-32541
-32353
-32282
-32204
-31933
-31836
-31567
-31188
-31075
-30894
-30698
-30552
-30492
-29002
-28598
-28461
-28279
-28066
-28043
-28006
-27948
-27927
-27881
-27423
-27327
-27272
-27119
-27093
-26990
-26769
-26607
-26482
-26076
-25452
-25341
-24809
-24777
-24582
-24513
-24173
-24147
-24139
-24040
-23989
-23971
-23897
-23486
-23363
-23259
-23154
-22643
-22599
-22455
-22239
-22183
-22176
-21786
-21526
-21100
-21095
-20987
-20811
-20014
-19930
-19792
-19417
-19156
-19067
-18924
-18886
-18798
-18751
-18583
-18519
-18401
-18248
-18153
-17871
-17581
-17327
-17216
-16871
-16730
-16519
-16399
-15966
-15861
-15303
-15239
-15206
-15153
-14869
-14625
-14001
-13633
-12950
-12878
-12761
-12702
-12592
-12352
-12309
-12267
-11798
-11652
-11557
-11495
-11464
-11418
-11260
-11167
-11163
-10788
-10644
-10131
-10101
-10069
-10008
-9599
-9525
-9388
-9071
-8933
-8858
-8813
-8733
-8177
-7875
-7862
-7818
-7597
-7572
-7563
-7345
-7108
-7051
-6787
-6666
-6287
-6246
-6055
-5756
-5479
-5406
-5353
-5286
-4986
-4869
-4766
-4630
-4520
-4474
-4199
-3984
-3913
-3535
-3345
-3323
-3158
-2530
-2411
-2239
-1942
-1743
-1523
-1368
-1255
-1187
-1180
-1128
-1006
-1004
-955
-820
-811
-622
-564
-143
77
116
230
268
303
347
467
568
579
581
660
856
1016
1054
1227
1488
1859
2325
2328
2589
3291
3323
3411
3676
3858
3879
3905
3937
4160
4201
4452
4516
4863
5761
5786
6032
6079
6516
6604
6730
6923
6978
7095
7643
8017
8044
8084
8399
8684
8915
8977
9025
9168
9401
9684
9712
9826
9880
10139
10968
11024
11122
11190
11732
11819
12159
12213
12270
12287
12743
13742
13851
13859
14029
14052
14068
14151
14204
14293
14484
14513
15507
15784
15820
16054
16165
16230
16296
16310
16431
16449
17170
17782
17978
18138
18275
18297
18455
18605
18815
18954
19227
19264
19538
19576
20041
20335
21065
21271
21703
21854
22121
22136
22296
22391
22463
22592
22614
22779
23080
23807
23826
23922
24012
24050
24115
24143
24458
24533
24838
24921
25026
25139
25655
25668
25672
25693
25840
26028
26141
26581
26697
26942
26959
27250
27296
28036
28127
28388
28624
28749
28844
29169
29432
29451
30101
30210
30501
30512
30727
30760
30923
30954
31294
31605
31613
31702
31790
32179
32337
32393
32681
32792
32973
33022
33508
33548
34028
34196
34270
34317
34335
34609
34922
34953
35141
35217
35395
36092
36468
36496
36513
36807
37123
37186
37580
37616
37845
37897
37977
38080
38236
38538
38733
39063
39477
39542
39695
40141
40247
40420
40667
41007
41516
42266
42269
42336
42416
42481
42547
42617
42656
42699
43092
43244
43450
43534
43600
43774
43873
43875
43944
43948
43976
44050
44572
44575
44633
44833
44858
45299
45330
45367
45446
45764
46042
46305
46417
46472
47496
47790
47966
47973
48202
48310
48340
48493
49349
49603
50185
50345
50533
50558
50699
50774
50783
50847
51179
51523
51812
51889
51945
51976
52343
52755
53012
53104
53114
53530
54076
54162
54379
54396
54552
54629
55045
55175
55237
55342
55463
55474
55746
56006
56010
56045
56211
56215
57001
57171
57241
57394
57686
57867
58224
58246
58294
58302
58824
59064
59088
59267
59380
59716
59902
60136
60712
60717
60780
61020
61228
61339
61476
62462
62778
62802
62954
63126
63731
63853
64129
64142
64191
64280
65042
65675
65774
66155
66203
66476
66484
66644
67016
67173
67224
67350
67740
67750
67992
68096
68181
68383
68689
69071
69073
69276
70147
70193
70234
70240
70261
70294
70418
70480
70690
70874
71156
71255
71437
71685
71710
71816
71951
72572
72704
72750
72889
72954
73183
73452
73500
73785
73846
74583
74594
74779
74791
74982
75072
75263
75453
75724
76161
76222
77284
77313
77487
77679
77715
77856
77914
78434
78486
78837
79032
79042
79647
79682
79687
80219
80323
80469
80475
80750
81007
81222
81269
81354
81646
81663
82166
82206
82589
82706
82801
82949
83264
84014
84205
84299
84394
84874
85392
85432
85464
87236
87490
87513
87561
87736
87845
88143
88319
88437
89159
89409
89421
89929
89993
90148
90293
90433
91053
91245
91298
91300
91552
91665
91684
91972
92025
92143
92144
92585
92748
92944
92994
93741
93799
93957
94199
94272
94323
94369
94516
94582
94737
95016
95075
95252
95360
95540
95593
95704
95723
96068
96385
96640
96929
97059
97070
97598
97634
97907
98086
98716
99018
99238
99470
99784
99875