-99970
-99839
-98963
-98575
-98552
-97907
-97668
-97583
-97199
-96983
-96565
-96257
-96122
-96087
-95998
-95947
-95923
-95893
-94794
-94349
-93894
-93838
-93413
-93283
-93026
-92895
-92835
-92733
-92416
-92110
-91699
-91400
-91302
-90884
-90846
-90725
-90711
-90395
-90148
-89879
-89557
-89528
-89390
-89361
-89285
-89269
-87407
-87372
-87347
-87289
-87236
-87058
-86856
-86445
-86233
-86184
-86081
-85890
-85736
-85734
-85536
-85071
-84874
-84867
-84711
-84259
-84217
-84189
-83553
-82719
-82605
-82496
-82469
-82450
-82126
-81837
-81406
-81396
-81271
-80789
-80764
-80647
-80203
-80189
-80087
-79598
-79410
-79405
-79291
-78963
-78748
-78631
-77776
-77498
-77210
-77091
-77044
-77006
-76970
-76800
-76732
-76711
-76618
-76356
-76292
-75964
-75935
-75239
-74986
-74919
-74738
-74250
-74114
-73593
-73402
-73103
-73073
-72865
-72547
-72351
-72290
-71704
-71244
-70856
-70846
-70808
-70541
-70119
-69829
-69597
-69287
-69162
-68965
-68900
-68680
-68156
-68147
-68076
-67852
-67215
-66964
-66624
-66508
-66469
-66457
-66387
-66332
-66090
-65916
-65626
-65410
-64810
-64275
-64190
-63766
-63305
-63123
-62969
-62922
-62824
-62431
-62273
-62164
-62066
-61852
-61819
-61684
-61341
-60810
-60454
-60381
-60376
-60217
-60143
-59987
-59739
-59326
-59133
-59054
-58824
-58760
-58693
-58208
-58110
-58087
-58058
-57484
-57452
-57177
-57126
-55869
-55705
-55610
-55508
-55434
-55354
-55352
-55331
-55003
-54904
-54875
-54519
-54351
-54317
-54191
-54158
-53998
-53948
-53908
-53907
-53662
-53534
-53191
-53140
-52928
-52696
-52658
-52648
-52585
-52557
-52524
-52427
-52271
-52216
-51747
-51581
-51188
-51147
-51071
-50488
-50486
-50311
-50259
-50236
-50207
-50140
-50012
-49962
-49883
-49699
-49129
-48974
-48847
-48719
-48497
-48273
-48125
-48107
-48048
-48002
-47929
-47911
-47684
-47609
-47531
-47413
-46968
-46924
-46842
-46386
-46208
-45996
-45746
-45496
-45476
-45407
-45332
-45216
-45187
-45030
-44638
-44325
-43817
-43669
-43548
-42412
-42386
-42082
-41454
-41291
-41291
-41274
-41123
-41099
-40897
-40810
-40356
-40350
-40073
-39691
-39670
-39383
-39227
-39125
-38722
-38551
-38531
-38517
-37708
-37702
-37634
-37345
-37198
-36494
-36241
-36099
-35969
-35278
-34955
-34317
-34082
-33829
-33730
-33525
-33086
-32984
-32952
-32762
-32432
-32261
-32008
-31995
-31669
-31464
-31414
-31401
-31237
-31228
-31120
-31022
-30778
-30774
-30238
-30216
-29801
-29496
-29471
-29291
-29250
-28954
-28943
-28876
-28632
-28608
-28443
-28170
-27859
-27594
-27575
-27470
-27073
-26340
-25680
-25654
-24714
-24708
-24671
-24576
-24458
-24239
-24196
-24162
-23990
-23862
-23691
-23647
-23644
-23366
-23309
-22809
-22710
-22436
-22407
-22339
-22179
-21979
-21866
-21816
-21797
-21531
-21207
-21171
-20651
-20535
-20477
-20439
-20335
-19898
-19497
-19204
-19123
-19075
-19067
-18443
-18324
-18044
-17055
-17032
-17020
-16707
-16543
-16378
-16263
-16180
-15792
-15355
-15174
-15135
-14968
-14910
-14859
-14641
-14138
-14038
-14012
-13796
-13463
-13458
-13383
-13320
-13299
-13194
-12853
-12393
-12377
-12364
-12230
-12069
-11895
-11522
-11414
-11043
-10315
-9974
-9774
-9656
-9373
-9349
-9238
-9112
-8980
-8902
-8786
-8219
-8192
-8188
-8073
-7509
-6740
-6597
-6404
-6303
-6069
-6015
-5905
-5762
-5749
-5718
-5696
-5621
-5176
-5092
-4800
-4672
-4607
-4390
-3958
-3954
-3789
-3506
-3125
-2633
-2498
-2497
-2298
-2289
-1870
-1869
-1621
-1601
-1448
-887
-824
-706
-223
28
586
821
906
1036
1222
1274
1359
1483
1527
1782
1851
2056
2098
2272
2342
2556
2825
2974
3126
3151
3605
3789
4670
4787
4861
4884
4899
4966
5069
5179
5887
6260
6608
6680
6834
6836
6952
7061
7137
7160
7226
7259
7747
7936
8259
8465
9106
9253
9317
9389
9398
9454
9705
9875
10148
10354
10833
10925
11078
11219
11569
11688
11948
12489
12757
12767
12816
12946
13063
13171
13222
13296
13437
13792
13808
14090
14813
14831
14935
14992
15049
15159
15245
15302
15476
15556
15645
15960
16059
16256
16296
16326
16350
16907
17013
17133
17306
17314
17321
17698
17806
18367
18426
18446
18460
19726
19796
20128
20945
21287
21358
21660
21999
22022
22129
22162
22207
22258
22408
22418
22508
22602
22886
23235
23262
23273
23278
23749
24166
24393
24397
24399
25073
25101
25265
25281
25441
25491
25558
25753
25870
26011
26016
26123
26642
27086
27138
27540
27562
27571
27690
27869
27990
28037
28253
28290
28299
28539
28575
28651
28725
28793
29076
29653
29708
30414
30656
30742
30797
30885
31024
31074
31681
31730
31801
31906
32156
32263
32379
32429
32429
32886
32893
33099
33105
33189
33260
33355
33476
33568
33684
33746
33878
34198
34366
34558
34682
35000
35205
35216
35541
35838
35853
36226
36316
36337
36416
36581
36613
37275
37359
37708
37912
38217
38311
38357
38630
38813
38960
39050
39736
40211
40516
40613
40618
41062
41165
41373
41373
41454
41607
41718
41786
42062
42129
42315
42530
42873
43141
43187
43394
43494
43802
43823
44051
44100
44617
44772
45018
45308
45670
45897
45955
46097
46249
46320
46324
46449
46471
46589
46703
47114
47368
47826
48108
48173
48266
48297
48310
48455
50195
50195
50278
50375
50411
51061
51103
51196
52563
52758
52806
53063
53197
53291
53900
53911
53944
53957
54014
54082
54119
54295
54402
54593
54957
55028
55073
55077
55568
55578
55996
56429
56552
56616
56822
56904
57253
57416
57459
57529
57560
57792
58060
58149
58170
58819
59037
59040
59145
59199
59273
59626
60467
60472
60482
60634
60882
61000
61018
61197
61340
61572
61581
61698
61822
62893
63027
63029
63070
63085
63290
63995
64023
64026
64206
64309
64436
64787
65463
65592
65921
66265
66359
66374
66696
66840
66939
67162
67332
67428
67443
67463
67574
67632
67919
68160
68184
68428
68643
69078
69451
69547
69678
69712
69721
69783
70058
70080
70229
70231
70362
70419
70533
70554
70575
70697
72103
72923
73575
74805
75212
75610
75684
75742
75783
75900
76493
76602
76697
76703
76739
76835
77027
77500
77687
77861
78071
78187
78222
78287
78315
78773
79028
79080
79124
79145
79491
79682
79721
79947
80063
80744
80961
80971
81107
81176
81218
81288
81581
81797
81841
82141
82239
82264
82506
83915
84107
84432
84598
84699
85135
85209
85220
85402
85472
85479
85750
86761
86867
87077
87191
87227
87259
87816
88206
88364
88444
88445
88559
88798
88884
88946
89169
89208
89312
89401
89504
89606
90106
90229
90423
90450
91149
91170
91481
91883
91963
92280
92326
92560
92635
93224
93301
93349
93352
93517
93960
94001
94067
94590
94972
95052
95081
95231
95300
95388
95568
95764
96110
96126
97112
97223
97247
97324
97943
98007
98461
98563
98643
98787
98952
99303
99586
99765