-99195
-99166
-98871
-98570
-98485
-98080
-97822
-97687
-97466
-97274
-97024
-96852
-96687
-96519
-96373
-96323
-95841
-95838
-95763
-95385
-95324
-95314
-95266
-95097
-94440
-94429
-94196
-93880
-93495
-93127
-92691
-92399
-91952
-91493
-91393
-91241
-90978
-90858
-90810
-90238
-89980
-89914
-89899
-89236
-89075
-88896
-88376
-88369
-88247
-88170
-87524
-87481
-87447
-87144
-87049
-86947
-86683
-86592
-86544
-86480
-86075
-85910
-85819
-85683
-85567
-85528
-85316
-85255
-85148
-85086
-84926
-84897
-84823
-84291
-84082
-83895
-83634
-83379
-83145
-82894
-82501
-81988
-81857
-81739
-81567
-80591
-80465
-80309
-80228
-79996
-79743
-79635
-79332
-79219
-79043
-78867
-78820
-78761
-78184
-78173
-78159
-77905
-77629
-77140
-77115
-77066
-77063
-76796
-76715
-76486
-76078
-75988
-75970
-75916
-75752
-75508
-75488
-75298
-75104
-74657
-74403
-74341
-74092
-74021
-73254
-72822
-72820
-72476
-72088
-71978
-71946
-71823
-71742
-71672
-71542
-71529
-71190
-70562
-70487
-69851
-69653
-69635
-69388
-69168
-68864
-68483
-68343
-68232
-68145
-67957
-67806
-67249
-67088
-67075
-66999
-66758
-66716
-66648
-66378
-66377
-66270
-66217
-66070
-66050
-66039
-66002
-65656
-65167
-64697
-64686
-64644
-64428
-64416
-64058
-63774
-63770
-63690
-63611
-63084
-63049
-62922
-62799
-62610
-62322
-62258
-62128
-61997
-61990
-61726
-61695
-61649
-61612
-61338
-61274
-60919
-60880
-60783
-60729
-60410
-60269
-60199
-60132
-59895
-59502
-59332
-59010
-58537
-58525
-58482
-58416
-58289
-58044
-57947
-57869
-57564
-57430
-57405
-56930
-56152
-55822
-55757
-55702
-55683
-55661
-55619
-55283
-55127
-54754
-54545
-54345
-54295
-54274
-53464
-53459
-53302
-52755
-52575
-52530
-52210
-51859
-51848
-51681
-51319
-51203
-51010
-50899
-50855
-50707
-50227
-50226
-49748
-49512
-49411
-49197
-49191
-48704
-48561
-48333
-48113
-48108
-47480
-47413
-47312
-47166
-47152
-46555
-46415
-46332
-46273
-46002
-45929
-45686
-45625
-45475
-45355
-45243
-45200
-45008
-44763
-44623
-44567
-44181
-44164
-44059
-43677
-43442
-42932
-42921
-42718
-42217
-42083
-42052
-41710
-41690
-41646
-41167
-41100
-40912
-40840
-40202
-39655
-39350
-39331
-39070
-38864
-38812
-38669
-38615
-38499
-38351
-38260
-38260
-38142
-38011
-37695
-37513
-37444
-37393
-37078
-36795
-36448
-36169
-36116
-35658
-35631
-35447
-35156
-35007
-34886
-34683
-34591
-34091
-33833
-33690
-33537
-33469
-33404
-33354
-33345
-33181
-32093
-32011
-31915
-31664
-31576
-31391
-31148
-31104
-30847
-30379
-30373
-29713
-29429
-29429
-29384
-29299
-28958
-28477
-28379
-28210
-28173
-28012
-27565
-27428
-27034
-26825
-26594
-26082
-25987
-25779
-25672
-25296
-24934
-24870
-24790
-24553
-24384
-24175
-24156
-24065
-23830
-23610
-23603
-23484
-23482
-23374
-23368
-23120
-23013
-22771
-22380
-22247
-22231
-22162
-22136
-21969
-21880
-21832
-21803
-21432
-20937
-20933
-20851
-20740
-20515
-20417
-20342
-19981
-19567
-19227
-19016
-18906
-18697
-18696
-18607
-18202
-18063
-17957
-17932
-17261
-17238
-17133
-17008
-16775
-16753
-16575
-16290
-16256
-15862
-15821
-15807
-15504
-15486
-15416
-14983
-14686
-14615
-14324
-14260
-14110
-13814
-13615
-13223
-13193
-13094
-12974
-12886
-12800
-12757
-12437
-12063
-11322
-11128
-11104
-10997
-10653
-10171
-9700
-9639
-9171
-8839
-8798
-8535
-8502
-8362
-8295
-7472
-7370
-6851
-6626
-6008
-6007
-5774
-5568
-5533
-5337
-5248
-5165
-4781
-4743
-4558
-4476
-4278
-4112
-3809
-3705
-3613
-3493
-2476
-2401
-2316
-2107
-1961
-1932
-1678
-1529
-1421
-1418
-1399
-1353
-1049
-808
-146
73
118
179
404
1186
1195
1247
1419
1534
1548
1642
1708
1870
1932
2058
2265
2333
2541
2884
3061
3240
3513
4078
4082
4137
4248
4255
4472
4825
4841
4892
5285
5287
5520
5664
6130
6248
6444
6620
7157
7752
8339
8406
8609
8664
8894
8970
9543
9623
9704
9800
9823
10009
10133
10267
10446
10577
10676
10805
10812
11943
12329
12344
12752
12756
13165
13177
13218
13244
13715
13716
13852
14409
14926
15218
15455
15506
15920
16286
16639
16737
17461
17887
18019
18031
18294
18337
18355
18405
18814
18912
19057
19448
19682
19924
20026
20066
20287
20719
21275
21316
21800
21926
22275
22435
22475
22901
22922
23091
24269
24287
24472
24888
24966
24976
25057
25730
25803
25860
26912
26994
27721
28103
28234
28276
28441
28622
28647
28991
29094
29336
29353
29581
29678
29794
29947
30078
30360
30404
30931
31159
31475
31676
31684
31821
32701
32767
32933
32975
33231
33278
33344
33521
33778
33950
33972
34029
34118
34236
34644
34821
35062
35198
35777
36114
36348
36574
36823
36835
36879
37126
37163
37501
37857
38316
38450
38596
38683
39330
39676
40128
40141
40161
40434
40538
40700
40756
40945
40960
41189
41231
41770
42425
42531
42538
42702
42749
43054
43078
43122
43171
43250
43639
43651
43712
43782
44011
44092
44181
44316
44334
44499
44733
44773
44788
44827
44945
45106
45263
45283
45289
45535
45777
46425
46505
46533
47296
48019
48026
48147
48469
48604
48628
48735
48819
48851
48855
48864
49071
49081
49141
49161
49255
49285
49374
49428
49495
49515
50260
50409
50594
51376
51891
51962
52089
52190
52433
52562
52796
52925
52955
53139
53565
53789
53820
54272
54441
54650
54925
54932
54998
55139
55217
55225
55396
55450
55492
55631
55712
55866
56036
56322
56721
57029
57338
57608
57950
58216
58577
58815
58851
59527
59558
59570
59648
59931
60103
60194
60397
60408
60905
60923
61031
61267
61649
61724
61852
62090
62091
62282
62405
62475
62571
62628
62739
62750
63318
63950
64261
64303
64544
65320
65763
65827
66338
66368
66425
66526
66735
66801
67208
67213
67289
67471
67503
67852
67951
68093
68580
68931
68948
69177
69310
69391
69403
69432
69538
70043
70146
70553
70618
70717
70813
70865
71196
71229
71244
71416
71688
71905
71905
72004
72475
72885
73207
73335
73672
74712
74751
74794
75005
75179
75298
75409
75445
75892
76227
76433
76661
76683
76850
77043
77370
77452
77498
77667
77971
78484
79133
79174
79235
79677
79688
79929
80072
80171
80175
80192
80405
80636
81398
82090
82293
82316
82334
82549
83034
83037
83151
83178
83187
83506
84041
84116
84186
84270
84281
84366
84379
84401
84479
84701
84832
84855
85422
85458
85680
85793
86045
86063
86510
86576
86654
86764
87102
87236
87321
87468
87874
87907
88210
88269
88297
88388
88575
88781
89481
89508
89804
90049
90272
90314
90322
90556
90986
91079
91481
92045
92095
92323
92392
92572
92583
92661
93044
93832
93998
94112
94230
94416
94807
94886
94898
95085
95287
95519
95870
95898
95940
96419
96573
96660
96959
97200
98143
98415
98502
98934
99035
99226
99484
99491
99512
99679
99718
99773
99913