-99983
-99934
-99593
-99530
-99399
-99328
-99293
-99189
-98984
-98625
-98544
-98436
-98356
-97476
-97108
-97071
-97050
-96883
-96564
-95997
-95889
-95654
-95591
-95466
-95231
-95102
-95027
-94918
-94576
-94292
-93892
-93660
-93492
-93310
-93247
-93106
-92778
-92761
-92184
-92123
-91918
-91697
-91585
-91558
-91458
-91387
-91349
-91223
-90739
-90264
-89964
-89705
-89597
-89589
-89344
-88832
-88716
-88482
-88366
-88243
-88005
-87751
-87711
-87615
-87563
-87412
-87102
-87034
-86830
-86753
-86673
-86493
-86202
-86158
-86140
-85988
-85945
-85881
-85517
-85184
-85018
-84816
-84527
-84443
-84075
-83936
-83623
-83596
-83134
-83011
-82943
-82749
-82722
-81908
-81337
-81326
-81242
-81104
-80272
-79887
-79707
-79596
-79451
-79028
-78980
-78181
-78000
-77906
-77870
-77831
-77653
-77043
-77021
-76629
-76258
-75873
-75796
-75699
-75571
-75557
-75280
-75185
-75075
-74946
-74663
-74345
-74186
-73692
-73560
-73086
-72634
-72407
-72322
-72225
-72222
-71923
-71662
-71615
-71210
-70717
-70440
-70327
-70089
-69943
-69748
-69705
-69622
-69604
-69130
-68391
-68130
-67579
-67179
-66562
-66131
-66128
-66034
-65985
-65741
-65497
-65333
-65224
-65221
-65109
-65026
-64955
-64847
-64620
-64393
-64157
-64132
-64046
-63838
-63714
-63106
-62788
-62709
-62404
-62298
-62071
-61772
-61722
-61678
-61586
-61480
-61012
-60297
-60272
-60239
-59867
-59790
-59613
-59198
-58942
-58753
-58653
-58645
-58412
-58239
-57982
-57884
-57527
-57407
-57098
-56875
-56816
-56244
-55878
-55394
-55209
-54868
-54496
-54424
-54073
-53989
-53894
-53692
-53430
-53361
-53300
-53271
-53169
-52821
-52593
-52257
-51637
-51503
-51399
-51267
-51092
-51056
-50905
-50685
-50577
-50544
-50456
-50416
-50221
-49425
-49403
-49331
-48949
-48800
-48720
-48414
-48410
-47929
-47915
-47703
-47590
-47578
-47521
-47440
-46925
-46457
-46442
-46309
-46162
-46106
-46041
-45995
-45934
-45842
-45746
-45685
-45635
-45621
-45481
-45293
-45136
-45091
-44530
-44271
-43619
-43192
-43167
-42641
-42584
-42377
-42304
-41995
-41749
-41661
-41594
-41593
-41352
-41168
-41063
-41050
-40979
-40829
-40789
-40638
-40638
-40514
-40416
-40178
-40122
-40052
-39834
-39803
-39119
-39098
-39092
-38985
-38772
-38643
-38638
-38600
-38575
-38540
-38055
-38051
-37699
-37648
-37486
-37372
-37256
-36927
-36898
-36737
-36378
-36329
-36099
-35551
-35157
-33783
-33742
-33490
-33455
-33402
-33074
-32858
-32660
-32567
-32549
-32280
-32231
-32177
-32049
-31999
-31861
-31243
-30777
-30745
-30611
-30359
-30053
-29678
-29589
-29456
-29404
-29372
-29357
-28966
-28946
-28901
-28279
-27825
-27610
-27516
-27221
-26994
-26706
-26531
-26389
-26075
-25459
-25450
-25251
-25128
-25091
-25084
-24988
-24686
-24678
-24619
-24392
-24351
-23712
-23644
-23470
-23382
-23339
-23152
-22755
-22546
-22285
-22131
-21690
-21538
-21486
-21366
-21265
-21242
-21221
-21163
-21120
-21084
-21049
-21029
-20389
-18895
-18657
-18391
-18310
-18198
-18156
-17254
-16742
-16657
-16368
-16288
-16051
-15996
-15889
-15740
-15529
-15423
-15379
-14924
-14884
-14881
-14791
-14261
-14122
-13824
-13771
-13570
-13392
-12997
-12956
-12708
-12662
-11869
-11704
-11652
-11629
-11311
-10905
-10797
-10773
-10762
-10598
-10580
-10478
-10444
-10246
-10205
-10109
-9877
-9573
-9542
-9114
-9002
-8949
-8930
-8887
-8155
-7912
-7744
-7628
-7609
-7605
-7399
-7393
-7091
-6449
-6370
-6336
-6246
-6139
-6013
-5984
-5710
-5532
-4797
-4785
-4505
-4444
-4352
-4330
-4272
-4038
-3964
-3869
-3752
-3489
-3193
-3106
-2932
-2778
-2399
-2103
-1950
-1778
-1666
-1357
-1278
-809
-639
-502
-349
248
273
277
293
368
853
1233
1243
1564
1679
1684
2074
2260
2446
2726
2901
3149
3507
4256
4292
4405
4748
5048
5056
5264
5327
5593
5730
5821
6182
6730
6833
6848
6968
7088
7446
7668
7934
8282
8496
8645
9112
9229
9265
9737
9825
9862
9947
10086
10100
10129
10588
10747
10866
11216
11319
11521
11640
11785
11879
11972
12190
12401
12652
12782
13085
13131
13354
13483
13788
13889
14018
14298
14419
14791
14953
15144
15167
15247
15335
15469
15644
15688
16149
16302
16440
16503
16752
17619
17624
17689
17912
18062
18064
18869
18888
19114
19120
19260
19301
19421
19457
19794
19914
20038
20100
20579
21234
21663
21758
22089
22243
22294
22318
22526
22893
23199
23746
25021
25088
25229
25239
25425
26446
26874
27224
27665
27798
27825
27952
28388
28418
28684
28772
29018
29957
29959
30216
30622
30748
30836
30941
30952
31646
31958
32790
33014
33056
33470
33482
33866
34039
34411
34526
35196
35442
35761
35926
36109
36721
36889
36948
37307
37359
37559
37567
37855
38263
38349
38571
38592
38607
38974
38987
39134
39190
39247
39491
39510
39746
39796
39808
39842
40111
40323
40362
40486
40720
40833
41181
41533
41565
41691
42622
42748
43227
43441
43591
43766
43851
43957
43980
44024
44047
44184
44192
44588
44619
44677
44763
44817
44824
45173
45539
45678
45855
46077
46596
46611
46833
46834
47680
47712
47845
47858
47934
48192
48705
48814
49006
49110
49195
49393
49815
49987
50132
50256
50469
50984
51082
51597
52411
52636
53153
53479
53915
54017
54021
54030
54221
54248
54667
54757
54866
54991
55134
55275
55314
55368
55423
55493
55797
56446
56448
56938
56966
57109
57132
57463
57486
57621
57727
57738
57900
58061
58157
58629
58645
58705
58798
58832
58972
59236
59313
59314
59527
59556
59621
59830
59956
60279
60311
60790
60869
60964
61301
61302
61394
61439
61488
61529
61708
61717
61893
61918
62053
62127
62428
62521
62604
62874
62935
63459
64010
64151
64321
64910
64969
65229
65350
65499
65828
65878
66034
66106
66926
67043
67237
67360
67402
67844
67851
68044
68140
68157
68658
68761
68827
69100
69119
69278
69429
69457
69707
69855
69941
70008
70220
70234
70418
70940
71018
71328
71391
71674
71849
72378
72647
72775
72986
73138
73294
73295
73725
73801
73887
74128
74562
75078
75301
76033
76218
76263
76578
76744
77057
77075
77321
77335
77409
77464
77595
77632
77641
77667
77759
77775
77792
77798
77894
77954
77994
78313
78444
78563
78646
78828
79137
79193
79525
79724
80231
80428
80493
80541
80635
80664
80690
80973
81174
81508
82035
82134
82798
82931
83131
83554
83662
83672
83799
84191
84442
84503
84613
84733
84818
86174
86322
86656
86703
86878
87000
87002
87018
87133
87661
87752
88381
88805
88956
89201
89652
89821
90029
90128
90174
90238
90550
91023
91441
91596
91650
91676
91730
91884
92025
92065
92164
93251
93581
93672
93740
93870
94057
94172
94207
94250
94265
94334
94456
94623
94967
95103
95149
95277
95293
95332
95445
95757
95894
95957
96201
96489
96567
96824
96950
97053
97206
97466
97615
97651
98387
99130
99163
99207
99474
99771