-99787
-99562
-99499
-99493
-99163
-99117
-98896
-98859
-98816
-98430
-98248
-97726
-97503
-97123
-96984
-96545
-96189
-96101
-96071
-95874
-95350
-95298
-95141
-94998
-94895
-94847
-94769
-94606
-94528
-94386
-94354
-94324
-94185
-94009
-93580
-93517
-93474
-93272
-93257
-93234
-93048
-92957
-92851
-92775
-92457
-92374
-92308
-91777
-91075
-90986
-90332
-90221
-90135
-90101
-90089
-89976
-89783
-89643
-89445
-89386
-89237
-89110
-88679
-88486
-88445
-88242
-87839
-87766
-87554
-87360
-86968
-86824
-86111
-86110
-85871
-85685
-84928
-84342
-83931
-83394
-83284
-82855
-82815
-82752
-82731
-82607
-82258
-82235
-81856
-81299
-81018
-80756
-80628
-80549
-80403
-80315
-80032
-79575
-79057
-78989
-78929
-78819
-78787
-78636
-78186
-77706
-77364
-77181
-76911
-76837
-75799
-75788
-75353
-75335
-75277
-75194
-75045
-74790
-74684
-74622
-74545
-74442
-73999
-73850
-73687
-73485
-73073
-73008
-72975
-72469
-72422
-72216
-72163
-71429
-71243
-71047
-70752
-70679
-70458
-70159
-69839
-69463
-69377
-69361
-69311
-68877
-68745
-68034
-67840
-67676
-67613
-66953
-66895
-66879
-66741
-66683
-66675
-66642
-66442
-66355
-66239
-66102
-66006
-65912
-65468
-65413
-65106
-64765
-64644
-64339
-64301
-64124
-63978
-63949
-63799
-63771
-63646
-63547
-63482
-63006
-62968
-62954
-62901
-62490
-62385
-62297
-62267
-62220
-61956
-61771
-61759
-61568
-61314
-61075
-60994
-60910
-60686
-60670
-60432
-60195
-59425
-59415
-59103
-58796
-58433
-58429
-58022
-57653
-57381
-57248
-57029
-56851
-56556
-56542
-56220
-56130
-55922
-55417
-55273
-55225
-54457
-54167
-54077
-54034
-53503
-53451
-53418
-53278
-53083
-53037
-52658
-52598
-52442
-52298
-52174
-51666
-51524
-51427
-51311
-50856
-50800
-50482
-50251
-50166
-50039
-49977
-49637
-49199
-49023
-49006
-48618
-48569
-48105
-48070
-48024
-47881
-47735
-47623
-47590
-47336
-47208
-46970
-46607
-46236
-46126
-46054
-45891
-45853
-45684
-45170
-43620
-43588
-43462
-43253
-42645
-42572
-42473
-41699
-41634
-41578
-41562
-41496
-41451
-41207
-41077
-41043
-40667
-40500
-40193
-39789
-39727
-39702
-39463
-39313
-38981
-38805
-38577
-37520
-37498
-37179
-37106
-36978
-36928
-36754
-36596
-36318
-36189
-36117
-35670
-35530
-35481
-35329
-35315
-34900
-34757
-34621
-34564
-34548
-34243
-34186
-33949
-33797
-33729
-33553
-33526
-33487
-33467
-33310
-33149
-33058
-32973
-32962
-32866
-32602
-32423
-32224
-31725
-31627
-31442
-31304
-31203
-30876
-30857
-30811
-30437
-29964
-29715
-29662
-29482
-28948
-28855
-28841
-28838
-28468
-28461
-28208
-27942
-27918
-27847
-27763
-26932
-26868
-26748
-26568
-26529
-26481
-26296
-26224
-25779
-25148
-25051
-24761
-24525
-24237
-24224
-24176
-24150
-24067
-24013
-23697
-23682
-23504
-23174
-22943
-22710
-22568
-22526
-22516
-22347
-22297
-22047
-21946
-21397
-21056
-21020
-20949
-20674
-20639
-20618
-20577
-20513
-20379
-20157
-20091
-19964
-19745
-19728
-19618
-19201
-19179
-18021
-17880
-17604
-17470
-17174
-17155
-16936
-16927
-16831
-16581
-16372
-16231
-16059
-16055
-15812
-15566
-15551
-15146
-14861
-14839
-14768
-14766
-14761
-13961
-13921
-13556
-12994
-12942
-12811
-12563
-12170
-11544
-11389
-11372
-11196
-10933
-10551
-10369
-9922
-9500
-9472
-8923
-8682
-8584
-8133
-7833
-7789
-7769
-7432
-7330
-6901
-6856
-6678
-6653
-6497
-6236
-6041
-5874
-5086
-5024
-5012
-4736
-4479
-4428
-4176
-4158
-4137
-3283
-2638
-2546
-2208
-2041
-2036
-1961
-1757
-1639
-1380
-1132
-309
-226
-173
185
230
1099
1308
1332
1672
1705
1707
2613
2646
2781
2876
2997
3110
3293
3469
3515
3525
3596
3868
4094
4265
4354
4576
4591
4760
4947
5065
5227
5230
5232
5449
5470
5762
6429
6458
6545
6951
7238
7604
7674
7779
8049
8732
9153
9208
9511
9746
9934
10221
10500
11119
11242
11934
11956
12352
12534
12575
12689
12980
13006
13266
13350
13394
13416
13572
13772
13773
13925
14160
14431
14742
14874
15060
15073
15192
15411
15466
15499
16020
16758
16811
17019
17135
17161
17433
17794
17980
18068
18609
18883
19504
19599
20202
20264
20752
21043
21203
21354
21423
21827
21872
22085
22134
22358
23130
23429
23809
23809
23934
24103
24321
24334
24550
24647
25103
25161
25543
25554
25718
25770
25865
26362
26509
26581
26631
26660
27645
28272
28356
28375
28594
28665
28744
29056
29124
29367
29471
29602
29610
29754
29966
30242
30503
30817
30843
31021
31123
31437
31551
31661
31685
31736
32178
32387
32488
33364
33365
33665
33970
34310
34404
34637
34713
34802
34864
35048
35060
35145
35222
35366
35403
35409
35565
35862
35892
35920
36113
36251
36351
36454
36616
36917
37923
38160
38198
38655
38923
39234
39410
39500
39516
40252
40253
40512
40557
40626
40937
40986
41612
41698
41899
42038
42235
42465
42465
42497
42532
43092
43387
43472
43524
43524
43640
43712
43926
44044
44158
44431
44805
45175
45295
45318
45642
45678
45830
45880
46046
46061
46517
46659
46669
47484
47580
47846
48068
48293
48441
48499
48556
48642
48805
48896
48906
49071
49459
49558
50063
50097
50104
50144
50236
50439
50443
51416
51611
52355
53239
53551
53658
53698
54225
54262
54442
54693
54919
54952
55521
55592
55608
55639
55651
55898
55985
56005
56364
56447
56478
56509
56585
56611
56851
56866
57068
57178
57310
57443
57545
57956
58401
58410
58745
58812
59591
60096
60314
60333
60370
60494
60526
60579
60656
60755
60795
60877
60954
60978
61086
61136
61623
61624
61806
61963
62276
62478
62893
64023
64089
64154
64308
64592
64825
64931
65055
65152
65290
65386
65430
65437
65459
66465
66755
68007
68099
68217
68309
68391
68622
68667
68922
68931
69060
69146
69190
69583
69675
69695
69799
69899
69939
70268
70400
70784
70889
70910
70978
71090
71954
72217
72305
72347
72640
72902
72918
72981
72988
73112
73193
73474
73494
73625
73699
73825
73903
74015
74094
74140
74271
74744
74955
74961
75197
75370
75844
75978
76377
76405
76519
76602
76749
76749
76813
77021
77036
77063
77073
77246
77330
77357
77785
77883
78346
78574
78678
78891
78978
79150
79284
79831
80109
80591
81426
81569
82016
82241
82267
82281
82347
82405
82571
83354
83431
83442
83591
84038
84141
84659
84776
84956
85506
85965
85967
86137
86482
86567
86690
87200
87341
87779
88131
88284
88410
88549
88743
89009
89010
89088
89232
89396
89599
89605
89675
89872
90340
90449
90641
90659
90725
90802
90870
90942
91317
91532
92461
92666
93039
93310
93343
93393
93413
93444
93555
93623
93652
93663
93678
93881
94166
94236
94663
94713
94728
94791
95102
95231
95486
95556
96007
96180
96216
96503
96796
96797
97247
97315
97351
97443
97509
97511
97872
97981
98437
98461
98523
99048
99075
99535
99662
99855