-99660
-99604
-99527
-99335
-99202
-98951
-98910
-98889
-98064
-97840
-97654
-97520
-97381
-97372
-97226
-97166
-97106
-97043
-96972
-96735
-96494
-96303
-96215
-96071
-96050
-95846
-95663
-95527
-95467
-95442
-95322
-95126
-95082
-95037
-95016
-94939
-94365
-94178
-93806
-93610
-93356
-93008
-92391
-92170
-91985
-91936
-91898
-90756
-90699
-90533
-90348
-89477
-89473
-89447
-89419
-89303
-89293
-89157
-89079
-88413
-88196
-88101
-87781
-87717
-87558
-87124
-86995
-86968
-86923
-86621
-86485
-86314
-85781
-85740
-85505
-85318
-85314
-84977
-84971
-84837
-84600
-84485
-83908
-83884
-83579
-83530
-83313
-82919
-82602
-82513
-82371
-82364
-82272
-82161
-81917
-81308
-81267
-81111
-81064
-81034
-80386
-80307
-80278
-79904
-79077
-78713
-78620
-78551
-78367
-78085
-77949
-77265
-77096
-76562
-76334
-75535
-75373
-75033
-74695
-74417
-74405
-73925
-73812
-73753
-73634
-73628
-73315
-73150
-72728
-72476
-72386
-70853
-70628
-70559
-69568
-69519
-69467
-69347
-69331
-69323
-69276
-69162
-68742
-68640
-68203
-68114
-67989
-67691
-67467
-67301
-67132
-66700
-66643
-66441
-66320
-66211
-66091
-66022
-65782
-65687
-65656
-65553
-65485
-65391
-65338
-65064
-64875
-64536
-64298
-64291
-64261
-64058
-63858
-63704
-62817
-62735
-62685
-62634
-62610
-62582
-62488
-62293
-62072
-61936
-61746
-61554
-61373
-60655
-59924
-59687
-59409
-59317
-59274
-59117
-58985
-58913
-58385
-58252
-58075
-57672
-56320
-56233
-55968
-55915
-55212
-54884
-54609
-54447
-54332
-54314
-53615
-53588
-53397
-53339
-53034
-52844
-52267
-52116
-52098
-51866
-51509
-51346
-50957
-50730
-50700
-50684
-50457
-50329
-50229
-50069
-49826
-49704
-49653
-49558
-49482
-49405
-49054
-48969
-48263
-48015
-47881
-47821
-47782
-47773
-47647
-47346
-47245
-46782
-46405
-46233
-46149
-45919
-45886
-45759
-45757
-45664
-45637
-45515
-45431
-45292
-45193
-45083
-45048
-44817
-44678
-44489
-44292
-44229
-44158
-43693
-43691
-43522
-43521
-43466
-43439
-43363
-43112
-42965
-42506
-42021
-41976
-41898
-41739
-41221
-41112
-41063
-41062
-40933
-40402
-40179
-40119
-39744
-39648
-39534
-39438
-39246
-39155
-39146
-38754
-38728
-38657
-38572
-38568
-38372
-38285
-38205
-37972
-37829
-37794
-37053
-36991
-35919
-35917
-35562
-35539
-35139
-34443
-33625
-33598
-33421
-33304
-33168
-33151
-32866
-32784
-32757
-32718
-32119
-32089
-31919
-31843
-31809
-31689
-31560
-31553
-31486
-31387
-31292
-31258
-31054
-31043
-30757
-30728
-30536
-30510
-30362
-29947
-29507
-29482
-29474
-29451
-28666
-28493
-28391
-28293
-28263
-28196
-28085
-27964
-27718
-27320
-27137
-26932
-26694
-26631
-26565
-26284
-26064
-25828
-25625
-25375
-25068
-25037
-24808
-24758
-24757
-24659
-24289
-23849
-23626
-23583
-23505
-23430
-23234
-23206
-23091
-22894
-22798
-22746
-22696
-22388
-21701
-21599
-21556
-21546
-21519
-21494
-21109
-21097
-20886
-20827
-20789
-20695
-20683
-20570
-20511
-19890
-19748
-19516
-19293
-19068
-19037
-18120
-17959
-16863
-16797
-16496
-16056
-15802
-15468
-15257
-15009
-14904
-14495
-14495
-14043
-13400
-13088
-12703
-12650
-12259
-11919
-11761
-11732
-11593
-11038
-10772
-10743
-10712
-10588
-10278
-9977
-9816
-9722
-9282
-9277
-9165
-9059
-8925
-8790
-8697
-8588
-8467
-8120
-7852
-7713
-7708
-7426
-7402
-7185
-6957
-6760
-6219
-6105
-5652
-5531
-5250
-5146
-4702
-4645
-4469
-4370
-4021
-3994
-3569
-2743
-2650
-2556
-2335
-2240
-1599
-993
-703
-629
-581
-189
158
210
322
334
526
664
729
1063
1210
1934
1997
2462
2463
2667
2746
3003
3070
3101
3219
3830
4252
4270
4816
4867
5129
5173
5324
5489
5501
5512
5657
5727
5834
5991
6053
6389
7228
7248
7469
7617
7804
8168
8212
8457
9740
9778
9790
9930
10091
10091
10102
10280
10378
10798
10813
11086
11272
11333
11359
12216
12248
12694
12963
13257
13402
13536
13686
13721
13796
14074
14155
14723
15006
15030
15642
15651
15704
15856
15952
16503
16644
16801
17725
17805
18007
18177
18312
18378
18527
18588
18840
18857
19111
19447
19631
19675
20080
20756
20801
20852
21088
21165
21356
21498
22144
22203
22377
22379
22410
22560
22958
22995
23210
23559
23562
23726
23785
23998
24049
24095
24162
24432
24572
24627
24894
25002
25003
25034
25509
25640
25651
25655
25785
26001
26216
26490
26670
27173
27333
27774
27837
27936
28773
29140
29181
29203
29286
29469
29711
29754
29780
30050
30226
30228
30666
30918
31147
31380
31432
31502
31830
32026
32246
32658
32801
32939
33766
33961
34109
34325
34500
34590
34918
35012
35202
35218
35557
35967
35975
36011
36170
36966
37070
37356
37400
37541
38010
38256
38389
38548
38582
39092
39224
39293
39311
39313
39379
39541
39725
39760
40261
40423
40481
40509
40559
40887
40896
41131
41137
41196
41451
41679
41834
42186
42241
42355
42509
42819
42886
43516
43630
43980
44569
45002
45007
45471
45545
45618
45702
45786
45893
46027
46246
46295
46332
46335
46596
46713
46763
46769
46820
46889
46908
47032
47144
47312
47452
47655
47786
47834
48187
48734
48843
48884
49419
49487
49705
49937
50508
50535
50752
51134
51800
51977
52022
53050
53661
53873
53911
53915
53973
54073
54188
54325
54330
54355
54465
54893
54975
55230
55643
55818
55904
56059
56251
56364
56530
56533
56607
56729
56773
56906
57017
57063
57237
57441
57503
57789
57828
57856
58089
58307
58395
58665
58716
59101
59523
59577
59653
59764
60004
60251
60376
60630
60721
60878
60927
61219
61289
61465
61524
61700
62178
62527
62593
62661
63025
63047
63567
63730
63855
64256
64624
64707
64758
64800
64890
65345
65639
65717
65954
65958
66401
66467
66714
66990
67030
67303
67473
67530
67560
67949
68043
68074
68161
68266
68587
68619
68808
68911
69547
69632
69642
69683
69931
70330
70392
70458
70709
70783
70810
70915
70971
71004
71404
71524
71586
71695
71850
71927
72133
72135
72642
72929
73501
73576
73760
74296
74402
74714
74865
75052
75306
75308
75528
75672
75676
75780
76045
76089
76271
76325
76589
76972
77413
77594
77647
77793
78008
78038
78241
78696
78804
78811
79255
79436
79703
80008
80188
80226
80338
80349
80936
81208
81222
81236
81290
81368
81659
81967
81982
82432
82593
82655
83206
83395
83528
83595
83609
83725
83904
83910
83923
84275
84277
84310
84315
84349
84976
85510
85897
86139
86237
86316
86394
86553
86793
86824
87233
87258
87303
87749
88067
88187
88191
88365
88981
89236
89373
89575
89875
90211
90244
90644
90727
91876
92008
92351
92357
92615
92660
92814
92828
93111
93277
93526
93777
94676
95726
95843
95949
96013
96300
96353
96752
96861
97081
97220
97360
97390
97734
97824
97897
98061
98413
98493
98497
98709
98718
98731
99049
99072
99605
99701