-99767
-99760
-99746
-99633
-99072
-98851
-98400
-98352
-98311
-98231
-97707
-97644
-97568
-97535
-97470
-97429
-97372
-97269
-96990
-96686
-96550
-96394
-96173
-96023
-95947
-95858
-95674
-95513
-95353
-95330
-95176
-95128
-94986
-94915
-94911
-94882
-94848
-94801
-94364
-94332
-94233
-94175
-93563
-93356
-92925
-92817
-92381
-91644
-91548
-91361
-91144
-91029
-91006
-90799
-90641
-90627
-90123
-89784
-89698
-89686
-89670
-89486
-89379
-88732
-88257
-87619
-87553
-87342
-86869
-86792
-86493
-86292
-86263
-86036
-85857
-85685
-85504
-85397
-85214
-84934
-84131
-84125
-83979
-83917
-83838
-83612
-83394
-83207
-83097
-83045
-82810
-82721
-82708
-82429
-82360
-81844
-81832
-81275
-80913
-80887
-80846
-80496
-80062
-79339
-79336
-79184
-79022
-78896
-78409
-78044
-77720
-77648
-77582
-77529
-77482
-77425
-77269
-77234
-77079
-77047
-77023
-76892
-76817
-76555
-76435
-76250
-76194
-76143
-76078
-76075
-76016
-75850
-75684
-75581
-75260
-75259
-74954
-74923
-74757
-74670
-74345
-74341
-74182
-74015
-73801
-73758
-73722
-73556
-73130
-72920
-72908
-72886
-72655
-72583
-71982
-70715
-70520
-70343
-70198
-70005
-69476
-69464
-68854
-68804
-68513
-68331
-68238
-68197
-68005
-67807
-67765
-67480
-67460
-66876
-66407
-66235
-66136
-66028
-65997
-65518
-65478
-65314
-64806
-64612
-64152
-63921
-63871
-63628
-63607
-63532
-63088
-62702
-62623
-62619
-62524
-62367
-62167
-62165
-61889
-61880
-61840
-61757
-61158
-61155
-61104
-60772
-60568
-60426
-60267
-59810
-59302
-58482
-58353
-58343
-58330
-58232
-58067
-58005
-57532
-57507
-57149
-57116
-57026
-56878
-56719
-56512
-56321
-56320
-55873
-55621
-55408
-55037
-54788
-54760
-54561
-54423
-54223
-54072
-53915
-53827
-53265
-53132
-53059
-52750
-52721
-52385
-52273
-52025
-51989
-51388
-51143
-51129
-51118
-50827
-50750
-50573
-50568
-50493
-50432
-50092
-49810
-49746
-49491
-49462
-49272
-49130
-48586
-48336
-48333
-48305
-48132
-48011
-47926
-47897
-47764
-47727
-47719
-47543
-47486
-47412
-47088
-46944
-46899
-46898
-46829
-46822
-46104
-45983
-45969
-45404
-45356
-44113
-44107
-43956
-43779
-43668
-43565
-43540
-43322
-43227
-43145
-42841
-42560
-42504
-42353
-41815
-41242
-41234
-41065
-39923
-39661
-39586
-39335
-39131
-38251
-38078
-37883
-37836
-37822
-37743
-36800
-36558
-36328
-36053
-35765
-35739
-35275
-35086
-34910
-34889
-34834
-34691
-34667
-34522
-34496
-34317
-33944
-33837
-33728
-33705
-33464
-33160
-32865
-32785
-32683
-32423
-32306
-31959
-31775
-31378
-31332
-30787
-30426
-30124
-30083
-29823
-29656
-29630
-29330
-29215
-29207
-29111
-28966
-28726
-28476
-28091
-27969
-27908
-27445
-27349
-27073
-26341
-26256
-25847
-25362
-25242
-25236
-25182
-25129
-24827
-24491
-24329
-24223
-23859
-23544
-23417
-23364
-23045
-22642
-22601
-22312
-22113
-21912
-21740
-21321
-20993
-20512
-20344
-20279
-20014
-19712
-19294
-18033
-17916
-17610
-16713
-16649
-16547
-16286
-15439
-15391
-15348
-15333
-14846
-14554
-13928
-13769
-13393
-13390
-13324
-13083
-12516
-11977
-11889
-11821
-11453
-11185
-10579
-10354
-10342
-10025
-9298
-9291
-8785
-8702
-8647
-8512
-8327
-8156
-8111
-8093
-7945
-7872
-7837
-7572
-7436
-6968
-6572
-6265
-6150
-6042
-5973
-5644
-5068
-4985
-4880
-4771
-4649
-4429
-3977
-3917
-3493
-3472
-3392
-3370
-2834
-2715
-2708
-2625
-2607
-2447
-2070
-2037
-2008
-1766
-1481
-1365
-1348
-1066
-832
-602
-404
-395
-24
70
211
363
456
700
1010
1039
1166
1188
1257
1362
1553
1609
1997
2643
2861
3001
3050
3072
3200
3413
3629
3833
4241
4536
4596
4639
4727
4904
5151
5321
5511
6046
6334
6400
6549
6645
6704
7401
7436
7490
7789
8217
8222
8304
8493
8631
8753
8765
8772
9564
9615
9913
10311
10318
10391
10736
10836
10882
11012
11071
11276
11721
12003
12026
12132
12231
12625
13086
13208
13264
13496
13686
13897
13991
14290
14447
15329
15514
15580
15643
15907
16075
16241
16277
16386
16486
16779
17045
17157
17831
17939
18104
18281
18587
18953
19080
19492
19857
20202
20227
20529
21300
22061
22425
22484
22582
22732
22777
22794
23208
23506
23869
24062
24172
24444
24465
24548
24889
24978
25187
25234
25236
26196
26449
26601
26630
26694
26772
26887
27572
27635
28026
28355
28449
28469
28617
28692
28778
28930
29039
29202
29509
29599
29624
29724
29800
29927
30084
30101
30251
30252
30392
30423
30645
30865
30890
31278
31360
31525
31696
31827
32435
32524
32624
32625
32643
32657
32661
32824
32831
33264
33452
33519
33770
33797
33928
34362
34384
34722
34726
34765
34809
34922
35096
35189
35218
35340
35374
35441
35749
36119
36170
36648
36710
37981
38099
38141
38291
38645
38746
39091
39136
39192
39520
39659
39779
39920
39936
39999
40002
40062
40222
40231
41159
41514
41571
41648
41688
41743
41825
42112
42360
42648
42732
42842
42933
42996
43012
43392
43533
44275
44567
44714
44794
44949
45584
45745
45864
45886
45929
46010
46165
46535
47010
47206
47442
47875
47982
48013
48884
49060
49518
49814
50168
50239
50304
50383
50507
50525
50667
50825
51172
51384
51439
51817
51895
52067
52161
52586
52878
53069
53109
53248
53288
53924
54252
54715
55622
56024
56040
56180
56684
56692
56863
56961
57010
57271
57349
57426
57435
57558
58444
58459
58734
59246
59381
59443
59622
59650
59667
59867
60182
60604
60915
61078
61299
61312
61753
62351
62522
62546
62740
63224
63893
64176
64409
64536
64575
64684
64805
64834
64840
65282
65544
65719
66166
66405
66646
66677
66735
66760
66963
66976
67020
67160
67246
67327
67585
67773
68056
68110
68561
68677
68883
68910
69106
70036
70270
70285
70522
70694
70738
70851
70996
71297
71491
71600
71620
71700
71715
71732
71835
72208
72311
72313
72342
72360
72372
72718
72984
73101
73260
73609
73784
74119
74246
75250
75268
75564
75672
75733
75778
75846
76125
76189
76221
76554
76668
76704
77008
77097
77195
77525
77942
78121
78136
78390
78452
78495
78510
79121
79242
79318
79483
79874
79937
80412
80631
80924
81055
81318
82140
82470
82931
83070
83102
83382
83412
83684
83861
83926
84027
84688
84789
84979
85226
85257
85291
85332
85474
85707
85976
85998
86110
86254
86456
86476
86596
86715
86788
87211
87597
87615
87966
87970
88116
88311
88690
88734
89269
89404
89770
90224
90386
90470
90480
90796
90810
90916
91579
91613
91640
91834
91834
92154
92436
92441
92521
92855
93285
93627
93757
93765
93773
93825
93889
93984
94174
94189
94292
94404
94455
94812
94912
95175
95279
95580
95591
95790
96039
96210
96243
96497
96558
96991
97344
97413
97527
97660
97748
97825
97882
98352
98376
98660
98696
98753
98836
98913
99239
99269
99381
99422
99868
99993