-99974
-99912
-99828
-99827
-99521
-99448
-99443
-99307
-99254
-99126
-99070
-98966
-98919
-98599
-98357
-98340
-98093
-97714
-97510
-97273
-97178
-97123
-96816
-96651
-96610
-96569
-96446
-96352
-95889
-95870
-95517
-95315
-95262
-95114
-94701
-94658
-94377
-94282
-94033
-93631
-93524
-93347
-93233
-92683
-92641
-92621
-92481
-92365
-92319
-92236
-92193
-91917
-91910
-91856
-91802
-91712
-90348
-90168
-89883
-89666
-89657
-89444
-89419
-89328
-89251
-89246
-89184
-89178
-88919
-88841
-88690
-88538
-88477
-88386
-88329
-88019
-87866
-87716
-87426
-87051
-85857
-85821
-85690
-85686
-85146
-84676
-84511
-84378
-84183
-84099
-84091
-83890
-83651
-83461
-83382
-83353
-83227
-83001
-82727
-82582
-82483
-82275
-82254
-82254
-82170
-81817
-81735
-81413
-81356
-80859
-80663
-80187
-79940
-79803
-79743
-79556
-79433
-79291
-79134
-78970
-78704
-78422
-78058
-77992
-77780
-77778
-77724
-77501
-77321
-77231
-76964
-76858
-76703
-76224
-76129
-76072
-75799
-75538
-75265
-75031
-74824
-74670
-74575
-74289
-73758
-73304
-73133
-72874
-72744
-72591
-72455
-72053
-72038
-71924
-71815
-71118
-71054
-70755
-70588
-70444
-70381
-70374
-70285
-70194
-70137
-70089
-69992
-69792
-69597
-69511
-69194
-68906
-68843
-68815
-67919
-67858
-67838
-67812
-67630
-67595
-67428
-67397
-67182
-67005
-66799
-66385
-66125
-66102
-66045
-65318
-65294
-65221
-65076
-65041
-64639
-64500
-64486
-64349
-64116
-64025
-63237
-63066
-62719
-62585
-62147
-62120
-62068
-61951
-61890
-61873
-61821
-61141
-61009
-60840
-60692
-60444
-60322
-60318
-59554
-59431
-59414
-58858
-58682
-58636
-58582
-58487
-58289
-58252
-58064
-57570
-57556
-57546
-57517
-57363
-56099
-56090
-56026
-56003
-55823
-55694
-55527
-55428
-55377
-54457
-54068
-53920
-53819
-53437
-53062
-52924
-52441
-52249
-52177
-51826
-51773
-51715
-51665
-51650
-51576
-51314
-51137
-51054
-50958
-50634
-50350
-50283
-50119
-49979
-49945
-49915
-49756
-49598
-49512
-49250
-48802
-48673
-48610
-48522
-48276
-48120
-48026
-47945
-47874
-47681
-47570
-47493
-47279
-47241
-47067
-47033
-47016
-46988
-46732
-46451
-46060
-45890
-45280
-45142
-44765
-44215
-43556
-43475
-42777
-42707
-42382
-41968
-41868
-41570
-41082
-40952
-40895
-40852
-40551
-40505
-40149
-40034
-40020
-39841
-39632
-39507
-39371
-39210
-39157
-38637
-38448
-38401
-38279
-38078
-38056
-38005
-37907
-37675
-37324
-36982
-36518
-36445
-36436
-36221
-36138
-36082
-36041
-36040
-35739
-35680
-34859
-34843
-34657
-34477
-34269
-34006
-33976
-33704
-33652
-33450
-33402
-32760
-32714
-32644
-32632
-32542
-31675
-31482
-31406
-31394
-31393
-31084
-31052
-30886
-30797
-30600
-30492
-30228
-30168
-30061
-29924
-29885
-29633
-29629
-29499
-29428
-29074
-29000
-28850
-28824
-28708
-28661
-28620
-28608
-28576
-28485
-28162
-27935
-27843
-27741
-27462
-27325
-26927
-26753
-26678
-26563
-26207
-25834
-25689
-25650
-25236
-25194
-24447
-24421
-24276
-24123
-24019
-23922
-23784
-23709
-23647
-22971
-22563
-22454
-22093
-22084
-21932
-21308
-20964
-20890
-20840
-20664
-20631
-20556
-20299
-19978
-19322
-19259
-18632
-18602
-18359
-18288
-18067
-17988
-17429
-17330
-17245
-16924
-16719
-16333
-16071
-15958
-15926
-15899
-15544
-15516
-15202
-15029
-15025
-14782
-14628
-14460
-14381
-14289
-14050
-13975
-13858
-13788
-13732
-13486
-13215
-13150
-13018
-12965
-11917
-11915
-11895
-11677
-11553
-11520
-11474
-11215
-10915
-10878
-10570
-10372
-10222
-10178
-10111
-9757
-9663
-9591
-9551
-9400
-9381
-9080
-8668
-8555
-8500
-8071
-7972
-7407
-7244
-6421
-6372
-6230
-5661
-5580
-5460
-5346
-5059
-4548
-4532
-4367
-4124
-3951
-2916
-2828
-2775
-2443
-2316
-1979
-1050
-652
-608
18
47
214
455
1098
1137
1435
1556
1711
1828
1851
2305
2566
2726
3255
3261
3515
3560
3869
3891
4559
4584
4675
4853
5314
5779
6075
6484
6709
7360
7994
8085
8363
8623
8637
8648
8681
9258
9684
9719
10228
10266
11065
11117
11185
11386
11726
11863
11969
12291
12617
12684
12748
13030
13040
13241
13383
13417
14430
14638
15306
15563
15678
15758
16262
16842
16852
17004
17288
17540
17693
17995
18385
18543
18756
18945
19199
19344
19708
20046
20254
20391
20430
20471
20582
20638
20962
21054
21292
21410
21756
21920
22184
22206
22546
22841
22897
23010
23060
23204
23265
23343
23365
23570
24224
24302
24636
25073
25123
25287
25786
26041
26079
26170
26563
26841
26913
27187
27209
27343
27674
27743
27969
28321
28607
28726
28908
28976
29075
29096
29104
29269
29408
29511
29575
29848
29905
30037
30105
30117
30502
30585
30588
30593
30879
31025
31313
31472
31661
31938
32390
32497
32842
33050
33373
33620
34133
34320
34445
34904
35109
35130
35186
35720
36064
36555
36567
36693
36889
37158
37186
37761
37946
38051
38074
38614
38637
38683
38945
39020
39752
39958
39992
40126
40506
40625
40867
40872
40990
41023
41036
41050
41131
41285
41399
41448
41505
41620
41728
41806
41899
41952
41994
42078
42121
42213
42291
42351
42413
42621
42724
42755
43470
43652
43708
44202
44342
44388
44591
44788
45290
45306
45381
45598
45860
46230
46927
47114
47160
47354
47465
47803
47813
47857
47920
47969
48081
48320
48407
48640
48825
48954
49155
49350
49599
49612
49841
49853
50124
50191
50390
50399
50823
50886
51254
51398
51652
51696
51753
51885
51933
51998
52425
52506
53046
53148
53623
53699
53748
54302
55190
55410
55541
55893
56310
56382
56800
57002
57126
57327
57593
57739
58199
58295
58424
59633
59714
59817
60406
60684
60717
61209
61354
61410
61631
61702
61931
62900
63206
63330
63455
63493
63764
64087
64292
64536
64836
65280
65385
65467
65519
65553
65667
65900
66082
66857
67002
67075
67135
67196
67375
67897
68503
68630
68664
68787
68819
69090
69132
69144
69615
69936
69999
70006
70067
70339
70348
70533
70542
71053
71194
71200
71888
72044
72143
72259
72316
72480
72509
72631
72725
72812
73239
73708
74176
74199
74250
74423
74553
74584
74637
74826
74840
75213
75344
75351
75578
75644
75804
76065
76372
76551
76732
76807
76897
77000
77112
77356
77397
77413
77722
78397
78400
78605
78828
79151
79162
79432
79486
79668
79670
79977
80205
80217
80416
80446
80458
81217
81569
81865
82253
82975
83418
83530
83756
84186
84712
84772
84870
84877
84894
85966
86079
86468
86568
86621
86788
86789
87193
87235
87429
87925
87967
87973
88048
88475
88477
88765
88967
89140
89387
89660
90118
90239
90574
90655
90658
90784
90918
91544
91951
92470
92763
92903
92976
92993
93009
93163
93205
93390
93488
93615
93675
94102
94115
94121
94182
94218
94257
94941
94981
95105
95271
95415
95779
95783
96216
96688
96751
96812
96873
97125
97142
97388
97801
98083
98093
98271
99097
99124
99265