-99959
-99656
-99474
-99399
-99257
-99132
-99103
-98913
-98101
-98084
-98067
-97895
-97726
-97717
-97650
-97582
-96979
-96885
-96834
-96353
-96215
-96062
-95536
-95498
-95423
-95014
-94997
-94965
-94742
-94509
-93983
-93721
-93664
-93275
-92637
-92507
-92194
-92045
-91987
-91738
-91731
-91049
-91007
-90610
-90576
-90537
-90433
-89649
-89493
-89464
-88988
-88555
-88398
-88285
-87724
-87698
-87561
-87424
-87242
-87135
-86528
-86513
-86079
-86072
-85941
-85923
-85831
-85086
-84709
-84576
-84502
-84410
-84341
-84218
-84216
-83808
-83350
-82893
-82838
-82588
-82341
-82064
-82004
-81867
-81842
-81200
-81187
-81136
-80974
-80966
-80844
-80788
-80776
-80647
-80629
-80620
-80590
-80280
-80256
-79875
-79741
-79592
-79536
-79534
-79518
-79443
-79408
-79342
-79310
-79244
-79050
-78973
-78669
-78454
-78432
-77898
-77752
-76880
-76814
-76496
-76494
-76426
-76017
-75996
-75809
-75806
-75759
-75547
-75527
-75468
-75357
-75153
-75151
-75064
-74959
-74815
-74815
-74768
-74739
-74509
-74508
-74310
-73495
-73393
-73108
-72955
-72909
-72875
-72723
-72718
-72200
-71548
-71529
-71457
-71154
-71047
-70995
-70986
-70860
-70565
-70444
-70211
-69891
-69611
-68190
-68027
-67972
-67730
-67616
-67434
-66485
-66463
-66099
-65876
-65185
-64972
-64784
-64458
-64181
-63710
-63530
-63452
-63242
-63139
-62931
-62865
-62668
-62364
-62120
-61874
-61673
-61348
-61222
-61166
-60969
-60953
-60786
-60614
-60316
-60249
-60114
-60073
-60061
-59821
-59636
-59489
-59336
-59083
-58931
-58738
-58523
-58523
-58315
-58282
-57986
-57928
-57858
-57405
-57295
-57237
-57155
-56948
-56743
-56449
-56014
-55824
-55775
-55742
-54504
-54302
-54242
-54074
-54046
-53857
-53659
-53303
-53176
-53095
-52857
-52847
-52803
-52132
-52114
-52058
-51935
-51895
-51669
-51459
-51202
-50940
-50839
-50748
-50101
-49658
-49612
-49437
-49303
-49183
-49171
-48987
-48809
-48327
-47711
-47601
-47569
-47446
-47432
-47401
-47284
-47225
-47190
-47077
-47009
-46946
-46824
-46437
-46317
-46289
-45948
-45364
-45043
-44911
-44889
-44856
-44471
-44459
-44437
-44052
-43746
-43724
-43679
-43643
-43411
-43180
-42709
-41939
-41860
-41668
-41272
-40842
-40478
-40450
-40375
-40120
-40005
-39928
-39916
-39850
-39448
-39372
-39358
-39060
-39057
-38775
-38653
-38472
-38144
-37950
-37478
-37256
-36993
-36920
-36672
-36597
-36566
-36537
-36518
-36400
-36071
-35709
-34797
-34634
-34595
-34292
-34137
-33512
-33262
-33216
-32610
-32434
-32170
-32131
-32079
-31922
-31839
-31787
-31218
-31151
-31117
-30414
-30413
-30373
-30229
-30165
-30143
-29500
-29405
-29350
-29278
-29116
-29024
-28845
-28759
-28714
-28423
-27574
-27421
-26605
-26479
-26336
-26317
-26231
-26006
-25827
-25690
-25468
-25391
-25279
-24643
-24374
-24053
-23995
-23789
-23571
-23329
-23232
-23134
-23047
-22815
-22526
-22455
-22208
-21798
-21764
-21395
-21305
-21273
-21151
-20772
-20668
-20577
-20570
-20193
-20177
-20113
-20010
-19844
-19824
-19481
-19327
-19326
-18456
-18447
-18372
-18025
-18007
-17433
-17028
-16627
-16131
-15812
-15428
-15203
-15132
-14979
-14872
-14742
-14543
-14328
-14125
-13993
-13836
-13600
-13556
-13178
-13047
-12885
-12626
-12590
-12478
-12401
-12086
-11793
-11736
-11291
-11025
-11015
-10119
-9957
-9857
-9805
-9660
-9515
-9277
-8964
-8932
-8582
-8525
-8390
-8219
-8093
-7860
-7795
-6909
-6872
-6767
-6653
-6217
-5737
-5536
-5060
-4633
-4454
-4174
-4159
-4132
-4068
-4050
-3630
-3529
-3474
-3003
-2889
-2791
-2616
-2100
-2068
-1924
-1705
-1214
-1069
-656
-305
-258
158
256
352
438
1141
1240
1456
1516
1614
1926
2169
2221
2226
2792
2893
3191
3357
3391
3500
3647
4935
5422
5515
5712
6033
6518
6715
6854
7230
7260
7298
7532
7888
7973
8192
8450
8483
8700
8719
9126
9347
9423
9442
9480
9643
9777
10352
10403
10504
10682
10848
11016
11084
11110
11298
11362
11504
11672
12192
12298
12746
12893
12996
13062
13063
13261
13390
13505
13729
13989
14321
14427
14439
14693
14703
14899
15074
15207
15315
15351
15779
15803
15856
15889
16005
16118
16121
16314
16373
16381
16504
16522
16611
16656
17090
17108
17129
17593
17626
17715
18409
18421
18881
18914
19302
19662
19695
19732
19737
19901
20233
20736
21138
21191
21283
21311
21634
21766
21811
21836
21884
22510
22513
22586
22801
22892
23307
23633
23727
23753
24608
24680
24883
24910
25021
25183
25200
25201
25300
25329
25431
25518
25525
25614
25691
25768
25787
26386
26772
27408
27805
27897
27934
28233
28373
28452
28662
28785
29043
29100
29171
29926
30219
30298
30788
31080
31125
31257
31277
31372
31666
31887
31907
32301
32476
32499
32563
32771
32958
32970
33101
33331
33638
33969
34039
34189
34256
34822
34862
34974
35260
35663
35758
36013
36108
36747
36830
37041
37073
37518
37785
38242
38723
38771
39176
39422
39528
39671
40160
40414
40462
40687
41809
42046
42057
42996
43076
43081
43144
43535
43648
43777
43967
44270
44306
44497
44502
44577
44818
45000
45441
45653
45810
45848
45878
45898
45966
46432
46465
46600
46718
46767
46833
46876
46989
47048
47268
47521
47633
47641
47700
48577
48869
48973
49012
49117
49153
49548
50151
51315
51460
51735
51766
51799
51828
51960
52043
52122
52258
52263
52356
52534
52612
53039
53197
53262
53508
53662
53986
54043
54592
54807
55126
55280
55297
55960
56500
56736
56923
57053
57142
57167
57329
57403
57497
57779
58232
58238
58379
58534
58558
59163
59792
60244
60740
60874
60950
61076
61091
61278
61420
61611
61645
62295
62687
62758
63003
63248
63310
63628
63703
63764
63800
64048
64054
64118
64123
64468
64977
65066
65155
65451
65891
66042
66146
66213
66752
66801
67361
67428
67536
67766
67915
68030
68336
68349
68776
68798
68962
69020
69121
69290
69360
69440
69718
70099
70375
70391
70671
71126
71407
71454
71706
71796
71803
72051
72216
72299
73018
73356
73442
73540
73570
73664
73677
73700
74190
74350
74387
74959
75106
75341
75492
75897
75988
76184
76486
76633
76712
76799
77202
77638
77873
78138
78895
79093
79182
79291
79450
79687
80650
80788
80800
80895
81170
81197
81387
81409
81452
81500
81949
82236
82377
82771
82958
82979
83091
83578
83647
83736
83821
83835
84157
84505
84690
84698
85028
85048
85151
85454
85587
85821
85844
85903
86250
86401
86581
86642
86968
87178
87247
87337
87362
88198
89045
89590
89626
89690
89725
89985
90067
90455
91254
91288
91369
91534
91816
91820
91914
92111
92327
92352
92427
92677
92771
93092
93101
93140
93307
93476
93616
93852
94172
94228
94317
94484
94992
95277
95311
95491
95631
95668
95938
96086
96141
96316
96454
96761
96885
96895
97321
97406
97664
97690
97712
97787
97845
97980
98005
98328
98334
98485
98695
98805
99008
99238