-99685
-99378
-99191
-99133
-98614
-98329
-97839
-97650
-97556
-97370
-97257
-97237
-96820
-96588
-96439
-96428
-96076
-96043
-95913
-95839
-95807
-95655
-95273
-95130
-94954
-94654
-94594
-94145
-94060
-92686
-92564
-92423
-92142
-92052
-92038
-91047
-90496
-89837
-89658
-89416
-89206
-89196
-88850
-88755
-88500
-88422
-88382
-87928
-87527
-86894
-86854
-86785
-86761
-86221
-86151
-85686
-85479
-85421
-85403
-84471
-84252
-84222
-83909
-83907
-83712
-83708
-83612
-83532
-83451
-83417
-83269
-83219
-82897
-82863
-82617
-82130
-81963
-81913
-81863
-81835
-81774
-81272
-81119
-80971
-80719
-80677
-80574
-80522
-80415
-80322
-79925
-79847
-79761
-79710
-79554
-79524
-79400
-79333
-79174
-78983
-78776
-78608
-78524
-77960
-77885
-77519
-77319
-77117
-77040
-76696
-75328
-75270
-75179
-75034
-74812
-74636
-74372
-74231
-74126
-74034
-73990
-73929
-73812
-73729
-73610
-73422
-73347
-73336
-73237
-73101
-72945
-72364
-72332
-71609
-71557
-71269
-71195
-71171
-71163
-70717
-70657
-70043
-70029
-69875
-69868
-69593
-69349
-69282
-68974
-68388
-68199
-68005
-67913
-67660
-67586
-67553
-67342
-67128
-66988
-66836
-66680
-66625
-66333
-66206
-66121
-66082
-65705
-65620
-65466
-65385
-64368
-64220
-64143
-63980
-63808
-63576
-63299
-63058
-62798
-62678
-62629
-62362
-62252
-61835
-61749
-61490
-61489
-61395
-60940
-60783
-60601
-60464
-60159
-59629
-59258
-58914
-58695
-58590
-58328
-57961
-57685
-57657
-57224
-57193
-57138
-57011
-56987
-56599
-56456
-56274
-56172
-55647
-55613
-55440
-55148
-54913
-54872
-54789
-54607
-54523
-54481
-54184
-53653
-53485
-53093
-52867
-52808
-52744
-52531
-52364
-52187
-51518
-51359
-50753
-50524
-50136
-49902
-49755
-49593
-49327
-48859
-48680
-47949
-47935
-47798
-47622
-47439
-47328
-47290
-47198
-47169
-47069
-46900
-46872
-46437
-46397
-45997
-45953
-45934
-45906
-45795
-45429
-45155
-44560
-44059
-44035
-43941
-43315
-42760
-42508
-42433
-42363
-42300
-42010
-41649
-41526
-41267
-40509
-40290
-40093
-39860
-38964
-38776
-38273
-38255
-38199
-38199
-38008
-37940
-37823
-37776
-37395
-37224
-37201
-37177
-36874
-36861
-36527
-36401
-36221
-36157
-35964
-35910
-35764
-35715
-35539
-35384
-35321
-35063
-34932
-34777
-34589
-34547
-34503
-34378
-34320
-34191
-34181
-34114
-34049
-33844
-33519
-33188
-33111
-33075
-33035
-32888
-32485
-31560
-31532
-31416
-31319
-30855
-30826
-30824
-30797
-30741
-30316
-30120
-29081
-28788
-28413
-28230
-28217
-28189
-28052
-27830
-27779
-27593
-27029
-26991
-26931
-26745
-26492
-26427
-26420
-26202
-26099
-25968
-25917
-25772
-25041
-25026
-24907
-24766
-24345
-24292
-23797
-23661
-23123
-22917
-22807
-22661
-22331
-22097
-21963
-21945
-21824
-21744
-21740
-21013
-20979
-20411
-20105
-19777
-19428
-19383
-19222
-18905
-18530
-18238
-18237
-17831
-17766
-17593
-17174
-17109
-16954
-16886
-16831
-16822
-16532
-16412
-16265
-16023
-15596
-15224
-15175
-15017
-14989
-14988
-14965
-14875
-14450
-13675
-13624
-13578
-13036
-12894
-12732
-12731
-12390
-11969
-11314
-11271
-11194
-10959
-10753
-10293
-9990
-9956
-9484
-9479
-9163
-9111
-9093
-8876
-8178
-8062
-7854
-7590
-7424
-7381
-7049
-6864
-6780
-6724
-6698
-6347
-6322
-6121
-5801
-5730
-5422
-5284
-5138
-4942
-4868
-4771
-3626
-3353
-3333
-3294
-3256
-3196
-3118
-2701
-2524
-2267
-1745
-1682
-1644
-1522
-1383
-1355
-957
-846
-636
-472
-334
-151
-57
96
338
350
350
462
592
680
1573
1580
1738
1741
1943
1967
1989
2120
2184
2379
2510
2546
2555
2776
2815
3167
3237
3706
3742
4107
4150
4351
4408
4529
4628
4923
4986
5365
5452
5490
5682
5702
5707
5713
6169
6414
6490
6938
7213
7335
7475
7928
7930
8299
8488
8601
8659
8897
9064
9410
9656
9935
10018
10203
10346
10369
11310
11461
11536
12015
12116
12440
12497
12652
12675
12702
12808
12896
13064
13126
13235
13545
13672
13720
13842
13893
14071
14087
14202
14515
14640
15021
15356
15423
15578
15583
15773
16153
16315
16350
16368
16485
16574
16850
17193
17358
17820
18090
18221
18565
18625
18683
18892
19311
19394
19412
20030
20265
20289
20467
20555
20854
20977
21067
21110
21197
21246
21396
21446
21659
21683
21697
21841
22139
22341
22477
22629
22733
23008
23171
23359
23501
23601
23737
23821
24069
24191
24438
24519
24624
24938
25081
25125
25684
25787
26277
26378
26628
27040
27335
27702
27708
27715
27942
27975
28378
29271
29311
29807
30292
30323
30375
31068
31334
31463
31470
31749
33105
33186
33288
33424
33493
33687
34463
34551
34590
34996
35383
35575
35747
35923
35959
36489
36607
36666
36752
36928
36947
37166
37601
38088
38623
38701
38748
38884
38923
39113
39475
39626
39651
40406
41092
41141
41232
41254
41402
41473
41609
41683
41719
42218
42308
42462
42517
42582
42627
42648
42749
43014
43082
43129
43279
43293
43320
43565
44144
44384
44815
44996
45122
45124
45176
45355
45503
45523
45974
46124
46471
46670
46871
47033
47068
47162
47332
47710
47852
48038
48131
48518
48597
48718
48801
48861
49002
49164
49623
49938
50252
50616
50623
51454
51933
51960
52085
52251
52352
52381
52982
53047
53151
53260
53369
53671
54168
54246
54794
54840
55006
55301
55400
55419
55715
55889
55956
56131
56663
56694
57063
57331
57443
57804
57888
58073
58600
58610
58660
59215
59630
60074
60116
60538
60695
60815
60940
60974
61083
61411
61645
61676
62010
62045
62263
62892
63036
63141
63183
63285
63691
63735
63856
63989
64267
64278
64390
64394
64429
64556
64697
64720
64761
64909
64911
65064
65181
65568
65712
65838
65921
66083
66183
66251
66740
67728
67834
67921
68161
68496
68653
68867
69095
69760
69768
70017
70179
70206
70402
70771
70890
71368
71631
71950
71963
72036
72050
72531
72625
72631
72887
73070
73131
73296
73683
73761
73803
73897
74136
74238
74340
74616
75048
75208
75456
75576
75589
75790
76101
76120
76246
76414
76588
76910
76993
77273
77281
77515
77618
77819
77961
78233
78417
78602
78924
79353
79432
79854
80193
81858
82031
82603
82747
82833
82984
83012
83196
83201
83262
83482
83525
84582
84588
84623
84659
84767
85116
85143
85161
85345
85545
85629
85684
85750
85777
85965
86063
86116
86176
86312
86630
86690
86834
86954
87517
88482
88633
88904
89101
89410
89444
89448
89459
89542
89626
89681
89980
90064
90145
90362
90462
90535
90539
90961
91155
91428
91582
91675
91737
91737
91758
91865
91917
92133
92254
92330
92467
92499
92683
92798
93032
93120
93256
93437
93454
93814
94138
94168
94287
94347
94771
95088
95193
95536
95905
95992
96402
96717
96784
96848
97104
97230
97268
97732
97965
97980
98564
98864
98916
99126
99451
99469
99546
99648