-99896
-99875
-99765
-99517
-99456
-99258
-98852
-98164
-97840
-97673
-97619
-97415
-97092
-96935
-96893
-96870
-96665
-96484
-96357
-96138
-96003
-95732
-95401
-95340
-95311
-95296
-95179
-94849
-94784
-94549
-94268
-94167
-94132
-93827
-93563
-93109
-92693
-92170
-92138
-91751
-91476
-91420
-91375
-90705
-90502
-90491
-90475
-90280
-89807
-89289
-89271
-88840
-88427
-88165
-88030
-87873
-87681
-87180
-86985
-86707
-86093
-86043
-86010
-85674
-85534
-85533
-85397
-85161
-85136
-85089
-84965
-84950
-84859
-84833
-84727
-84447
-84411
-84239
-84001
-83948
-83877
-83747
-83724
-83360
-83188
-83179
-83136
-83080
-83022
-83008
-82910
-82404
-82321
-82118
-81847
-81654
-81485
-80928
-80876
-80608
-80503
-80410
-80361
-80323
-80281
-80278
-80205
-79992
-79920
-79781
-79284
-79173
-79020
-78900
-78677
-78632
-78373
-78180
-78003
-77833
-77348
-77080
-76445
-76281
-76073
-75792
-75730
-75478
-74999
-74949
-74681
-74105
-73791
-73437
-73377
-73337
-72436
-72315
-72029
-72022
-71974
-71765
-71735
-71666
-71659
-71614
-71290
-71195
-70585
-70527
-70392
-70212
-70048
-69744
-69628
-69213
-69198
-69070
-69000
-68547
-68239
-67641
-67341
-67274
-67268
-67152
-67106
-66662
-66258
-66214
-66016
-65969
-65943
-65708
-65334
-64787
-64727
-64625
-64623
-64362
-63586
-63104
-62863
-62508
-62220
-62201
-62145
-61934
-61903
-61361
-61358
-61183
-60975
-60936
-60783
-60751
-60732
-60619
-60402
-60389
-60379
-60346
-60119
-60103
-59856
-59835
-59718
-59627
-59025
-58775
-58648
-58450
-58411
-57924
-57660
-57350
-56783
-56760
-56412
-55958
-55929
-55810
-55798
-55535
-55458
-55090
-54986
-54718
-54568
-54386
-54195
-54126
-53420
-53330
-53281
-53054
-52845
-52536
-52443
-52390
-52130
-52102
-52077
-52077
-51999
-51641
-51581
-51480
-51376
-51168
-51136
-51134
-51008
-50559
-50236
-50209
-50189
-50137
-49896
-49759
-49261
-49134
-48904
-48715
-48507
-48042
-47407
-46571
-46423
-46419
-46297
-46272
-46190
-46016
-45978
-45956
-45849
-45821
-45789
-45390
-44821
-44455
-44415
-43912
-43712
-43183
-43041
-43005
-42956
-42883
-42838
-42554
-42525
-42502
-42488
-42252
-42130
-41751
-41146
-41134
-40966
-40902
-40891
-40042
-39733
-39584
-39369
-38699
-38425
-37983
-37270
-37156
-37105
-37021
-36860
-36522
-36204
-36174
-36173
-36150
-36127
-36096
-35991
-35961
-35809
-35598
-35467
-35114
-35095
-35013
-34573
-34236
-34018
-33962
-33920
-33336
-33336
-33142
-32808
-32674
-31948
-31707
-31676
-31514
-31202
-30853
-30604
-30597
-30221
-30133
-30075
-29961
-29356
-28881
-28604
-28328
-28224
-28106
-28021
-28005
-27591
-27571
-27178
-27119
-26977
-26968
-26695
-26345
-26070
-25968
-25689
-25433
-25153
-25148
-25116
-24930
-24928
-24906
-24766
-24578
-24520
-24512
-24227
-23929
-23565
-23322
-22870
-22615
-22434
-22133
-22008
-21934
-21788
-21781
-21759
-21413
-21131
-21102
-20926
-20414
-20303
-19743
-19655
-19595
-19237
-18964
-18407
-18336
-17976
-17762
-17742
-17560
-17019
-16377
-16177
-15721
-15459
-15225
-14757
-14472
-14273
-13979
-13968
-13917
-13100
-12226
-12138
-11980
-11702
-11611
-11240
-10809
-10792
-10469
-10076
-9869
-9794
-9563
-9069
-8856
-8650
-8600
-8108
-8093
-7957
-7847
-7794
-7393
-6956
-6940
-6561
-6295
-6274
-6091
-6076
-5990
-5525
-5483
-5201
-5194
-5028
-4869
-4686
-4548
-4266
-3949
-3764
-3640
-3606
-3374
-3358
-3297
-3200
-3160
-2955
-2935
-2221
-1910
-1411
-1324
-1201
-683
-614
-44
-32
41
70
219
241
1249
1265
1275
1328
1340
1426
1560
1781
1842
2283
2293
2443
2539
2659
2715
2967
3175
3637
3671
4006
4114
4166
4255
4500
4612
4750
4860
5094
5256
5280
5471
5728
5867
5906
5960
6424
6527
6645
6676
6768
6815
7092
7105
7284
7391
7534
7603
7629
7822
7976
8113
8244
8299
9444
10040
10558
10664
10720
10856
11080
11356
11361
11375
11420
11597
12441
13303
13397
13476
13538
13893
13905
13947
14028
14217
14421
14441
14499
14989
15019
15149
15625
15842
15891
16060
16085
16100
16121
16854
16968
17163
17246
17699
17977
18019
18206
18339
18590
18598
18692
18816
19486
19760
19763
19982
19986
20014
20085
20161
20211
20292
20386
20503
20527
21419
21544
22143
22295
22582
22859
23167
23193
23198
23220
23332
23725
24028
24175
24220
24273
24370
24443
24490
24600
24913
25129
25213
25584
25584
26272
26294
26304
27350
27358
27394
27584
27727
27743
27827
27909
28481
28534
28714
29175
29337
29725
30284
30776
30860
31197
31372
31570
31946
32010
32101
32111
32160
32191
32403
32526
32593
32740
32954
33518
33712
33789
34113
34192
34236
34335
35572
35812
35935
36188
36196
36258
36282
36449
37973
39170
39186
39251
39293
39345
39436
39591
39697
40005
40123
40238
40239
40457
40734
40806
40849
40980
41069
41125
41652
41660
41668
41987
42122
42593
42768
43179
43191
43245
43790
44304
45266
45617
45637
45648
45678
46066
46119
46219
46370
46548
46938
47334
47419
47455
47489
47724
47878
47932
48167
48187
48203
48298
48447
48718
48771
49228
49479
50127
50483
50695
51459
51513
51549
51566
51795
51839
51900
52227
52254
52534
52616
52621
52626
52648
53085
53144
53179
53235
53431
53827
53919
53947
54056
54196
54470
54624
54726
55004
55158
55611
55612
56082
56435
56541
56852
56928
57061
57483
57609
57909
58232
58381
58470
58516
58537
58676
58772
58781
58976
58994
59053
59172
59260
59291
59412
59507
59705
59902
59912
59923
60048
60208
60459
60855
61077
61127
61180
61322
61366
61387
61865
62044
62164
62532
62570
62778
62872
62981
63069
63078
64065
64203
64743
65250
65368
65444
65690
65723
67162
67346
67385
67617
67706
68134
68402
68654
69138
69552
69562
69719
70073
70149
70236
70299
70327
70557
71214
71229
71452
71467
71561
71675
71685
72101
72154
72307
72389
72437
72596
73134
73349
73505
73909
74108
74167
74265
74291
74535
74591
74729
74899
74946
75010
75280
75393
75577
75844
76062
76345
76449
76514
76631
76662
76814
76885
77074
77211
77212
77271
77938
78030
78066
78330
78577
78705
78826
78848
79019
79026
79136
79345
79575
79802
79897
80277
80404
80573
80895
80914
80928
81473
82344
82546
83677
83685
83710
83764
83829
83882
84208
84358
84388
84906
84978
85344
85548
85696
85793
86035
86416
86461
86729
86763
86906
86957
87043
87320
87673
87833
88581
88668
88674
88963
88966
89711
89721
89848
89969
90125
90747
90875
91223
91598
91694
91707
91881
91954
92233
92357
92724
93145
93247
93336
93493
93550
94008
94012
94144
94576
94782
94884
95473
95601
95973
96039
96230
96288
96424
96497
96548
96614
96756
96981
97110
97122
97180
97459
97484
97880
97926
97966
97981
98103
98522
98671
98769
98905
99017
99107
99501
99915