-99922
-99874
-99700
-99501
-98888
-98721
-98256
-98058
-98000
-97848
-97754
-97726
-97580
-97381
-96485
-96379
-96045
-95740
-95610
-95514
-95468
-95310
-95132
-94325
-94286
-94153
-93272
-93146
-92888
-92770
-92624
-92289
-91782
-91579
-91456
-91075
-90695
-90625
-89754
-89681
-89521
-89484
-89405
-89399
-89372
-89360
-89217
-89025
-88721
-88339
-88086
-87293
-87206
-87173
-87154
-87053
-86688
-86610
-86576
-86344
-86217
-86165
-85958
-85761
-85021
-84997
-84637
-84601
-84598
-84456
-83546
-83439
-83288
-82775
-82755
-82675
-82405
-82324
-81925
-81880
-81849
-81809
-81715
-81198
-81195
-81175
-80730
-80683
-80391
-80229
-80122
-79969
-79685
-79663
-79497
-79450
-79022
-78766
-78597
-78144
-78060
-77809
-77138
-77112
-77101
-76951
-76884
-76276
-75958
-75882
-75773
-75691
-75623
-75429
-75186
-74622
-74305
-73995
-73571
-73364
-73297
-73147
-73006
-72937
-72745
-71957
-71955
-71941
-71888
-71526
-71309
-71132
-71079
-70944
-70304
-70230
-69826
-69776
-69358
-69259
-69184
-69140
-68792
-68297
-68028
-67888
-67659
-67603
-67008
-66329
-66284
-66269
-66069
-66055
-65621
-65432
-65147
-65098
-65016
-64884
-64751
-64605
-64466
-64051
-64046
-63837
-63635
-63548
-63539
-63444
-63328
-63263
-63136
-63092
-63047
-63025
-62848
-62708
-62409
-62404
-62322
-61290
-61286
-61161
-61010
-60825
-60580
-60515
-60317
-60267
-59895
-59612
-59527
-59125
-59047
-58958
-58799
-58766
-57863
-57762
-57124
-56875
-56658
-56418
-56274
-55801
-55690
-55356
-54694
-54337
-53913
-53892
-53836
-53621
-52936
-52920
-52885
-52296
-52037
-51809
-51765
-51740
-51624
-51276
-51259
-51213
-50840
-50507
-50475
-50263
-50158
-49838
-49707
-49011
-48851
-48753
-48516
-48462
-48320
-48111
-48067
-47988
-47765
-47484
-47365
-47201
-46076
-46042
-45895
-45857
-45793
-45778
-45673
-45270
-45122
-44810
-44515
-44243
-43852
-43695
-43477
-43256
-43212
-43038
-43020
-42979
-42638
-42624
-42618
-42479
-41900
-41753
-41369
-41220
-40980
-40723
-40526
-40405
-40275
-40193
-39949
-39805
-39592
-39225
-39176
-39078
-38961
-38927
-38180
-37983
-37980
-37658
-37497
-37139
-36972
-36630
-36546
-36401
-35836
-35659
-35150
-35066
-34956
-34192
-33641
-33586
-33336
-33326
-33090
-32682
-32313
-32161
-32039
-31952
-31926
-31856
-31750
-31725
-31552
-31475
-31252
-31070
-30856
-30776
-30771
-30301
-30229
-29662
-29231
-29211
-29156
-29136
-28969
-28822
-28810
-28727
-28467
-27723
-27586
-27364
-27192
-26978
-26958
-26876
-26699
-26450
-26047
-25680
-25629
-25571
-25538
-25404
-24932
-24822
-24748
-24495
-24343
-24215
-23982
-23133
-23089
-22630
-22599
-22544
-22491
-22303
-22247
-22123
-21990
-21903
-21653
-21631
-21572
-21396
-21212
-21005
-20609
-20334
-20238
-19952
-19934
-19713
-19673
-19470
-19403
-19259
-19237
-19091
-18880
-18562
-18526
-18497
-18308
-17457
-17201
-17161
-17117
-16982
-16904
-16684
-16626
-16534
-16030
-15851
-15645
-15549
-15440
-14540
-14479
-14162
-14074
-13715
-13355
-13231
-12989
-12793
-12674
-12555
-12392
-12143
-11958
-11799
-11591
-11584
-11486
-11368
-11347
-11312
-10928
-10852
-10646
-10134
-10096
-9997
-9775
-9395
-9288
-8970
-8758
-8749
-8476
-7718
-7689
-7666
-6994
-6097
-5975
-5971
-5910
-5704
-5692
-5577
-5566
-4905
-4659
-4657
-4309
-4078
-4034
-3904
-3529
-3126
-3062
-2972
-2887
-2571
-2207
-2145
-2109
-2056
-1742
-1574
-816
-808
-731
-515
-444
-233
-45
122
215
283
339
372
739
1613
1794
2327
2663
3165
3200
3280
3350
3365
3443
3689
4071
4689
4823
5221
5637
5642
5673
5711
5711
5953
5967
6156
6449
6600
6639
6668
6754
6966
7043
7390
7394
7771
7943
8004
8134
8243
9515
9562
9615
9790
10404
10481
10481
10703
10792
11078
11079
11320
11598
11666
11827
12195
12215
12375
12696
12780
12817
12850
13117
13127
13726
13938
14038
14124
14532
14986
15171
15344
15763
16339
16561
16619
16980
17048
17260
17401
17752
17894
18008
18186
18221
18233
18237
18956
19053
19366
20175
20311
20475
20564
20784
20947
20961
21184
21257
21560
21922
22407
22821
23551
23590
24259
24372
24508
24509
24848
25324
25327
25625
25788
25830
25857
26226
26270
26908
27208
27267
27356
27357
27590
27866
28092
28231
28305
28330
28521
28704
29109
29254
29285
29320
29483
30012
30101
30102
30334
30427
30517
30645
30680
30692
30699
30847
30883
31194
31354
31808
32210
32216
32223
32311
32346
32660
32987
33007
33075
33174
33609
33632
33656
33703
33721
34013
34182
35438
35610
35625
35743
35751
36009
36064
36162
36473
36586
36769
36834
36952
36991
37003
37005
37528
37738
38917
38963
39083
39457
40329
40409
40497
40692
40798
40834
40838
41139
41341
41853
41889
41941
42670
42711
43151
43154
43451
43518
43850
43859
44680
44728
44987
45220
45309
45368
45421
45887
46707
46758
46808
47044
47253
47364
47736
47956
48165
48233
48269
48309
48387
48837
48911
48978
49151
49178
49417
49482
49720
50090
50363
50519
50575
50623
50705
50873
50877
51216
51262
51349
51508
51761
51925
51982
52042
52391
52623
53075
53143
53181
53551
53654
54111
54292
54358
54518
54546
54722
54936
54992
55603
56169
56234
56241
56315
56500
56577
56745
56797
57017
57446
57494
57604
57876
57911
58034
58121
58271
58357
58400
58421
58431
58638
58679
58781
58864
58964
59183
59212
59401
59737
59989
60245
60527
60633
60861
60995
61049
61126
61394
61483
61503
61718
61776
62059
62099
62221
62328
62686
62847
63103
63386
63549
63592
63873
64061
64193
64648
64664
65170
65376
65434
65513
66022
66175
66803
66839
67072
67107
67143
67193
67423
67685
67709
67785
68086
68197
68403
68422
68825
69045
69572
69789
69811
69942
70101
70188
70565
71074
71269
71454
71667
71750
71921
71964
72185
72372
72551
72700
72758
73617
73698
74000
74180
74930
74948
75709
75963
76085
76149
76550
76755
76999
77116
77409
77458
77469
77608
78263
78381
79207
79273
79603
79786
79862
80202
80327
80662
80883
81003
81039
81242
81276
81343
81354
81480
81630
81656
81813
81837
82191
82521
82552
82798
83208
83528
83701
83862
83959
84107
84273
84338
85145
85269
85319
85860
85900
86229
86260
86499
86514
86613
86694
86752
86828
86878
86901
86947
87167
87514
87618
87651
88051
88348
88474
88474
88541
88598
88743
88926
88972
89354
89451
89497
89531
89677
89895
89900
90153
90362
90412
90541
90588
90671
90714
90773
91078
91179
91355
91569
91795
91863
92164
92467
92471
92738
92810
92965
93171
93457
93504
93598
93661
93748
93838
93846
94096
94261
94724
95153
95188
95268
95563
95914
95976
96345
96573
96637
96840
96883
96947
97007
97060
97346
97354
97451
98180
98344
98350
98577
98712
98791
98865
99069
99389
99401
99402
99745