-99624
-98998
-98636
-98413
-98156
-97801
-96380
-96371
-96370
-96326
-96232
-96196
-96122
-96055
-95989
-95915
-95820
-95776
-95283
-95060
-94981
-94971
-94694
-94109
-93958
-93787
-93639
-93023
-92698
-92528
-92000
-91856
-91532
-91478
-90891
-90765
-90749
-90409
-89695
-89687
-89685
-89642
-89591
-89546
-89191
-89148
-89128
-89014
-88809
-88809
-88728
-87904
-87731
-87516
-87471
-87437
-87414
-87192
-87102
-86920
-86454
-86356
-86134
-85920
-85850
-85527
-85355
-85227
-85172
-85054
-84966
-84747
-84672
-84647
-84458
-84197
-84088
-84080
-83956
-83766
-83733
-83381
-83346
-83318
-83158
-82899
-82245
-82192
-82162
-82002
-81973
-81815
-81023
-80784
-80658
-80501
-80426
-80303
-80183
-80113
-79929
-79639
-79322
-79249
-78860
-78838
-78654
-78453
-77829
-77559
-76945
-76728
-76542
-76330
-76201
-75902
-75560
-75524
-75496
-75234
-75033
-74655
-74312
-74065
-74059
-74045
-73966
-73402
-73338
-73101
-73087
-72678
-72461
-72356
-72342
-71988
-71743
-71569
-71033
-70874
-70780
-70734
-70336
-70194
-69703
-69675
-69674
-69567
-69489
-69182
-68977
-68932
-68888
-68769
-68729
-68516
-68326
-68236
-67912
-67189
-67159
-66692
-65686
-65662
-65588
-65455
-65372
-65081
-65004
-64963
-64938
-64933
-63988
-63713
-63620
-63545
-63491
-63232
-63045
-62891
-62767
-62640
-62639
-62158
-62124
-62051
-61940
-61648
-61601
-61519
-61241
-60894
-60853
-60191
-58669
-58494
-58493
-58025
-57767
-57756
-57620
-57498
-57261
-56725
-56674
-56270
-56140
-55989
-55943
-55937
-55838
-55469
-55031
-54651
-54483
-54461
-54328
-53816
-53583
-53459
-53431
-53426
-53285
-53259
-53131
-52705
-52523
-52216
-51434
-51360
-51346
-50524
-50387
-50337
-50141
-50056
-49752
-49177
-48950
-48794
-48585
-48364
-47997
-47945
-47799
-47766
-47720
-47405
-47391
-47353
-46790
-46467
-46037
-45189
-44336
-44102
-43704
-43675
-43103
-42836
-42774
-42699
-42479
-42326
-42248
-41835
-41751
-41562
-41228
-40932
-40584
-40434
-40428
-40389
-40259
-40256
-40229
-40081
-39922
-39862
-39738
-39704
-39429
-39419
-39304
-39264
-39142
-38979
-38891
-38807
-38414
-38100
-38019
-37921
-37754
-37697
-37450
-37396
-36479
-36479
-36317
-36075
-35682
-35670
-35546
-34961
-34905
-34734
-34662
-34042
-33919
-33543
-33489
-33487
-33207
-32848
-32683
-32624
-32554
-32177
-32166
-31946
-31580
-31308
-31052
-30531
-30033
-30003
-29709
-29592
-29268
-29241
-28977
-28836
-28626
-28420
-28287
-28208
-28118
-27240
-27187
-27119
-27094
-26945
-26408
-25957
-25904
-25796
-25692
-25540
-25442
-25400
-25271
-25268
-25260
-24895
-24868
-24622
-23722
-23720
-23218
-23100
-22942
-22910
-22813
-22531
-22353
-21926
-21918
-21388
-21268
-20537
-20278
-19640
-19068
-18829
-18469
-18363
-18356
-18205
-18105
-18057
-17940
-17803
-17249
-16328
-15805
-15780
-15740
-15702
-15309
-15309
-15280
-14939
-14860
-14570
-14411
-14344
-14069
-13355
-13305
-12592
-12460
-12056
-11807
-11800
-11699
-11189
-10822
-10723
-10687
-10587
-10579
-10530
-10258
-10100
-10092
-9933
-9850
-9464
-9459
-9192
-9039
-8889
-8711
-8011
-7608
-7492
-7255
-7186
-6974
-6957
-6744
-6548
-6170
-6104
-6104
-5658
-5587
-5509
-5493
-5336
-5064
-4998
-4809
-4634
-4589
-4315
-4301
-3877
-3768
-3604
-3534
-3275
-3218
-3050
-3042
-2927
-2596
-2196
-1951
-1857
-1826
-1362
-1355
-1177
-1040
-595
-480
82
694
878
898
956
1632
1733
1747
2009
2016
2440
2562
2614
3202
3640
3835
3944
4393
4423
4651
5048
5375
5675
5811
5987
6080
6148
6204
6382
6541
6575
6592
6816
6886
6970
6988
7102
7149
7223
7542
7589
7710
7739
7871
8083
8354
8399
8612
8621
8814
8821
8953
9022
9230
9356
9400
9480
9580
9847
9927
9975
10009
10174
10994
11201
11238
11312
11426
11454
11456
11702
11786
12061
12211
12809
12813
13093
13123
13282
13379
13383
13507
13532
14191
14418
14596
14618
14691
14751
14835
14919
15034
15340
15455
15540
15727
15882
15991
16285
16657
16715
16953
17047
17158
17248
17346
17778
17865
18019
18325
18502
18969
19180
19369
19547
19578
19609
19684
19828
19896
19993
20251
20444
20555
20689
20733
20839
21071
21374
21925
21944
22458
22502
23047
23277
23324
23344
23430
23579
23929
24173
24316
24614
24677
25371
25383
25423
25598
25628
25657
25744
25803
25908
26198
26621
26632
26682
27128
27143
27167
27445
27454
27889
28114
28625
28966
28982
29174
29425
29522
29797
29894
29901
30027
30142
30707
30991
31193
32100
32104
32378
32535
33004
33180
33319
33799
33843
34667
34774
34916
34983
35268
35329
35373
35591
35614
35826
35908
36261
36977
37240
37261
37411
37516
37814
37991
38010
38110
38157
38204
38369
38413
38510
39097
39297
39575
40122
40449
41036
41080
41434
41461
41501
41715
41732
42267
42311
42751
43360
43512
43617
43788
43791
43806
43903
43942
44359
44544
45324
45749
45860
46340
46388
46485
46494
46878
47295
47307
47629
48170
48180
48416
48421
48589
48716
48973
49212
49475
49557
49569
49968
50037
50157
50305
50913
51102
52008
52608
52611
53099
53666
53789
53844
53943
53963
53989
54145
54257
54325
54338
54404
54548
54654
54901
55010
55015
55095
55101
55680
55826
56275
56383
56466
56675
56909
56936
57530
57663
57809
57859
58204
58212
58265
58328
58426
58823
58988
59188
59258
59354
59501
59671
59919
60261
60361
60519
60711
60879
61029
61250
61340
61374
61400
61525
61531
61545
61576
61620
61856
61871
61910
62028
62364
62648
62753
62882
62967
63136
63330
63755
63826
63851
63950
64008
64164
64410
64495
64571
64628
64790
65363
65420
65461
65515
65616
65732
66098
66457
66529
66768
66994
67130
67155
67453
67898
67941
68203
68320
68395
68897
69050
69154
69183
69477
69526
69731
69740
70837
70886
70911
70917
71186
71286
71320
71352
71503
71627
71638
71741
71768
71811
72252
72278
72381
73005
73068
73096
73172
73565
73674
73798
73806
73848
74046
74106
74337
74591
75236
75264
75303
75330
75356
75509
75679
75753
76155
76679
76924
76943
77075
77236
77283
77637
78168
78331
78486
78586
78648
79524
79666
79781
80366
80889
80895
80912
81006
81710
81849
82109
82307
82308
82349
82516
82540
83220
83455
83477
84031
84113
84152
84158
84252
84323
84344
84361
84988
85308
85780
85790
85994
86018
86575
86752
87019
87152
87277
87696
87937
88215
88411
88440
88493
88508
88585
88604
89421
89454
89850
90169
90382
90539
90621
90702
90981
91224
91360
91639
91664
91696
91750
91882
92074
92516
92526
92558
92574
92585
92748
93133
93180
93299
93613
93877
93908
93941
94741
94789
94888
94953
95852
95929
96311
96327
96581
96676
96921
97057
97489
97576
97699
97963
98255
98286
98400
98496
98552
99038
99628
99738
99781
99928