-99859
-99785
-99776
-99691
-99597
-99399
-98779
-98621
-98562
-98085
-97835
-97817
-97613
-97310
-96895
-96858
-96778
-96604
-96572
-96539
-96518
-96511
-96199
-96092
-95684
-95103
-94693
-93893
-93454
-93177
-92622
-92521
-92490
-92485
-92448
-92285
-91754
-91738
-91464
-91126
-90991
-90647
-90282
-90130
-90102
-89963
-89831
-89528
-89325
-89262
-89137
-89018
-88710
-88582
-88407
-88389
-88352
-88339
-88332
-88274
-88237
-88120
-88090
-88067
-87945
-87808
-87717
-87244
-87172
-86730
-86723
-86626
-86557
-86229
-86184
-86087
-85743
-85512
-85492
-84879
-84842
-84660
-84539
-84473
-84383
-84370
-84346
-83644
-83635
-83556
-83489
-83188
-83177
-82718
-82510
-82343
-82323
-82319
-82318
-82300
-82029
-81921
-81336
-81256
-81174
-80814
-80671
-80665
-80132
-79802
-79534
-79355
-79352
-78830
-78819
-78354
-78334
-78156
-77831
-77630
-77570
-77543
-77522
-77431
-77395
-77364
-77319
-77318
-77017
-76937
-76310
-76220
-75629
-74390
-74355
-74339
-74153
-73817
-73496
-73492
-73455
-73429
-73381
-73312
-73306
-73234
-73220
-72900
-72850
-72835
-72775
-72575
-72334
-72316
-72130
-71992
-71968
-71743
-71657
-71611
-71334
-71191
-70710
-70430
-70319
-70215
-70168
-70156
-69964
-69933
-69913
-69416
-69358
-69149
-68597
-68124
-67966
-67920
-67738
-67495
-67244
-67065
-66901
-66484
-66387
-66249
-66133
-66098
-65947
-65889
-65862
-65461
-65332
-64922
-64814
-64758
-64562
-64370
-64253
-64005
-63991
-63558
-63333
-62795
-62772
-62162
-62082
-62040
-61599
-61313
-60822
-60696
-60686
-60595
-60308
-60218
-60163
-60008
-59913
-59900
-59821
-59821
-59550
-59441
-58760
-58697
-58673
-58595
-58325
-58111
-58047
-58012
-57825
-57746
-57416
-57287
-57024
-56996
-56697
-56648
-56260
-55840
-55522
-55507
-55348
-55345
-55251
-55089
-54308
-54173
-54065
-54062
-53974
-53907
-53878
-53544
-53439
-53306
-53257
-52946
-52843
-52583
-52578
-52421
-52357
-52145
-51818
-51787
-51692
-51571
-51250
-51067
-51014
-50909
-50785
-50755
-50202
-49972
-49808
-49423
-49405
-49384
-49300
-49031
-48970
-48921
-48734
-48636
-48584
-48504
-48443
-48292
-47654
-47546
-47344
-46980
-46979
-46725
-46323
-45744
-45424
-45395
-45334
-45308
-45297
-44961
-44922
-44894
-44879
-44797
-44521
-44242
-43968
-43946
-43838
-43419
-42821
-42658
-42657
-42634
-42448
-42399
-42266
-42255
-42227
-41723
-41585
-41528
-41091
-41083
-40792
-40467
-40359
-40018
-39886
-39855
-39682
-39463
-39388
-39214
-39081
-38639
-38385
-37637
-37455
-37361
-37119
-36848
-35584
-35441
-35269
-35206
-34995
-34940
-34763
-34503
-34406
-34361
-34161
-34022
-33965
-33629
-33613
-33337
-33118
-32475
-32215
-32058
-31683
-31656
-31534
-31106
-30848
-30796
-30713
-30558
-30473
-30351
-30235
-30138
-28901
-28648
-28549
-28421
-28301
-28184
-27972
-27463
-27437
-27289
-27224
-26921
-26632
-26413
-25811
-25226
-25103
-24618
-24593
-23917
-23506
-23425
-22968
-22553
-22111
-22010
-21689
-21478
-21461
-21337
-20815
-20610
-20377
-20087
-20032
-19724
-19319
-18935
-18728
-18586
-18487
-18412
-18218
-17989
-17831
-17811
-17572
-17407
-17402
-16740
-16624
-16553
-16079
-15845
-15815
-15535
-15524
-15387
-15256
-15172
-14286
-13539
-13259
-12916
-12915
-12542
-12047
-12031
-11885
-11601
-11551
-11199
-11132
-11056
-11039
-10805
-10769
-10504
-10163
-9967
-9701
-9622
-9604
-9354
-9188
-8897
-8438
-8328
-7992
-7833
-7763
-7443
-7310
-7279
-7257
-6963
-6804
-6701
-6592
-6502
-6461
-6371
-5989
-5741
-5467
-5091
-4983
-4976
-4909
-4387
-4000
-3953
-3940
-3624
-2842
-2647
-2479
-2404
-2037
-1946
-1594
-1481
-1444
-1391
-1050
-1010
-926
-18
234
418
500
602
611
687
694
872
884
1052
1143
1368
1395
1517
1574
2031
2112
2135
2380
2445
2558
2746
3109
3654
3944
4776
4858
4950
5140
5266
5539
5592
5960
6107
6343
6798
7055
7077
7657
7681
7759
8129
8485
8557
8807
9276
9336
9547
9743
9808
9857
9902
9993
10358
10373
10448
11083
11088
11216
11590
11657
11713
12005
12062
12522
13211
13531
13543
13838
13851
13996
14188
14228
14243
14755
14873
15504
15602
15751
15944
16168
16811
17054
17638
17695
17728
18067
18069
18867
19400
19643
19692
19889
20929
21706
21730
21798
21973
22097
22105
22298
22706
22932
22973
23248
23255
23846
24240
24407
24480
24742
24851
24900
25041
25219
25236
25720
25784
26051
26059
26249
26476
26823
27434
27685
27692
28174
28478
28545
28902
29018
29091
29380
29512
29703
29924
30061
30164
30222
30453
30910
31613
31638
32005
32010
32024
32188
32190
32305
32437
33545
33621
33700
33851
34045
34274
34311
34386
34529
34722
34980
35159
35517
36099
36184
36664
36997
37013
37122
37371
37931
38076
38222
38239
38515
38842
39595
39947
40485
40617
41041
41104
41147
41369
41622
42088
42194
42393
42699
42824
42907
43043
43437
43473
43623
43760
44219
44304
44324
44327
44758
45286
45387
45828
46066
46333
46526
46717
47257
47348
47408
47589
47698
48011
48167
48172
48423
48564
48881
49392
49570
49580
49596
49712
49772
50219
50484
50496
50655
51071
51119
51163
51460
51775
51829
52833
52919
52965
53160
53171
53348
53736
53767
53830
53953
54314
54331
54417
54526
55065
55365
55530
55643
55650
55912
56287
56770
56841
56853
56909
57161
57165
57214
57433
57631
57720
57735
57818
57874
57940
58357
58381
58512
58601
59071
59150
59175
59189
59266
59453
59456
59655
59740
59762
60090
60923
61198
61513
61588
61607
62238
62488
62977
63001
63283
63324
63480
63542
63570
64081
64088
64089
64148
64298
64405
64477
64782
64837
64927
65080
65395
65438
65561
65644
65778
65889
65900
66518
66580
66719
67058
67315
67354
67796
67796
67841
68194
68287
68354
68358
68985
69293
69440
69759
69868
69909
69919
70289
70386
70639
70898
70923
71030
71362
71362
71584
71600
71775
71839
71862
71873
72439
72554
72857
72875
72884
73065
73079
73478
73845
73861
74029
74143
74143
74212
74446
74502
74701
74719
74729
74793
75179
75235
75330
75677
75792
76043
76059
76216
76826
77330
77967
78659
78711
78840
78859
78976
79119
79277
79652
79977
80503
80844
80970
81102
81121
81283
81419
81671
81792
82045
82129
82917
82947
83830
83863
84140
84329
84415
84554
84760
84937
85171
85312
85312
85500
85515
85550
85804
85954
85958
86000
86283
86445
86495
86556
87247
88010
88328
88857
88901
89083
89822
89909
90080
90278
90368
90464
90570
90825
90876
91691
91743
91960
91993
91995
92171
92262
92268
92286
92349
92354
92417
92623
92729
92870
93469
93594
93662
93992
94222
94641
94675
94907
95055
95086
95121
95254
95418
96134
96561
96574
97130
97263
97398
97883
97884
98171
98385
98419
98426
98484
98717
98984
99084
99158
99459
99466
99628
99710
99719
99889