-99786
-99645
-99447
-99032
-98869
-98721
-98619
-98517
-98374
-98299
-97634
-97549
-96971
-96881
-96699
-96696
-96614
-96612
-96567
-96386
-96185
-95984
-95914
-95597
-95562
-95292
-95125
-95037
-94650
-94438
-94382
-94358
-94188
-94178
-94119
-94003
-93902
-93707
-93543
-93091
-92983
-92773
-92709
-92427
-92336
-91842
-91679
-91648
-91603
-91227
-91208
-90735
-90497
-90241
-90125
-89900
-89856
-89669
-89452
-89044
-88891
-88744
-88696
-88043
-88017
-87818
-87794
-87672
-87440
-87321
-87066
-86959
-86092
-86082
-85880
-85556
-85488
-85420
-85322
-85287
-85144
-85052
-84764
-84359
-84254
-84233
-83655
-82702
-82611
-82418
-82017
-81424
-81254
-80939
-80686
-80568
-80477
-80428
-80376
-80360
-80100
-79841
-79828
-79592
-79447
-79069
-78856
-78845
-78635
-78397
-78360
-78209
-77911
-77541
-77124
-77009
-76922
-76849
-76725
-76502
-76361
-76324
-76321
-76305
-75928
-75799
-75724
-75625
-75508
-75324
-75240
-75217
-75112
-75019
-74741
-74583
-74410
-74203
-74161
-74120
-74094
-74018
-73891
-73740
-73481
-73389
-73263
-73164
-72928
-72831
-72779
-72606
-72175
-72036
-71611
-71595
-71541
-70831
-70524
-70446
-70255
-70248
-70225
-70152
-70028
-70007
-69398
-68689
-68551
-68474
-68357
-68116
-67741
-67605
-67545
-67353
-66981
-66690
-66585
-65855
-65691
-65537
-65519
-64779
-64559
-64132
-63817
-63499
-63462
-63396
-62826
-62451
-61929
-61652
-61513
-61440
-61430
-61138
-60132
-59234
-59056
-58880
-58758
-58649
-58512
-58507
-58138
-57910
-57804
-57705
-57617
-57060
-56919
-56796
-56702
-56587
-56290
-56135
-55975
-55694
-55596
-55307
-55084
-54538
-54222
-54210
-54122
-53874
-53724
-53566
-53209
-53165
-52971
-52193
-51928
-51820
-50790
-50374
-50322
-49976
-49653
-49437
-49280
-49243
-49152
-49027
-48992
-48815
-48672
-48642
-48626
-48380
-48358
-48289
-48076
-47953
-47813
-47757
-47626
-47495
-47470
-47251
-46445
-46439
-46342
-45951
-45696
-44739
-44729
-44328
-44283
-44257
-44205
-43946
-43910
-43726
-43540
-43421
-43341
-43254
-42796
-42570
-42231
-42098
-42080
-41408
-41367
-41102
-40985
-40977
-40892
-40817
-40619
-40583
-40568
-40523
-40437
-39533
-39268
-39153
-38967
-38895
-38671
-38127
-37868
-37818
-37632
-37308
-37138
-36936
-36332
-36051
-35913
-35741
-35700
-35695
-35201
-35041
-35020
-35005
-34791
-34513
-34191
-34146
-34107
-34085
-33831
-33766
-32707
-32513
-32457
-31999
-31831
-31825
-31345
-31204
-31009
-30891
-30640
-30308
-30211
-29887
-29605
-28890
-28711
-28709
-28400
-28016
-28012
-27910
-27878
-27592
-27513
-27486
-27381
-27371
-26915
-26862
-26813
-26635
-26582
-26542
-26430
-26326
-26322
-25704
-25587
-25356
-25247
-24908
-24714
-24552
-24498
-24173
-24085
-23918
-23712
-23651
-23614
-23260
-23060
-23011
-22746
-22689
-22415
-22409
-22322
-22200
-21853
-21782
-21746
-21545
-21419
-20852
-20805
-20695
-20527
-20090
-20056
-20055
-19955
-19917
-19633
-19632
-19382
-19128
-19112
-19053
-18949
-18770
-18682
-18429
-18302
-17435
-16822
-16723
-16399
-16238
-16082
-15980
-15964
-15930
-15466
-15395
-15194
-15061
-15012
-14744
-14706
-14624
-14158
-13971
-13882
-13851
-13388
-13376
-13274
-12813
-12792
-12740
-12502
-12389
-12332
-12213
-12111
-11542
-11451
-11313
-11216
-10807
-10732
-10688
-10389
-10375
-9691
-9451
-9385
-9319
-9296
-8587
-8495
-8421
-8248
-7393
-7016
-6910
-6727
-6599
-6528
-6266
-6235
-5751
-5710
-5487
-5243
-4881
-4599
-4443
-4109
-4093
-3851
-3487
-3406
-2802
-2788
-2680
-2645
-2406
-2379
-2313
-1929
-1814
-1781
-1649
-1097
-1015
-976
-764
4
47
58
738
776
1870
1949
2216
2517
2541
3109
3563
4702
4792
4897
5075
5357
5425
5524
5546
5656
5693
6128
6336
6555
6742
6847
6947
7043
7142
7161
7176
8322
8378
8513
8595
8715
10269
10620
10755
10835
10897
11056
11216
11599
11902
11960
12064
12238
12359
12785
12867
12891
13078
13157
13716
13945
13955
14162
14223
14274
14278
14584
14801
15278
15412
15554
15878
15915
16446
16470
16742
17260
17750
17769
17940
18146
18367
18449
18496
18516
18580
19074
19149
19284
19325
19383
19601
19608
20139
20230
20327
20660
21047
21206
21213
21335
21581
21700
21791
22383
22866
22889
22906
23052
23284
23319
23375
23844
24271
25476
25622
25695
25740
25757
25833
26035
26214
26335
26508
26996
27432
27967
28109
28246
28630
29031
29110
29132
29141
29200
29918
30140
30627
30981
31017
31086
31161
31391
31781
32506
32667
33274
34046
34180
34350
34554
34606
34888
34981
35430
35608
35613
35836
35897
35991
36064
36703
37750
37902
38035
38192
38213
38235
38514
38563
38931
39103
39418
39502
39954
40900
40942
42016
42034
42235
42536
42706
42767
42977
43252
43316
43582
44053
44053
44243
44279
44317
44687
44750
44777
44800
44908
44928
45027
45090
45330
45467
45678
45700
45759
45827
45873
45972
46336
46478
46520
46806
46835
47527
47872
48215
48299
48403
48446
48502
48622
48631
48725
48935
49049
49132
49201
49219
49264
49336
49530
49794
50006
50181
50207
50680
51030
51041
51132
51167
51722
51982
51986
52250
52959
53017
53491
53682
53767
53992
54119
54762
54973
55020
55022
55116
55233
55278
55692
55980
56547
56817
57499
57513
57595
58054
58606
58660
58699
58826
58914
58978
59566
59658
60033
60210
60353
60811
61225
61273
61292
61735
61906
61988
62547
62777
63010
63271
63346
64400
64713
64800
64811
65178
65251
65262
65267
65708
65806
66028
66048
66107
66160
66174
66377
66620
67506
67673
67729
67741
67770
67811
67935
68113
68244
68705
68716
68770
68784
68787
69065
69086
69415
70207
70567
70791
70836
70939
71044
71126
71272
71401
71718
72061
72065
72223
72563
72603
72818
72974
72982
73036
73076
73137
73229
73321
73435
73440
73567
73568
73768
73850
74277
74517
74644
74867
75042
75324
75350
75619
75868
75924
75990
76388
76499
76680
76863
77132
77265
77378
77404
77408
77462
77514
77556
77612
77941
78302
78357
78552
78603
78627
78859
78989
79178
79200
79314
79316
79840
79927
80202
80235
80351
80909
81279
81534
81606
81689
81886
82092
82132
82213
83114
83564
83603
84087
84253
84343
84355
84369
84409
84515
85060
85211
85296
85359
85779
85841
85982
86064
86364
86500
86537
86758
86914
86919
87558
87780
88374
88507
88544
89287
89342
89505
89638
89661
89721
89819
90022
90135
90561
90614
90682
90927
90961
91020
91085
91345
91563
91582
91947
92045
92091
92091
92868
92953
92992
93028
93151
93160
93177
93235
93714
93731
93962
94243
94389
94436
94685
94770
95307
95315
95356
95490
95494
95562
95985
96198
96318
96372
96393
96643
96670
97115
97140
97351
97417
97478
97953
98024
98124
98181
98490
98560
98831
98833
99069
99238
99244
99455
99464
99617
99818
99851
99886
99983