-99804
-98904
-98353
-98333
-97928
-97905
-97817
-97648
-97614
-97496
-97372
-97025
-97013
-96953
-96371
-96321
-96139
-95845
-95737
-95670
-95645
-95590
-95514
-95513
-95424
-95335
-95064
-94938
-94676
-94663
-94580
-94387
-94273
-94173
-93656
-93159
-93012
-92510
-92200
-92036
-91856
-91657
-90972
-90853
-90777
-90654
-90449
-90356
-90216
-90157
-89981
-88974
-88944
-88929
-88748
-88511
-88497
-88428
-88176
-88106
-87689
-87602
-86976
-86870
-86755
-86729
-86409
-86386
-86333
-85983
-85872
-85779
-85349
-85334
-84786
-84247
-84147
-84084
-84034
-83404
-83170
-83154
-83041
-82563
-82317
-82285
-82064
-82011
-81931
-81511
-81377
-81366
-81344
-81259
-81218
-81128
-80774
-80595
-80408
-80185
-79742
-79677
-79568
-79542
-79435
-79354
-79189
-79135
-79126
-78906
-78035
-76945
-76753
-76566
-76557
-76556
-76428
-76386
-76365
-76113
-76101
-76023
-75871
-75867
-75660
-75482
-75375
-74988
-74579
-74560
-74161
-74149
-74138
-73905
-73265
-72931
-72750
-72503
-72492
-72168
-72088
-72048
-71138
-71048
-71027
-70956
-70302
-70218
-70152
-70003
-69991
-69611
-69535
-69340
-69287
-69179
-69078
-68995
-68863
-68466
-68400
-67888
-67037
-66570
-66348
-65488
-64955
-64914
-64575
-64314
-64001
-63886
-63413
-63262
-63213
-63089
-62701
-62448
-61872
-61783
-61507
-61476
-61354
-61268
-60857
-60794
-60431
-60214
-59960
-59773
-59284
-58993
-58467
-58435
-58052
-57608
-57353
-57099
-57087
-56887
-56394
-56238
-56124
-56072
-54701
-54661
-54585
-54473
-54454
-54152
-53880
-53869
-53665
-53575
-53092
-52810
-52783
-52298
-52182
-51860
-51229
-51200
-51084
-50919
-50891
-50378
-50177
-49968
-49611
-48864
-48861
-48769
-48696
-48463
-48350
-48312
-48275
-47481
-47254
-47063
-46350
-45779
-45630
-45455
-44968
-44884
-44881
-43688
-43646
-43153
-43032
-42961
-42863
-42148
-42096
-41682
-41593
-41531
-41369
-41268
-41105
-41069
-40810
-40705
-39995
-39944
-39774
-39318
-39201
-39108
-38994
-38817
-38753
-38680
-38475
-38233
-38166
-38135
-37999
-37541
-37148
-36854
-36764
-36494
-36314
-36105
-36004
-35761
-35747
-35647
-35603
-35246
-34876
-34774
-34521
-34035
-33951
-33951
-33576
-33336
-32932
-32477
-32474
-32241
-32064
-31902
-31511
-31416
-30934
-30882
-30876
-30795
-30689
-30684
-30518
-30446
-30156
-30000
-29972
-29626
-29540
-29385
-28962
-28924
-28791
-28765
-28757
-28677
-28604
-28530
-28052
-27982
-27425
-27279
-27155
-26721
-26636
-26419
-26072
-26012
-25929
-25893
-25833
-25617
-25560
-25559
-25476
-25461
-25455
-24639
-24634
-24371
-24340
-24017
-23776
-23628
-23589
-23453
-23269
-23155
-23075
-22962
-22900
-22847
-22651
-22244
-22142
-21889
-21694
-21457
-21114
-20491
-20461
-20351
-20348
-20284
-20166
-19529
-19423
-19408
-19396
-19316
-18919
-18847
-18566
-18552
-18549
-18346
-17907
-17780
-17570
-17383
-17261
-17249
-17185
-17066
-16952
-16586
-16310
-16271
-15944
-15939
-15770
-15665
-15646
-15574
-15457
-15452
-15443
-15354
-15205
-15180
-15018
-15009
-14986
-14552
-14195
-13939
-13895
-13838
-13725
-13607
-13533
-13458
-13387
-13288
-13273
-13095
-12916
-12817
-12529
-12270
-12223
-12164
-11806
-11791
-11534
-11533
-11340
-11143
-10663
-10605
-10590
-10406
-10336
-9894
-9650
-9459
-9298
-9096
-8849
-8688
-8141
-8042
-7968
-7828
-7460
-7357
-7231
-7194
-7031
-6918
-6879
-6491
-6471
-6329
-6172
-6089
-5772
-5308
-5110
-4891
-4610
-4541
-4309
-4063
-3899
-3796
-3571
-3486
-3401
-3359
-3303
-2942
-2936
-2658
-2475
-2312
-2131
-1448
-812
-596
-584
-564
-380
-326
-247
-178
-153
-131
-17
34
430
784
835
1164
1715
1893
2626
2801
2891
2966
3035
3385
3420
3473
3625
4192
4206
4232
4622
4686
4764
4796
5301
5331
5473
5679
5901
6138
6164
6343
6372
6593
6634
6816
6874
6987
7012
7043
7079
7121
7725
8932
9328
9357
9571
9756
9849
10143
10179
10194
10316
10499
10653
10721
11727
12153
12250
12262
12266
12272
12500
12781
12952
12999
13211
13367
13407
13458
13585
13771
13815
13987
14009
14141
14281
14317
14356
14479
14516
14563
14931
14981
15232
15691
15992
16341
16466
16617
16656
16836
17188
17201
17289
17427
17728
18199
18454
18486
18674
18841
19024
19046
20004
20222
20251
20388
20421
20559
20630
20851
20947
21540
21760
21808
22312
22321
22600
22648
22929
23164
23171
23437
23487
23822
24253
24517
24568
24772
24862
24916
25094
25183
25883
25969
26299
26315
26884
27060
27218
27483
27999
28196
28350
28374
28478
28848
29074
29272
29289
29801
30394
30473
30546
30650
30727
30738
30961
31281
31523
31538
31640
31724
31881
31987
32185
32537
32678
32924
33199
33469
33493
33872
33907
34133
34541
34662
34840
34909
35416
35501
35530
35718
35728
35760
35913
35916
35945
36205
36428
36659
36787
36855
37236
37303
37530
37996
38447
38600
38700
38752
38806
38832
38837
38873
38949
39168
39217
39524
39728
39937
40374
40491
40606
40988
41161
41202
41359
41413
41437
41624
41790
42134
42151
42484
42630
42696
43392
43404
43448
44073
44173
44620
45169
45236
45241
45499
46173
46256
46408
46593
46724
47671
48047
48167
48297
48608
48662
48715
48944
49059
49156
49305
49512
49619
49883
50024
50255
50563
51121
51146
51368
51871
51942
52583
52593
52616
53156
53237
53285
53821
53835
54085
54222
54377
54431
54486
54508
54536
54858
54931
54957
54968
55845
56149
56479
56507
56577
56756
57140
57409
57500
57593
57688
58213
58273
59005
59565
59862
60019
60064
60221
60579
60717
60810
60886
61284
61342
61636
62521
62574
62724
62835
63078
63830
64245
64736
64973
65150
65249
65465
65511
65884
65981
66492
66688
66842
67255
67302
67607
67697
68304
68398
68493
68845
69016
69045
69060
69179
69295
69300
69353
69413
69742
70171
70278
70320
70329
70348
70449
70451
70480
70550
70560
70584
70769
70817
70864
70912
71107
71445
71469
71599
71634
71733
71802
71954
72075
72500
72591
72837
73268
73350
73482
73486
73696
73924
74174
74186
74309
74359
74467
74530
75276
75389
75662
75744
75775
75829
76116
76130
76509
76805
77376
77969
78102
78593
78676
78824
79124
79270
79434
79545
79901
80067
80072
80300
80802
80998
81126
81156
81284
81290
81457
81482
81532
81700
81705
82033
82377
82702
82957
82975
83206
83225
83570
83620
83932
84050
84295
84319
84355
84479
84527
84893
85062
85426
85505
85536
86255
86635
86785
86860
87108
87196
87215
87443
87963
88069
88088
88280
88383
88395
88596
88673
88679
88776
88978
88992
89447
89676
90260
90959
91020
91167
91562
91689
91898
92076
93058
93434
93602
93622
93637
93668
94218
94344
94513
94542
94618
94880
94960
95425
95529
95675
96128
96217
97617
97706
97942
98380
98679
98805
99250
99260
99479
99484
99576
99934