-99924
-99448
-99305
-99052
-98853
-98737
-98729
-98321
-98190
-98156
-97870
-97757
-97734
-97485
-97266
-97123
-96990
-96911
-96786
-96752
-96639
-96405
-95421
-95283
-95215
-95161
-95009
-94873
-94827
-94751
-94483
-94405
-94290
-94213
-94045
-94024
-93999
-93748
-93641
-93612
-93574
-93282
-93067
-93000
-92890
-92502
-92475
-92432
-92138
-92097
-91337
-91274
-91241
-91232
-91081
-91076
-91057
-90608
-90321
-90147
-90101
-89942
-89704
-89647
-88888
-88350
-88275
-87483
-87082
-86859
-86775
-86578
-86560
-86486
-86444
-86029
-86007
-85758
-85350
-85331
-85221
-84854
-84209
-84079
-84071
-83689
-83553
-83040
-82565
-82517
-82516
-82275
-82247
-82213
-82030
-81993
-81925
-81689
-81650
-81355
-80614
-80025
-79541
-79481
-79231
-79183
-78883
-78794
-78734
-78569
-77768
-77756
-77656
-77572
-77469
-77355
-77107
-76809
-76719
-76325
-76223
-75935
-75341
-75132
-75042
-74817
-74503
-74447
-74132
-73970
-73780
-73687
-73541
-73445
-73199
-73178
-73113
-73002
-72732
-72628
-72052
-72017
-71554
-71474
-71407
-71345
-71210
-71069
-70943
-70741
-70332
-69886
-69569
-69503
-68829
-68812
-68351
-68311
-68026
-67919
-67587
-67551
-67513
-67263
-67222
-66695
-66639
-66381
-66131
-65912
-65905
-65831
-65726
-65671
-65538
-65156
-65076
-65061
-64959
-64906
-64894
-64768
-64749
-64704
-64686
-64585
-64443
-64374
-64215
-63754
-63491
-63446
-63419
-63172
-62507
-62401
-62045
-61815
-61552
-61427
-61250
-61222
-60976
-60954
-60876
-60508
-60221
-60143
-59826
-59693
-59465
-59286
-59177
-58896
-58665
-58636
-58578
-58007
-57764
-57752
-56980
-56791
-56764
-56665
-56399
-56380
-56289
-56228
-56047
-55953
-55930
-55764
-55615
-55610
-55289
-55287
-54983
-54923
-54777
-53974
-53947
-53807
-53624
-53467
-53271
-52885
-52727
-52601
-52505
-52386
-52122
-51660
-51626
-51483
-51305
-51193
-51183
-51034
-51028
-50474
-50383
-50262
-50145
-49729
-49727
-49726
-49445
-49250
-48490
-48079
-47849
-47639
-47520
-47494
-47289
-47154
-46810
-46808
-46089
-46036
-45435
-45346
-45166
-44954
-44938
-44822
-44506
-44411
-44051
-43809
-43370
-42141
-42117
-42048
-41957
-41919
-41470
-41148
-41122
-40964
-40938
-40906
-40898
-40841
-40082
-39719
-39360
-39086
-38719
-38696
-38323
-38318
-38109
-38002
-37571
-37481
-37088
-36948
-36849
-36806
-36751
-36568
-36384
-36117
-36088
-36072
-35672
-35496
-35438
-35323
-35182
-35122
-34931
-34838
-34658
-34216
-33634
-32598
-32538
-32186
-32177
-31916
-31808
-31409
-31325
-31198
-31014
-30923
-30817
-30613
-30296
-29965
-29646
-29590
-29585
-28711
-28666
-28537
-28495
-27675
-27514
-27381
-27252
-27155
-26921
-26705
-26698
-26597
-26389
-25879
-25826
-25738
-25500
-25473
-25365
-25275
-25169
-24908
-24650
-24626
-24493
-24218
-24138
-23944
-23881
-23785
-23693
-23452
-23388
-23297
-23176
-22899
-22892
-22624
-22505
-22226
-21961
-21685
-21678
-21413
-21086
-20928
-20435
-20422
-20283
-20127
-19980
-19908
-19821
-19443
-19122
-19030
-18814
-18375
-18169
-18054
-17951
-17211
-17000
-16894
-16885
-16521
-16348
-16269
-16219
-16128
-15615
-15333
-15081
-14670
-14477
-14257
-13972
-13818
-13762
-13627
-13614
-13539
-13452
-13336
-13102
-12974
-12789
-12465
-12403
-12284
-11960
-11763
-11729
-11257
-11033
-10919
-10734
-10724
-10522
-10431
-10410
-10380
-10206
-10112
-10033
-9619
-9594
-9281
-9141
-9011
-8993
-8767
-8555
-8536
-8184
-7550
-6987
-6901
-6450
-6346
-5878
-5714
-5126
-4946
-4775
-4682
-4676
-4052
-3134
-2901
-2544
-2252
-2019
-2009
-1718
-1535
-895
-571
-482
287
332
356
464
542
622
743
833
1055
1092
1202
1304
1585
1601
1808
1944
2075
2168
2800
3062
3225
3233
3261
3957
4241
4458
4519
4757
4794
5655
5657
5884
5932
5964
6225
6376
6393
6394
6545
6633
6957
6972
7045
7155
7306
7714
8037
8093
8424
8976
9507
9607
9625
9730
9903
10166
10439
10540
10594
10848
10953
11009
11048
11312
11569
11705
11736
11781
12091
12114
12368
12488
12527
12553
12740
12902
12971
13510
13541
13744
13792
14121
14139
14534
14975
14989
15513
15609
15627
15772
15878
16409
16714
16792
16977
17644
18079
18574
18952
19002
19070
19169
19802
19934
20387
20445
20682
20715
20852
20953
21289
21358
21460
22158
22349
22379
22472
22626
22775
22907
23193
23316
23473
23496
23740
23924
24383
24719
25087
25318
25561
25748
25973
26290
26567
26652
27004
27437
27478
27481
27847
27952
28484
28543
28544
28562
28652
28694
28703
28881
28884
29008
29082
29171
29283
29799
30039
30182
30222
30227
30377
30463
30588
30605
30812
30964
31204
31842
31967
32131
32882
32901
32933
33041
33269
33502
33857
34234
34471
34609
34752
35359
35416
35650
35726
35809
35968
36072
36584
36660
36686
36771
36904
37115
37244
37264
38110
38270
38465
38548
38649
38652
38909
39060
39237
39345
39366
39386
39528
41081
41503
42186
42210
42374
42616
42736
42956
43367
43496
43517
43614
43871
44033
44172
44503
44551
45221
45263
45600
45687
45713
45906
45925
46197
46403
46546
46647
47050
47084
47101
47196
47340
47347
48497
48589
48631
48686
48756
49235
49270
49557
49802
49979
50043
50521
50727
50962
50974
51039
51109
51210
51459
51665
52690
52825
53027
53400
53663
53885
53958
54061
54856
55281
55510
55711
55768
55975
56015
56057
56106
56298
56459
57004
57167
57778
59031
59101
59234
59434
59631
59637
59640
59696
59853
59917
60048
60063
60137
60403
60480
60602
60641
60903
60917
61086
61103
61140
61167
61171
61180
61248
61286
61370
61672
61948
62299
62371
62589
62726
63027
63237
63328
63381
63417
63736
63791
63953
64029
64223
64703
64706
64773
64838
65763
65795
66041
66358
66406
66680
67070
67126
67157
67609
68012
68141
68145
68323
68596
68862
68948
69446
69583
69624
69896
69936
70097
70388
71158
71175
71408
71550
72089
72202
73097
73214
73520
73671
73948
74002
74379
74484
74766
75293
75808
75812
75955
76034
76077
76254
76451
76573
76894
76968
77013
77277
77324
77667
77673
78187
78584
78790
78887
79024
79055
79437
79482
79609
79799
79912
79995
80040
80171
80289
80333
80482
80666
80676
80885
81065
81160
81375
81554
81668
81746
81837
81882
82185
82455
83157
83200
83388
83421
83620
83905
84764
84947
84994
85095
85230
85300
85306
85340
85343
85559
85607
85634
86087
86116
86195
86328
86467
86913
87014
87761
87829
87870
88076
88660
88998
89038
89336
89519
89562
90437
90626
91117
91313
91555
91741
92047
92406
92462
92558
92618
92670
92679
92735
93143
93420
93514
93775
93880
94000
94169
94214
94221
94256
94304
94551
94603
94673
94718
94887
95343
95408
95753
95795
95819
96789
96870
97193
97275
97735
97738
98013
98228
98499
98549
98787
98838
99113
99121
99170
99263
99842