-99777
-99723
-99142
-99052
-98787
-98752
-98577
-98559
-98327
-97804
-97213
-96974
-96696
-96387
-96332
-96186
-96034
-95993
-95555
-95426
-95358
-95066
-94995
-94670
-94319
-94190
-94063
-94024
-93899
-93834
-93570
-93326
-92554
-92451
-92343
-92306
-91118
-90983
-90898
-90896
-90661
-90295
-90292
-90188
-89970
-89863
-89687
-89506
-89451
-89067
-88880
-88879
-88809
-88572
-88323
-88045
-87911
-87725
-87700
-87599
-87489
-87394
-87232
-87030
-86748
-86304
-86154
-86003
-85894
-85584
-85461
-85455
-85307
-85215
-85087
-85048
-84617
-84420
-84139
-83795
-83449
-83440
-82836
-82740
-82715
-82121
-81988
-81739
-81486
-81446
-81232
-81132
-81030
-80804
-80767
-80509
-80415
-79955
-79745
-79392
-79247
-79049
-79038
-78707
-78555
-78520
-78115
-78079
-77377
-77352
-77312
-77278
-77120
-76668
-76508
-76325
-76322
-76287
-76149
-76006
-75957
-75471
-75463
-75364
-75301
-75154
-75081
-75081
-75021
-74828
-74818
-74161
-74014
-73808
-73705
-73241
-72390
-72141
-72027
-71937
-71450
-71098
-71077
-70804
-70330
-70246
-70069
-69857
-69757
-69732
-69719
-69611
-68860
-68758
-67949
-67817
-67382
-67347
-67091
-66434
-66404
-66235
-65942
-65708
-65632
-65604
-65133
-65021
-64875
-64721
-64470
-64461
-64244
-64216
-63473
-63443
-63330
-62757
-62562
-62183
-62109
-62099
-61922
-61127
-61114
-61052
-60855
-60565
-60404
-60395
-60238
-60233
-60062
-59730
-59546
-59209
-58840
-58834
-58696
-58579
-58348
-58282
-57631
-56947
-56798
-56348
-56302
-56076
-56054
-56029
-55921
-55750
-55743
-55559
-55408
-55334
-55133
-55057
-54897
-54500
-54178
-54073
-53916
-53756
-53440
-52974
-52713
-52709
-52691
-52594
-51701
-51701
-51681
-51333
-51174
-50833
-50541
-50149
-50143
-49954
-49749
-49561
-49361
-49329
-49301
-49250
-48920
-48413
-48182
-47737
-47185
-47154
-46463
-46396
-45889
-45887
-45102
-45048
-44507
-44136
-43872
-43730
-43694
-43364
-43255
-43203
-42865
-42749
-42693
-42491
-42200
-42136
-42080
-41857
-41770
-41674
-41463
-41181
-40927
-40808
-40781
-40584
-40066
-40063
-39785
-39601
-39294
-39140
-38947
-38874
-38493
-38004
-37216
-36964
-36756
-36237
-35916
-35603
-35553
-35449
-35357
-35125
-34382
-33881
-33788
-33776
-33775
-33609
-32780
-32018
-31908
-31736
-31204
-30547
-30536
-30500
-30376
-30146
-30085
-29856
-29730
-29285
-29285
-29262
-28751
-28197
-27821
-27667
-27638
-27089
-26894
-26860
-26839
-26707
-26603
-26385
-26229
-25776
-24719
-24699
-24503
-24461
-24398
-24291
-24040
-23832
-23766
-23161
-22972
-22508
-22474
-22403
-22260
-22037
-22018
-21857
-21763
-21229
-20853
-20596
-20314
-20207
-19979
-19914
-19895
-19875
-19855
-19328
-19207
-19078
-19001
-18927
-18747
-18687
-18478
-18153
-18065
-17987
-17790
-17710
-17570
-17270
-17254
-17219
-17098
-17000
-16797
-16599
-16309
-15981
-15794
-15688
-15443
-15431
-15389
-14957
-14619
-14532
-14401
-14370
-13817
-13743
-13515
-13490
-13151
-12870
-12836
-12529
-12226
-11567
-11502
-11491
-11349
-11043
-10998
-10503
-10434
-10243
-10178
-10111
-9992
-9974
-9846
-9753
-9527
-9523
-9215
-9139
-8858
-8659
-8603
-8595
-7904
-7794
-7777
-7671
-7610
-7509
-7242
-7019
-6837
-6567
-6555
-6377
-5697
-5686
-5217
-5081
-4907
-4191
-3970
-3683
-3436
-3401
-3385
-3199
-3132
-3088
-3020
-2996
-2804
-2750
-2306
-2141
-1771
-1549
-1008
-539
-239
-190
46
135
484
565
593
831
880
910
1152
1251
1351
1496
1542
2339
2359
2460
3240
3746
4173
4620
4751
4946
4995
5094
5194
5322
5826
6092
6751
6837
7267
7448
7603
7761
7822
8023
8061
8519
8870
9248
9274
9298
9299
9349
9410
9537
9576
9900
9966
10071
10351
10488
10966
11801
11882
12078
12209
12909
13044
13076
13291
13397
13497
13715
14132
14199
14460
14520
14602
14843
14969
15059
15116
15530
16023
16035
16385
16586
16725
16857
16957
16988
17015
17202
17268
17383
17541
17544
18026
18504
18776
18944
19050
19080
19123
19133
19218
19343
19386
19525
19709
19714
19928
20166
20278
20330
20664
20679
20697
21136
21246
21802
21859
22228
22438
22534
22593
22673
22867
23043
23271
23281
23289
23319
23331
23432
23446
23658
23896
24121
24691
25080
25322
25631
25735
25888
25946
26129
26387
26447
26635
26743
27003
27012
27147
27182
27197
27261
27348
27457
27560
27794
27902
28250
28366
28471
28583
28677
28839
28901
29145
29152
29805
29852
29913
29974
30270
30397
30443
30606
30688
31229
31805
31892
31981
32038
32600
33261
33450
34206
34654
34758
35175
35301
35426
35480
35493
36003
36069
36484
36784
36928
37041
37081
37222
37432
37488
37506
37567
38560
38655
38729
38735
38957
39172
39195
39209
39251
39314
39318
39356
39841
40368
40395
40500
40604
41063
41358
41421
41489
41516
41623
41657
41732
41764
41781
42017
42391
42433
42648
42800
42857
42862
42889
43133
43180
43196
43266
43358
43807
43934
44228
44588
44597
44766
44980
45014
45031
45172
45477
45520
45526
45585
45742
45819
45887
46367
46434
46581
46788
46939
47430
47460
47611
47915
47966
48839
49036
49244
49259
49424
49471
49502
49552
49564
50193
50326
50330
50461
50886
51906
52137
52185
52711
52750
52813
52841
52884
52895
53452
53521
53563
53566
53684
54211
54560
54591
54985
55002
55122
55282
55483
55500
55531
55633
55723
55917
55955
56288
56428
56823
57017
57129
57245
57450
57863
58149
58198
58241
58317
58337
58402
58732
58903
59003
59465
59829
59865
60441
60562
60745
61045
61237
61355
61502
61878
61878
62173
62522
62544
62728
62997
63051
63228
63289
63430
63493
63513
63855
64000
64178
64341
64661
64781
65282
65337
65580
66294
66361
66523
66753
67144
67185
67210
67355
68332
68752
68801
68900
68909
69279
69302
69482
69816
69856
70050
70489
70492
70606
71094
71220
71221
71767
71788
71899
72167
72302
72520
72890
73029
73071
73816
73886
73974
74303
74375
74963
75172
75335
75641
75783
75880
76125
76309
76505
76576
77309
77312
77384
77822
78002
78035
78331
78407
78595
78728
78946
78963
79195
79335
79532
79837
79990
80425
80522
80573
80887
81148
81221
81489
81581
81792
81814
81992
82019
82283
83195
83557
83583
83647
83836
84030
84435
84477
84587
85152
85204
85591
85773
85790
85793
85832
86045
86054
86109
86210
86214
86435
86600
86659
86784
87426
87534
87542
87778
88036
88134
88236
88320
88763
89015
89259
89533
89745
90404
90419
90504
90546
90722
90876
90885
90886
91384
91431
91815
91917
91983
92009
92146
92256
92360
92452
92664
92724
92957
93286
93327
93383
93689
93930
93982
94175
94327
94631
94686
94770
95034
95377
95599
95690
95711
95724
96135
96153
96277
96357
96428
96481
96598
96854
97152
97416
97463
97610
98229
98367
98717
98976
99391
99702