-99602
-99483
-99330
-99070
-98937
-98867
-98696
-98676
-98664
-98573
-97414
-97187
-96664
-96440
-96434
-96227
-96222
-96061
-95983
-95784
-95579
-95217
-94942
-94867
-94064
-93967
-93907
-93872
-93221
-92876
-92824
-92801
-92776
-92717
-92262
-91741
-91661
-91463
-91413
-91347
-90829
-90764
-90420
-90171
-89822
-89800
-89778
-89690
-89611
-89463
-89171
-89094
-88737
-88689
-88571
-88121
-88112
-87539
-87479
-87375
-87284
-86390
-86109
-86108
-86023
-85626
-85598
-85503
-85495
-85393
-85213
-84984
-84862
-84836
-84713
-84432
-84175
-84088
-83831
-83779
-83442
-83004
-82128
-82043
-81782
-81704
-81700
-81201
-80646
-80585
-80319
-80298
-80226
-79888
-79510
-79408
-79107
-79038
-78974
-78850
-78611
-78604
-78461
-78281
-78094
-77407
-77337
-77226
-76906
-76224
-75899
-75792
-75581
-75538
-75292
-74992
-74962
-74692
-74584
-74458
-74043
-74018
-74002
-73808
-73681
-73448
-72974
-72907
-72875
-72581
-72051
-71952
-71933
-71809
-71506
-71205
-71012
-70896
-70856
-70766
-70664
-70282
-70265
-70198
-70184
-70125
-69891
-69872
-69837
-69821
-69128
-68895
-68837
-68522
-68477
-68319
-67872
-66944
-66852
-66597
-66228
-66118
-65999
-65749
-65709
-65548
-65443
-64932
-64510
-64485
-64468
-64178
-64177
-64116
-64048
-64013
-63392
-62826
-62768
-62513
-62357
-62227
-62213
-62112
-60842
-60566
-60485
-60082
-60064
-58827
-58693
-58518
-58498
-58455
-58330
-58298
-57975
-57874
-57707
-57551
-57466
-57352
-56985
-56829
-56132
-56095
-55632
-55460
-55239
-55215
-55192
-55148
-55119
-55037
-54243
-54178
-54109
-53997
-53835
-53696
-53677
-53501
-53253
-53053
-52982
-52541
-52357
-52274
-52153
-51488
-50878
-50777
-49946
-49900
-49782
-49673
-49551
-49339
-49188
-49091
-48794
-48768
-48566
-48500
-48357
-48140
-47877
-47746
-47484
-47449
-47411
-47251
-47111
-46847
-46763
-46740
-46509
-46465
-46423
-46351
-45922
-45815
-45704
-45581
-45217
-44887
-44834
-44834
-44657
-43952
-43683
-43650
-43627
-43201
-43072
-42889
-42724
-42581
-42554
-42374
-42269
-41685
-41656
-41439
-41399
-41216
-41143
-41139
-41033
-40798
-40786
-40697
-40640
-40140
-39960
-39866
-39258
-39258
-38959
-38918
-38694
-38625
-37928
-37874
-37487
-37480
-37404
-37374
-37312
-36994
-36957
-36569
-35882
-35517
-35514
-35311
-35148
-34949
-34792
-34538
-34501
-34346
-33990
-33981
-33740
-33727
-33708
-33591
-33103
-32758
-32688
-32503
-32413
-32256
-32146
-31919
-31856
-31447
-31373
-31287
-30832
-30630
-30060
-29950
-29408
-29171
-29069
-29020
-28920
-28485
-28444
-28294
-28259
-28229
-28063
-27941
-27709
-27458
-27352
-27294
-27238
-27057
-27050
-27029
-26869
-26737
-26498
-26349
-25880
-25645
-25412
-25150
-24553
-23760
-23735
-23709
-23402
-23091
-22958
-22570
-22235
-22095
-22064
-21990
-21868
-21512
-21336
-21126
-20774
-20686
-20600
-20556
-20229
-20140
-19909
-19873
-19828
-19817
-19771
-19698
-19590
-19476
-19191
-18822
-18797
-18791
-18567
-18522
-18331
-18180
-18169
-17986
-16792
-16353
-16155
-16132
-16116
-15917
-15875
-15505
-15452
-15181
-15061
-14781
-14062
-13996
-13960
-13650
-13508
-13161
-13125
-13031
-13024
-12947
-12595
-12566
-12465
-11980
-11615
-11613
-11514
-11340
-11135
-10630
-10533
-10420
-9622
-9549
-9101
-8675
-8018
-7989
-7965
-7768
-7657
-7519
-7501
-7488
-7163
-7044
-6957
-6953
-6899
-6593
-6537
-6261
-6246
-6201
-5969
-5849
-5805
-5759
-5636
-5471
-5467
-5461
-5436
-5123
-5122
-5064
-4306
-4100
-3782
-3680
-3570
-3270
-2904
-2799
-2221
-2196
-1907
-1616
-1612
-1405
-1372
-1322
-1059
-811
-674
-544
-232
87
380
383
440
816
1102
1603
1958
2084
2093
2093
2212
2284
2325
2421
2474
2651
2724
2807
2891
2917
3308
4078
4137
4169
4597
4718
4737
5099
5125
5685
5773
5774
5786
5787
6072
6174
6200
6850
7078
7110
7162
7295
7350
7847
7987
8167
8351
8370
8531
8639
8677
9042
9131
9150
9581
9720
9791
9893
10180
10219
10379
10966
11299
11351
11499
11554
11929
12461
12462
12989
13211
13364
13405
13415
13842
13989
14026
14153
14183
14212
14351
14357
14418
14637
14644
14658
14661
14696
14912
15211
15362
15366
15577
15891
16057
16197
16545
16978
17198
17375
17526
17526
18019
18253
18595
18920
18952
19007
19283
19600
19698
19815
20426
20693
20773
20982
21321
21470
21470
21567
21746
21779
21880
21937
22361
22515
22634
22677
22691
22726
22748
22891
22942
23126
23150
23186
23689
24028
24502
24847
24957
24995
25058
25151
25246
25354
25401
25419
25573
25603
25668
26094
26308
26504
26752
26753
27012
27200
27246
27498
27536
27585
28631
28672
28770
28949
29272
29427
29905
30025
30106
30202
30240
30362
30946
31013
31041
31302
31445
31454
31491
31645
31931
32006
32132
32344
32545
32651
32937
33023
33063
33102
33108
33162
33513
34220
34298
34500
34643
35254
36195
36246
36266
36753
36889
37033
37101
37177
37515
37691
38426
38481
38681
38959
39072
39257
39327
39417
39528
39688
39845
39994
40633
40841
41502
41694
41805
41821
42853
43001
43199
43354
43634
43852
43965
43991
44263
44717
44861
44921
45111
45757
46155
46360
46469
46622
46739
46811
46931
47077
47671
48228
48350
48428
49098
49189
49304
49411
49485
49554
49816
50137
50708
51066
51226
51435
51925
52043
52672
52809
52959
53245
53645
54002
54116
54399
55044
55131
55338
55527
56370
56540
56822
56852
56860
57197
57611
57675
58054
58400
58439
58532
58678
58741
58751
58760
58896
58943
59350
59397
59443
59521
60353
60524
60593
60596
60637
60775
60872
60950
60995
61026
61053
61304
61705
61855
61871
61948
62052
62492
62539
63042
63198
63468
63484
63496
63683
64246
64301
64341
64361
64386
65007
65216
65242
65335
65541
65799
66267
66472
66830
66945
67074
67465
67751
68056
68340
68586
68877
69098
69142
69168
69592
69731
69777
70129
70179
70380
70728
70732
70753
70818
71271
72101
72241
73760
74289
74398
74881
75129
75256
75417
75497
75614
75814
75868
76554
76712
76897
77200
77620
77629
77955
78286
78316
78657
78722
78890
79785
79823
79932
80010
80204
80384
80483
80756
81213
81302
81364
81519
81694
81753
81807
81916
81918
81921
82053
82528
82768
82851
83074
83118
83244
83572
84255
84389
84647
84716
84814
85284
85716
85959
85977
86239
86798
86842
86992
87238
87317
87403
87672
88401
88807
88917
89230
89323
89358
89464
89777
90334
90336
90378
90625
90769
90912
91138
91440
91455
92388
92483
92751
92787
92795
92804
93172
93217
93472
93484
93499
93508
93517
93534
93548
94184
94574
94746
94797
94879
95042
95043
95044
95099
95172
95252
95417
95453
95464
95581
95961
96012
96398
96534
96599
96787
97777
97908
97973
97975
98111
98519
98553
98667
98894
98939
98980
99228
99399
99620