-99897
-99595
-99516
-99345
-99331
-99246
-99187
-99122
-98555
-98498
-98344
-98192
-98008
-97571
-97511
-97459
-97385
-97009
-96714
-96651
-96589
-96542
-96229
-95855
-95765
-95304
-95230
-95216
-94839
-94490
-94295
-94076
-93727
-93672
-93595
-93413
-93341
-93188
-92692
-92516
-92279
-92094
-91972
-91931
-91801
-91779
-91735
-91713
-91534
-91515
-91281
-91191
-91113
-90616
-90255
-90199
-90146
-89684
-89575
-89478
-89169
-88762
-88648
-88629
-87415
-87242
-87239
-86363
-86215
-86014
-85962
-84918
-84629
-84337
-84326
-84275
-84049
-83994
-83704
-83676
-83591
-83344
-83320
-82995
-82792
-82329
-82273
-81451
-81366
-81341
-81264
-81068
-81018
-80977
-80393
-80245
-79787
-79658
-79409
-79254
-79004
-78915
-78646
-78016
-78003
-77969
-77878
-77859
-77816
-77590
-77582
-77537
-77439
-77188
-76831
-76709
-76505
-76269
-76240
-75716
-75636
-75561
-75459
-74595
-74440
-74297
-74264
-74253
-74106
-74049
-73950
-73732
-73723
-73503
-73347
-73279
-73256
-73180
-72746
-72708
-72640
-72587
-72366
-72225
-71821
-71535
-71492
-71414
-71375
-70967
-70398
-70107
-70057
-69602
-69268
-68305
-68165
-67956
-67927
-67858
-67765
-67492
-67396
-67345
-67116
-66966
-66813
-66697
-66495
-66464
-66384
-66043
-65837
-65820
-65797
-65797
-65488
-65284
-65117
-64954
-64374
-64177
-64036
-63800
-63778
-63599
-63533
-63431
-63250
-63070
-62905
-62886
-62692
-62630
-62521
-62512
-62279
-62216
-62192
-62176
-62157
-62016
-61791
-61605
-61584
-61497
-61243
-61210
-61140
-61121
-60967
-60920
-60919
-60582
-59870
-59865
-59624
-59215
-59056
-58704
-58618
-57468
-57361
-57066
-56106
-56071
-55832
-55533
-55517
-55441
-55331
-55235
-54861
-54820
-54660
-54648
-54647
-54445
-54277
-53758
-53106
-52894
-52490
-52202
-52183
-52049
-51956
-51937
-51763
-51702
-51651
-51419
-51392
-51263
-51166
-50781
-50364
-49884
-49640
-49567
-49130
-48498
-48417
-48259
-48214
-48069
-48007
-47980
-47782
-47659
-47281
-47186
-47134
-47074
-46462
-46007
-45505
-45263
-44863
-44608
-44475
-44447
-44409
-43898
-43261
-43039
-42748
-42188
-42173
-42072
-42055
-41603
-41556
-41493
-41359
-41220
-40962
-40777
-40773
-40552
-40450
-40156
-40024
-39589
-39268
-39163
-39045
-38897
-38807
-38366
-38140
-38072
-37866
-37742
-37741
-37733
-36578
-36486
-36350
-36314
-36138
-36068
-35320
-35241
-34752
-34680
-33948
-33727
-33700
-33403
-33060
-32691
-32628
-32302
-31993
-31913
-31797
-31624
-31514
-31265
-31223
-31194
-30917
-30804
-30610
-30573
-30497
-30430
-30344
-30142
-29742
-29652
-29477
-29460
-29197
-28988
-28981
-28719
-28678
-28652
-27809
-27573
-27176
-27047
-26929
-26897
-26490
-26453
-26306
-26046
-25503
-25418
-25412
-24955
-24882
-24610
-24584
-24571
-23947
-23735
-23631
-23234
-23147
-22561
-22292
-22011
-21269
-20968
-20613
-20583
-20402
-20005
-19880
-19614
-19363
-19075
-18977
-18957
-18821
-18808
-18617
-18617
-18611
-18531
-18165
-18156
-18036
-17901
-17881
-17697
-17664
-17389
-17237
-17002
-16536
-16496
-16248
-16176
-16166
-15951
-15839
-15814
-15782
-15535
-15369
-15236
-15172
-15021
-14969
-14882
-14635
-14539
-13866
-13765
-13609
-12572
-12551
-12525
-12513
-12343
-12218
-12148
-12011
-11977
-11919
-11844
-11820
-11700
-11638
-11528
-11106
-11099
-11087
-11031
-10998
-10883
-10676
-10493
-9851
-9832
-9222
-9117
-9060
-9040
-8310
-8203
-8182
-8141
-8139
-8047
-8015
-7871
-7272
-7160
-7149
-6981
-6649
-6491
-6456
-6423
-6316
-6183
-6078
-5926
-5707
-5427
-5398
-4724
-4686
-4566
-4420
-4037
-3854
-3268
-3212
-3202
-2795
-2558
-2546
-2407
-2005
-1992
-1885
-1597
-1594
-1512
-1200
-904
-694
-577
-274
-206
-31
189
434
682
969
1259
1362
1535
2142
2689
2915
2994
3008
3331
3372
3484
3525
3791
3988
4014
4041
4268
5142
5279
5519
5902
6121
6468
6578
6645
7085
7252
7580
7617
7718
7839
8344
8607
8669
8959
9405
9408
9496
9516
9971
10112
10232
10846
11001
11137
11277
11331
11379
11502
11665
11830
12094
12253
12618
12662
13002
13104
13107
13325
13382
13403
13693
13742
14096
14246
14907
14915
15110
15180
15356
15571
15671
15780
16125
16158
16228
16362
16469
16550
16978
17325
17781
17807
17811
17938
18143
18232
18724
19328
19469
19514
19640
19816
19854
19990
20078
20706
21398
21918
22377
22881
22974
23203
24194
24340
24676
24873
25118
25131
25142
25715
25838
25839
26200
26253
26264
26383
26426
26431
26549
26802
27205
27518
27582
27866
27971
28042
28080
28326
28420
28495
28758
29066
29067
29081
29088
29145
29189
29210
29304
29514
29545
29735
29878
30228
30247
30249
30893
30919
31398
31592
32165
32170
32174
32496
32666
33133
33264
33283
33928
34393
34553
34674
35108
35125
35193
35292
35532
35558
35810
36030
36224
36649
36761
36792
36838
36995
37046
37095
37131
37160
37751
38031
38071
38086
38373
38615
39134
39174
39250
39373
39874
40064
40264
40752
40759
40953
40960
42079
42498
42823
42934
42940
43012
43818
43933
43938
43942
44336
44545
44676
44739
44812
45066
45381
45470
45484
45528
46029
46503
46610
46963
47229
47642
47674
48000
48255
48483
48561
48635
48923
48940
49422
49482
49928
50293
50306
50550
50647
51221
51351
51628
52044
52302
52315
52380
52467
52496
52619
52979
53052
53059
53125
53734
53958
54033
54173
54296
54307
54420
54540
54613
54652
55224
55587
55625
55852
56001
56101
56271
56402
56653
57215
57468
57505
57506
57674
57699
57814
58135
58291
58297
58405
58476
58626
58938
58999
59041
59062
59658
59673
59894
60167
60349
61096
61130
61156
61503
61771
61951
62760
63345
63649
63794
64134
64143
64146
64859
64963
64965
65135
65251
65336
65344
65434
65554
65854
66327
66428
66550
66869
67060
67206
67405
67708
67897
68160
68215
68234
68305
68364
68621
68626
68671
68867
68979
69293
69490
69555
70232
70702
71735
71769
71829
72156
72207
72342
72378
72428
72768
73635
73708
73738
73805
73937
73976
74085
74126
74202
74207
74347
74429
74719
74969
75450
76471
76718
77198
77648
77945
77977
78018
78074
78304
78586
78608
78624
79048
79427
79615
79954
80121
80223
80367
80386
80407
80429
80553
81019
81394
81779
82221
82257
82316
82425
82779
82946
83643
83956
84542
84666
84765
85090
85209
85568
85988
86021
86092
86452
86459
86595
86695
87139
87336
87372
87395
87744
87958
88074
88102
88140
88152
88174
88579
88594
88891
89004
89451
89614
89790
89965
89975
90056
90068
90074
90083
90411
90811
90894
91063
91482
91616
91671
91754
91770
91838
91850
92043
92254
92634
92791
93273
93397
93687
93709
93820
94334
94511
94770
94941
94944
95142
95510
96003
96110
96139
96148
96149
96425
96716
97180
97337
97670
97834
98214
98535
99016
99176
99257
99386
99440
99558
99730