-99978
-99486
-98999
-98926
-98840
-97887
-97701
-97548
-97120
-96823
-96797
-96793
-96765
-96636
-96577
-96489
-96257
-96131
-96116
-95955
-95545
-95502
-95026
-94973
-94768
-94480
-94263
-94154
-93974
-93883
-93665
-93333
-93305
-93099
-92831
-92749
-92684
-92581
-92295
-92219
-92117
-91939
-91635
-91318
-91080
-90993
-90715
-90429
-90189
-90177
-90121
-90076
-90033
-89945
-89621
-89361
-89355
-89141
-88984
-88846
-88757
-88739
-88705
-88430
-87787
-87772
-87754
-87320
-87086
-86831
-86763
-86504
-86316
-86259
-86171
-85974
-85784
-85679
-85286
-84989
-84631
-84614
-84513
-84009
-83635
-83343
-83320
-83226
-83156
-82944
-82822
-82360
-82342
-82206
-81703
-81665
-81641
-81564
-81447
-80960
-80650
-80570
-80184
-80068
-80035
-79851
-79818
-79732
-79569
-79102
-79083
-78950
-78905
-78690
-78536
-78414
-78375
-78298
-78154
-78079
-77938
-77735
-77547
-77494
-77366
-77360
-77101
-76339
-76204
-76092
-75964
-75709
-75592
-75301
-75222
-74868
-74791
-74241
-74167
-73660
-73139
-72942
-72849
-72584
-72557
-72538
-72485
-72316
-72131
-72057
-71943
-71874
-71542
-71509
-71259
-71203
-70825
-70776
-70594
-70380
-70273
-70265
-70041
-70018
-69568
-69566
-69444
-69401
-68607
-68417
-68179
-68162
-68028
-67316
-65806
-65669
-65600
-65279
-64268
-64063
-63680
-63188
-62883
-62842
-62768
-62762
-62619
-62574
-62461
-61616
-60743
-60477
-60362
-60360
-59654
-59304
-59294
-59293
-59253
-58791
-58637
-58532
-58482
-58301
-58214
-58052
-57980
-57955
-57939
-57746
-57521
-57273
-57266
-57205
-57091
-57088
-56983
-56930
-56866
-56725
-56636
-56147
-56059
-55946
-55902
-55756
-55662
-55539
-55450
-55435
-55301
-55049
-54873
-54763
-54690
-54593
-54087
-53817
-53359
-52990
-52831
-52740
-52595
-52441
-52350
-52338
-52086
-51896
-51319
-50939
-50674
-50568
-50457
-50418
-50060
-49912
-49578
-49467
-49428
-49296
-48948
-48390
-48319
-48243
-48228
-48196
-48102
-47700
-46834
-46761
-46477
-46444
-46401
-45780
-45751
-45303
-45291
-45136
-44979
-44668
-44466
-44283
-44273
-44251
-44190
-44137
-44053
-43693
-43488
-43477
-43421
-43387
-43369
-43356
-43179
-43153
-42919
-42759
-42652
-42484
-42439
-42207
-42177
-42075
-41759
-41681
-41624
-41209
-41143
-41113
-40966
-40926
-40781
-40044
-40004
-39598
-39450
-38898
-38839
-38805
-38725
-38632
-38631
-38422
-38397
-38031
-38007
-37967
-37499
-37409
-37178
-37065
-36939
-36752
-36413
-36276
-36242
-36086
-36066
-35922
-35875
-35801
-35800
-35701
-35699
-35545
-34636
-34242
-34153
-33733
-33667
-33563
-33495
-33294
-33221
-33212
-32508
-32397
-32302
-32218
-32151
-32142
-31907
-31672
-31487
-31372
-31233
-31084
-31052
-30846
-30794
-30777
-30732
-30727
-30646
-30318
-30259
-30172
-30035
-29425
-29374
-29278
-28783
-28552
-28349
-28207
-27800
-27501
-27466
-27455
-27146
-26813
-26711
-26595
-26469
-26239
-26157
-25749
-25734
-25576
-25504
-25484
-25453
-25437
-25358
-24692
-24613
-24153
-24040
-23964
-23218
-23021
-23001
-22989
-22092
-21363
-21244
-20587
-20542
-20541
-20450
-20100
-19972
-19889
-19875
-19082
-19028
-18859
-18503
-17658
-17252
-17208
-16993
-16968
-16940
-16512
-16376
-15973
-15961
-15937
-15782
-15221
-15078
-14496
-14484
-14475
-14371
-14298
-14246
-13933
-13624
-13176
-12935
-12801
-12628
-12610
-11711
-11652
-11452
-11280
-10591
-10110
-9777
-9551
-9258
-9230
-9131
-8993
-8883
-8377
-7894
-7638
-7622
-7246
-7029
-6924
-6737
-6542
-5810
-5786
-5584
-5453
-5390
-5227
-4739
-4714
-4669
-4266
-4147
-4113
-3958
-3820
-3805
-3773
-3546
-3255
-2611
-2375
-2258
-2209
-1944
-1845
-1744
-1461
-1196
-1162
-266
-146
-141
-88
-35
308
692
1050
1169
1421
1530
1870
2206
2361
2410
2410
2523
2691
2744
3079
3100
3116
3172
3205
3961
4172
4333
4514
4619
4619
5034
5562
6413
6452
6561
7872
7991
8026
8060
8104
8522
8551
8596
8770
8846
8928
9147
9255
9515
9545
9755
9961
10653
10816
10894
11188
11230
11574
11603
11699
11985
12290
12402
12706
12778
12856
13105
13513
13537
13787
13979
14205
14444
14465
14829
14948
15306
16049
16424
17026
17329
17595
17710
17803
18299
18649
18734
19482
19485
19778
20248
20421
20477
20633
20658
20665
20850
21046
21049
21273
21386
21425
21652
21744
21754
22057
22199
22282
22464
22669
22748
23072
23130
23231
23267
23318
23318
23582
24032
24225
24260
24591
24592
24804
24883
25081
25123
26912
27015
27329
27499
27787
28305
28408
28445
28662
28770
29852
30040
30192
30327
30346
30504
30560
30578
30843
30987
31216
31264
32002
32100
32167
32182
32251
32255
32258
32296
32602
32716
32772
32859
33180
33283
33783
34616
34871
34923
35045
35105
35330
35561
35584
35793
36020
36733
37045
37054
37274
37847
38190
38415
38657
38878
38923
39130
39202
39218
39495
39599
39629
39702
39725
39872
40152
40273
40360
40364
41589
41902
41994
42068
42172
42350
42398
42531
42915
43085
43164
43249
43395
43526
43774
44149
44480
44640
44684
44903
44918
45403
45672
45714
46090
46099
46141
46388
46515
46918
46980
47369
47501
47738
48210
48785
49000
49163
49426
49437
49492
49886
49918
50117
50126
50417
50466
50468
50534
50654
50741
50743
50799
50981
51705
51797
51947
51970
52031
52207
52448
52498
52515
52635
52901
52923
53014
53541
53724
54025
54295
54393
54465
54734
55276
55415
55633
55679
55740
56042
56056
56200
56265
56354
57212
57271
57276
57378
57585
58007
58269
58379
58434
58672
58822
59168
59457
59526
60299
60610
60750
60790
60922
62557
62814
63137
63157
63413
63474
63497
63555
64225
64282
64612
64833
64910
65121
65196
65419
65445
65462
65703
65890
66084
66110
66181
66352
66410
66523
66562
66655
66978
67143
67206
67381
67385
67885
67988
68127
68147
68294
69172
69679
69728
69845
69846
70087
70266
70280
70701
70780
71709
71828
72365
72379
72761
73121
73218
73318
73861
74292
74312
74371
74513
74530
74785
75010
75052
75230
75245
75283
75672
75827
75854
75869
75926
76389
76829
76944
77080
77103
77183
78046
78309
78465
78489
78629
78885
79018
79039
79288
79541
79785
79819
80039
80366
80856
81326
81517
81762
81798
82449
82684
82977
83228
83417
83468
83610
83648
83967
84134
84472
84656
85035
85079
85206
85396
85481
85819
85995
86049
86121
86341
86488
86497
86510
86611
86709
86890
86910
86936
86944
86953
87227
87354
87369
87387
87464
87506
87512
87515
87574
87595
87680
87841
88510
88529
88615
88749
88934
89409
89429
89470
89499
89577
90041
90103
90478
90685
90763
90951
91411
91938
92036
92259
92341
92388
92732
93381
93571
93604
93877
94051
94404
94422
94468
94813
94931
95072
95161
95195
95520
96412
96456
97119
97697
98595
98646
98831
98839
99049
99051
99110
99211
99602
99626
99807