-99846
-99654
-99516
-99498
-98945
-98726
-98465
-98191
-98161
-98015
-98002
-97711
-97607
-97365
-97329
-97226
-97129
-96610
-96609
-96478
-96347
-95809
-95773
-95605
-95567
-95486
-95271
-94881
-94808
-94740
-94591
-94451
-93717
-93016
-92618
-92604
-92601
-92111
-91400
-91353
-90444
-90050
-89909
-89364
-89192
-88875
-88811
-88551
-88361
-88215
-88031
-87959
-87906
-87801
-87626
-87496
-87299
-87297
-87028
-86995
-86971
-86709
-86695
-86492
-86350
-86193
-85848
-85805
-85714
-85432
-85322
-85069
-84627
-84587
-84364
-84322
-84092
-83703
-83560
-83245
-83203
-82921
-82885
-82389
-82148
-82077
-82052
-81902
-81573
-81176
-81169
-81089
-81047
-80859
-80640
-80633
-80485
-80370
-80225
-79720
-79482
-79431
-79113
-79071
-78808
-78658
-78458
-78353
-78288
-78244
-78239
-78034
-77738
-77688
-77435
-77353
-77256
-77251
-77087
-76948
-76907
-76868
-76606
-76527
-76493
-76406
-76335
-76272
-76250
-75854
-75810
-75761
-75612
-75236
-74993
-74471
-74397
-74395
-73936
-73920
-73909
-73892
-73689
-73347
-73147
-72733
-72368
-72266
-71870
-71660
-71336
-71334
-71316
-71287
-71036
-70948
-70592
-70472
-69965
-69794
-69745
-69220
-69021
-68844
-68748
-68485
-68189
-67960
-67728
-67618
-67596
-67369
-67219
-66970
-66948
-66642
-66378
-66284
-66114
-66050
-65882
-65556
-65499
-65341
-64666
-64381
-64305
-64303
-64266
-63847
-63774
-63589
-63435
-63042
-62030
-61959
-61948
-61317
-61285
-61263
-61134
-60513
-60169
-60064
-60020
-60000
-59695
-59386
-59341
-59095
-59082
-58864
-58849
-58744
-58711
-58474
-58212
-58204
-57975
-57624
-57346
-56875
-56728
-56471
-56276
-55815
-55777
-55714
-55668
-55420
-55047
-55035
-54951
-54938
-54645
-54386
-54318
-54295
-54114
-53857
-52784
-52776
-52579
-52477
-52449
-52410
-52056
-51410
-51298
-51212
-51034
-50942
-50741
-50607
-50586
-50405
-50124
-49809
-49443
-49179
-49175
-48801
-48661
-48495
-48490
-48154
-48003
-47979
-47936
-47736
-47402
-47201
-47046
-46849
-46572
-46445
-46213
-46207
-46025
-45992
-45812
-45082
-45060
-44899
-44760
-44461
-44157
-44059
-43812
-43794
-43428
-43271
-43236
-43223
-42491
-41879
-41725
-41686
-41516
-41338
-41284
-41200
-40963
-40715
-40647
-40489
-40272
-40096
-40073
-39881
-39806
-39756
-39604
-39537
-39482
-39140
-38924
-38922
-38732
-38668
-38350
-37952
-37891
-37738
-37243
-37074
-36804
-36651
-36273
-36125
-35819
-35000
-34616
-34613
-34376
-34160
-34115
-34100
-34009
-33974
-33963
-33682
-33677
-32753
-32592
-32580
-32028
-31598
-31492
-31340
-31284
-31184
-30942
-30805
-30652
-30648
-30398
-30114
-30079
-29083
-28946
-28780
-28652
-28082
-27604
-27601
-27342
-27281
-27072
-27044
-26902
-26682
-26550
-26242
-25978
-25691
-25137
-24967
-24849
-24659
-24222
-23915
-23851
-23628
-23311
-23116
-22670
-22251
-22243
-22239
-22101
-21829
-21755
-21487
-21444
-21327
-21220
-21192
-21146
-20928
-20600
-20472
-19989
-19969
-19792
-19604
-19588
-19569
-19514
-19390
-19241
-19230
-18947
-18262
-18101
-17998
-17359
-17334
-17183
-17061
-16856
-16722
-16709
-16587
-16508
-16466
-16415
-15924
-15922
-15825
-15218
-15155
-14833
-14572
-14119
-13910
-13666
-13590
-13560
-13235
-13021
-12630
-12598
-12450
-12152
-12033
-11672
-11647
-11429
-11326
-11112
-11043
-10892
-10606
-10455
-10316
-10115
-9920
-9502
-9145
-8848
-8595
-8388
-8354
-8274
-8202
-8117
-7048
-6861
-6844
-6285
-6182
-5900
-5762
-5143
-4875
-4716
-4574
-4229
-4206
-4134
-3941
-3566
-3223
-3184
-3062
-2790
-2781
-2668
-2540
-2082
-1827
-1745
-1457
-1333
-1135
-824
-586
-372
-37
77
471
1259
1668
1695
1831
2225
2567
2849
2885
2982
3270
3413
3437
3469
3548
3727
3994
4058
4163
4188
4282
4364
4557
4563
5091
5111
5112
5132
5317
5425
5654
5981
5983
6302
6849
7296
7530
7921
8057
8128
8155
8299
8496
8552
9224
9236
9261
9608
9623
9907
10439
10586
10637
10772
10798
10915
10920
11073
11079
11110
11309
12064
12084
12730
13347
13439
13854
13879
13935
13944
14064
14648
15244
15981
16158
16793
16912
17116
17323
17439
17521
17564
17937
18151
18280
18452
18470
18792
19222
19290
19328
19337
19640
19665
19747
19755
20020
20233
20512
20987
21028
21363
21411
21426
21780
22186
22425
22505
22746
23001
23170
23425
23471
24000
24208
24353
24407
24514
24567
25133
25411
25446
25482
25518
25530
25794
25796
25882
25945
25991
26310
27028
27244
27469
27764
28033
28051
28371
28387
28596
28802
28820
29656
29820
29851
30083
30340
30423
30756
30784
30849
31126
31384
31408
31566
31600
31825
31961
32378
32575
33198
33452
33499
33792
34268
34325
34453
34767
34788
34828
35145
35209
35275
35448
35615
35943
36050
36082
36129
36648
36712
37428
37467
37484
37519
37523
37563
37931
38182
38321
38380
38573
38651
38662
38795
39125
39180
39223
39320
39738
39865
40185
40289
40506
40579
40644
41012
41108
41211
41675
41921
42120
42159
42321
42702
42827
42975
43137
43461
43480
43495
43530
43846
43946
44059
44099
44274
44395
44510
44680
44754
44875
45057
45190
45216
45331
45355
45526
45694
45726
45854
45887
46141
46174
46266
46307
46970
47000
47127
47145
47199
47289
47487
47522
47672
47715
47745
47989
48295
49260
49484
49889
49986
50168
50260
50400
50549
50574
50886
51386
51539
52598
52803
53376
53457
54212
54316
54503
54523
54678
54713
54766
54881
55445
55509
56153
56741
56764
56787
56791
56969
57183
57291
57411
57449
57493
57537
57672
57699
58074
58075
58192
58323
58370
58606
58658
59302
59596
59651
59856
60217
60549
60715
60767
60831
60860
60922
61480
62226
62231
62380
62422
62592
63000
63110
63366
63562
63626
63822
63862
64205
64692
64713
64801
65220
65333
65436
65462
65479
66436
67467
67842
68035
68480
68483
68484
68683
68745
69122
69182
69363
69383
69451
69557
69683
69938
70058
70371
70445
70848
70859
71424
71613
71942
72066
72072
72200
72255
72293
72508
72990
73045
73046
73165
73633
73867
73883
73970
73973
74034
74171
74497
74561
74835
75079
75153
75385
75660
75678
75688
75763
76002
76429
76554
76558
76697
76830
77020
77355
77402
77472
77592
77730
77930
78004
78759
79164
79358
79490
79552
79886
79962
80234
80430
80537
80835
80974
80990
81468
82020
82229
82259
82790
82942
82959
83175
83642
83992
84607
84868
85105
85277
85281
85486
85791
86042
86169
87151
87295
87521
87777
88037
88231
88277
88528
88604
88635
88889
89146
89289
89496
90008
90023
90161
90231
90388
90388
91038
91089
91239
91343
91485
91696
91958
92010
92498
92508
93334
93336
93566
93618
93855
93912
94960
95123
95133
95356
95978
96060
96365
96371
96736
96866
97313
97691
97731
97792
97864
97998
98046
98127
98197
98729
99173
99253
99316
99733
99908
99941