-99309
-98954
-98915
-98689
-98626
-98581
-98238
-98165
-97890
-97740
-97739
-97659
-97501
-97414
-97032
-96958
-96923
-96882
-96756
-96671
-96648
-96573
-96263
-96244
-95795
-95703
-95685
-95659
-95580
-95475
-95444
-95403
-95402
-95218
-95059
-94997
-94993
-94506
-94125
-94037
-93983
-93755
-93687
-93528
-93422
-93199
-93033
-92877
-92810
-92624
-92611
-92552
-92530
-92502
-92475
-92433
-92284
-92281
-92264
-92218
-91889
-91305
-91039
-90581
-90336
-90208
-89819
-89525
-88898
-88490
-88367
-88365
-88104
-87916
-87878
-87868
-87577
-87340
-87070
-86774
-86744
-86502
-86477
-86138
-86099
-85759
-85518
-85409
-85391
-85384
-85144
-84606
-84562
-84258
-83854
-83800
-83722
-83689
-83594
-83459
-83306
-82937
-82789
-82751
-82655
-82439
-81705
-81633
-81373
-81270
-81119
-81105
-80556
-80485
-80333
-80297
-80078
-79179
-79170
-78813
-78471
-78411
-78009
-77450
-77277
-77018
-76848
-76245
-76115
-75986
-75982
-75683
-75576
-75409
-75338
-74431
-74227
-74149
-74133
-73954
-73673
-73587
-73230
-73135
-72990
-72842
-72724
-72588
-72309
-72306
-71598
-70845
-70564
-70409
-69953
-69887
-69112
-69018
-68870
-68558
-68137
-68069
-68026
-67862
-67419
-67329
-66981
-66979
-66879
-66620
-66431
-66397
-66320
-66262
-66210
-65867
-65698
-65666
-65605
-65434
-65235
-64965
-64660
-64524
-64389
-63800
-63749
-63677
-63529
-63514
-63178
-63084
-63025
-62944
-62917
-62861
-62474
-62393
-62316
-62239
-62055
-61898
-61638
-61534
-61512
-61240
-61215
-61200
-60923
-60833
-60752
-60722
-60551
-60471
-60104
-59976
-59770
-59476
-59396
-58980
-58942
-58735
-58592
-58432
-58228
-58156
-58155
-58092
-58058
-57811
-57794
-57489
-57086
-56902
-56577
-56353
-56110
-56054
-55829
-55800
-55706
-55609
-55560
-55460
-55308
-55148
-55005
-54825
-54670
-54590
-54338
-54071
-54021
-53733
-53659
-53534
-53515
-53148
-53132
-52967
-52671
-51825
-51807
-51761
-50967
-50686
-50678
-50410
-50006
-50000
-49688
-49634
-49167
-49162
-48246
-47522
-47439
-46838
-46767
-46748
-46660
-46255
-46191
-45710
-45604
-45288
-45247
-45162
-44898
-44830
-44720
-44031
-44009
-43905
-43792
-43441
-43406
-43228
-43018
-42757
-42534
-42139
-41826
-41786
-41623
-41582
-41227
-41125
-41080
-40780
-40746
-40424
-40349
-40164
-39980
-39796
-39545
-39471
-38914
-38706
-38459
-37726
-37603
-37266
-37154
-37056
-36642
-36537
-36129
-35930
-35924
-35581
-35458
-35095
-34926
-34828
-34196
-34105
-34075
-34059
-33637
-33393
-33080
-32991
-32885
-32521
-32482
-32365
-32365
-32104
-31697
-31570
-31569
-31282
-30665
-30541
-30441
-30011
-29886
-29633
-28897
-28757
-28720
-28601
-28444
-28361
-28352
-28298
-27728
-27705
-27399
-27147
-27144
-26988
-26451
-26432
-26382
-26339
-26302
-25916
-25410
-25369
-25353
-25207
-25079
-24887
-24885
-24826
-24284
-24258
-23848
-23844
-23796
-23792
-23510
-22871
-22707
-21915
-21828
-21824
-21479
-21401
-20887
-20680
-20526
-20318
-20226
-20105
-20102
-20089
-19646
-19438
-18926
-18874
-18859
-18485
-18245
-18212
-18131
-17962
-17892
-17814
-17814
-17770
-17707
-17378
-16827
-16754
-16710
-16649
-16472
-16254
-16221
-16098
-16047
-15819
-15785
-15625
-14929
-14438
-14348
-14346
-14254
-14244
-14005
-13852
-13292
-13279
-13030
-12910
-12892
-12523
-12209
-12166
-12162
-11788
-11418
-11082
-11025
-10044
-9707
-9620
-9582
-9530
-9509
-9335
-9123
-8449
-8017
-7731
-7579
-7320
-7149
-7121
-7069
-7016
-6315
-6268
-5928
-5515
-5280
-4866
-4677
-4589
-4355
-4331
-4298
-4140
-3712
-3615
-3243
-3167
-3133
-3065
-2805
-2677
-2326
-2009
-1770
-1730
-1149
-1097
-686
-647
-397
-261
-200
86
160
220
455
504
746
880
917
1146
1184
1562
1911
2012
2222
2719
3113
3341
3595
3726
3903
4412
4518
4564
4664
4808
4826
4846
5097
5199
5485
5808
5892
5967
6482
6597
6693
6786
6889
7282
7730
7877
7928
8110
8284
8540
8557
8559
8597
8671
8814
10070
10849
11174
11674
11870
12288
12336
12841
12937
12984
13051
13313
13487
13751
13934
13939
13985
14223
14379
14524
14852
14976
15225
15244
15561
15700
15865
15898
16041
16158
16865
16956
17007
18025
18214
18304
18349
18903
19024
19073
19298
19315
19395
20027
20184
20495
21037
21219
21294
21361
22145
22254
22328
22628
22752
23573
23957
24363
24640
24761
24872
25263
25427
25529
25561
25669
25688
25772
26023
26075
26207
26391
26639
26874
26908
26957
27011
27702
27878
28294
28342
28791
28945
28987
29577
29645
29795
30040
30134
30197
30297
30354
30378
30421
30697
30844
30915
31140
31293
31419
31622
31649
31680
31875
32635
32655
32676
32753
32931
33306
33451
33860
34093
34199
34255
34433
34692
34807
34913
34990
35603
35641
35783
35972
35984
36150
36437
36535
36783
36906
36986
37020
37199
37226
37347
37857
38054
38443
38466
38505
38532
38592
38672
38769
38849
38929
39279
39290
39382
39533
39584
39613
39629
39680
40338
40553
41046
41509
41805
42110
42194
42261
42297
42360
42368
43298
43457
43800
44122
44769
44852
44957
45012
45074
45255
45377
45706
45879
45921
46154
46665
47007
47069
47605
47669
47873
47873
47999
48591
48874
49153
49795
49836
49970
50556
50685
51001
51041
51063
51173
51202
51359
51411
51414
51470
51573
51575
51870
52146
52404
52706
52833
52930
53117
53133
53161
53225
53297
53838
54061
55113
55242
55322
55742
55767
55840
56196
56624
57322
57331
57365
57520
58045
58120
58228
58310
58390
58524
58697
58762
58994
59136
59484
59686
60031
60119
60253
60309
60651
60688
60817
60843
61266
61509
61525
61663
61689
61891
62175
62284
62338
62601
62918
63032
63315
64059
64149
64679
64828
64967
65040
65098
65330
65447
65793
65826
65868
66161
66320
66340
66590
66600
66920
67726
68085
68180
68361
68608
68755
68987
69356
69448
69700
69812
69958
70009
70116
70185
70323
70981
71125
71351
71374
71419
71772
71871
71977
72412
72498
72635
72644
72648
72850
73279
73369
73437
73783
73955
74061
74093
74332
74490
75073
75352
75388
75824
75886
76474
76606
77253
77418
77478
77547
78046
78162
78169
78303
78323
78858
78897
79123
79384
79616
79776
79795
80041
80053
80208
80373
80378
81027
81274
81364
81583
81726
81881
82376
82551
82676
83044
83256
83421
83658
83726
83948
84046
84057
84577
84766
84988
85040
85344
85410
85606
86135
86679
86731
86806
86833
87321
87948
88228
88269
88698
88900
89012
89300
89452
90386
90595
90690
90757
90824
91112
91275
91277
91398
91570
91641
91641
91719
91729
91762
92138
92143
92275
92358
92632
92896
93221
93275
93388
93858
94036
94118
94440
94949
95012
95043
95342
95424
95551
95558
95863
96040
96582
96667
96710
96819
97123
97152
97695
97801
97965
98026
98074
98109
98382
98458
98476
98479
98630
99701