-99093
-98493
-98381
-98122
-97312
-95620
-95329
-94203
-91093
-91055
-90341
-90115
-89987
-89476
-89431
-89378
-88538
-88301
-88180
-86560
-86554
-84085
-83137
-82686
-81529
-81447
-81394
-81378
-81370
-80756
-80729
-79330
-73654
-73256
-72997
-72776
-71787
-71620
-71288
-71203
-70652
-69517
-69261
-69248
-66798
-65427
-64773
-61457
-60514
-60068
-58559
-58331
-56222
-55582
-55312
-55204
-55144
-54862
-54718
-53461
-52313
-52271
-51426
-50923
-50340
-50116
-49940
-49092
-46875
-45587
-44220
-44140
-43322
-43061
-42649
-42010
-41120
-40415
-40060
-38966
-38674
-38517
-38442
-36625
-36552
-35356
-35086
-34330
-33660
-33005
-31852
-31740
-30791
-30609
-27899
-27733
-27391
-27326
-26470
-26419
-26220
-25687
-25488
-25369
-24772
-24430
-24396
-24182
-22222
-21871
-19186
-18720
-18616
-17916
-17130
-16233
-14270
-13367
-13154
-13065
-12805
-12089
-11497
-9954
-9076
-7631
-5215
-5210
-2746
-2534
-2428
-1947
-996
66
1463
1567
2512
3574
4289
4468
5052
6777
6948
7298
7660
8645
8869
10340
10576
11870
12689
13507
14176
15005
15493
15494
15744
15895
17226
18523
19110
19342
19486
20931
21033
21153
21311
23322
23576
25318
26652
28112
29043
29202
30093
30291
31443
33001
33727
33981
34152
34396
34879
35355
38068
38321
38691
39920
40315
41029
42374
42653
42784
43261
45382
45425
45473
46254
46589
46842
46892
47194
48523
49102
49195
51608
53774
54973
55666
55693
56796
57925
60284
61806
64402
65373
65683
67661
68111
69661
70696
71076
71251
72045
73282
74382
76017
79187
80153
80478
81653
81749
82225
82384
83791
83892
83961
85335
88535
89049
91783
92698
92704
95181
95348
95503
96225
97180
97770
97872
98752
99065
99216