-99581
-99433
-99293
-99219
-99205
-99150
-98990
-98989
-98718
-98530
-98144
-97837
-97620
-96751
-96679
-96677
-96267
-95949
-95941
-95706
-95051
-94946
-94652
-94600
-94321
-94178
-93923
-93742
-93698
-93383
-93364
-93262
-93073
-92441
-92274
-92042
-91965
-91789
-91619
-91335
-91292
-90546
-90516
-90376
-90193
-89962
-89726
-89265
-89015
-88851
-88838
-88679
-88670
-88595
-88495
-88230
-87880
-87841
-87700
-87156
-86549
-86373
-86359
-86321
-86165
-86094
-86062
-85747
-85687
-85600
-85292
-85208
-85129
-85098
-84928
-84282
-84198
-83950
-83707
-83562
-82770
-82453
-82254
-82111
-81965
-81872
-81718
-81657
-81561
-81341
-81147
-80944
-80223
-80067
-79998
-79455
-79302
-79110
-78515
-78417
-78393
-78231
-78161
-78130
-78002
-77808
-76909
-76898
-76618
-76562
-76414
-76162
-75990
-75399
-75312
-75307
-74888
-74262
-74084
-73955
-73812
-73617
-73177
-72292
-72130
-72101
-72080
-71854
-71844
-71354
-71311
-70488
-70473
-70398
-70380
-70355
-70213
-69855
-69733
-69384
-68890
-68797
-68769
-68580
-68529
-68489
-68376
-68203
-68076
-68057
-67996
-67827
-67578
-67470
-67111
-66873
-66776
-66322
-66321
-66239
-66188
-66022
-66016
-65976
-65861
-65686
-64932
-64924
-64788
-64732
-64643
-64436
-64387
-64311
-64191
-63913
-63800
-63532
-63324
-62867
-62849
-62765
-62359
-62066
-61897
-61741
-61504
-61402
-61344
-61314
-61236
-61127
-60911
-60844
-60528
-60246
-59917
-59214
-58989
-58893
-58755
-58665
-58608
-58599
-58518
-58474
-58213
-58176
-58172
-57987
-57850
-57820
-57803
-57759
-57407
-57405
-57272
-57254
-56513
-56505
-56418
-56260
-55838
-55811
-55774
-55476
-55271
-55097
-54574
-54142
-53988
-53576
-53015
-52860
-52431
-52347
-51614
-51361
-51334
-51227
-50973
-50935
-50851
-50821
-50721
-50610
-50564
-50407
-49952
-49320
-48705
-48535
-48459
-48452
-47925
-47913
-47693
-47330
-47054
-46437
-46335
-46321
-46164
-46068
-45882
-45875
-45766
-45272
-44993
-44456
-44106
-43976
-43906
-43572
-43464
-43450
-42714
-42158
-42073
-41438
-41412
-41245
-41090
-41007
-40916
-40740
-40573
-40525
-40459
-40447
-40227
-40129
-39974
-39940
-39868
-39213
-39208
-39118
-39118
-38819
-38704
-38481
-38301
-38158
-38123
-37946
-37895
-37868
-37779
-37611
-37609
-37594
-37564
-37434
-37401
-37357
-37315
-37105
-36830
-36812
-36620
-36372
-35446
-35383
-35249
-34975
-34933
-34790
-34389
-34260
-34116
-34068
-34064
-34007
-33807
-33612
-33477
-33326
-32910
-32894
-32858
-32850
-32551
-31787
-31686
-31629
-31380
-30872
-30814
-30430
-30126
-29959
-29953
-29784
-29643
-29306
-29265
-28690
-28450
-28253
-28204
-28118
-28088
-27952
-27678
-27295
-26798
-26590
-26349
-26279
-26278
-25984
-25921
-25873
-25565
-25499
-25055
-24376
-24304
-23497
-23204
-22595
-22458
-22179
-22122
-22008
-21921
-21832
-21752
-21725
-21180
-21162
-21053
-20773
-20584
-20433
-20352
-19989
-19911
-19541
-19359
-19353
-19148
-19026
-18884
-18768
-18714
-18658
-17505
-17410
-17136
-17065
-17019
-16733
-16371
-16348
-15804
-15704
-15542
-15288
-15281
-14995
-14957
-14826
-14796
-14764
-14667
-14608
-14529
-14412
-14329
-14319
-13957
-13937
-13606
-13555
-13515
-13423
-13388
-13167
-12503
-12471
-12362
-11781
-10952
-10809
-10721
-10281
-9951
-9794
-9773
-9756
-9718
-9400
-9033
-8801
-8716
-8704
-8504
-8315
-7894
-7766
-7568
-7119
-6637
-6628
-6335
-5741
-5737
-5317
-5187
-5105
-4859
-4631
-4465
-4322
-4241
-3836
-3706
-3589
-3523
-3324
-3278
-3265
-2974
-2907
-2878
-2726
-2368
-1792
-1723
-1665
-1484
-1254
-1012
-766
-744
-570
-488
-252
-32
78
248
410
426
1083
1567
2141
2215
2461
2492
2556
3056
3362
3519
3666
4132
4239
4432
4516
4566
4635
4784
5380
5595
6192
6384
6405
6986
7285
7449
8069
8403
8506
8699
8793
9335
9339
9628
9749
9770
10393
10522
10684
10723
10796
11003
11013
11304
11437
11463
11505
11521
11633
11928
12280
12449
12638
13390
13793
13799
14070
14133
14248
14261
15154
15167
15202
15402
15422
15511
15683
15790
15945
16066
16072
16174
16429
16529
16624
16637
17028
17056
17330
17381
17395
17534
17857
18259
18269
18520
18711
18770
19319
19402
19468
19776
19883
20012
21208
21384
21709
21728
22194
22228
22325
22429
22470
22653
23361
23412
23471
23530
23786
23884
24033
24084
24213
24429
24829
24873
24935
25128
25250
25618
25656
25886
25990
26294
26315
26342
26628
26878
27653
27699
27778
27779
28182
29104
29210
29217
29838
29893
30045
30099
30208
30462
30609
30986
31060
31276
31367
31429
31677
31691
32203
32253
32449
32557
32794
32908
33063
33450
33480
33496
33528
33945
34334
34580
34689
34941
35060
35091
35188
35910
36643
36767
36862
37424
37581
37856
38159
38222
38605
38932
39109
39380
39685
39750
40042
40122
40327
40606
40916
41188
41258
41301
41423
41662
41737
42177
42894
42941
42970
43608
44003
44016
44070
44089
44128
44191
44199
44298
44655
45171
45365
45436
45989
46090
46327
46525
46641
46658
47515
47876
47949
48359
48605
48789
48962
48974
49544
49602
50251
50370
50527
50663
50748
50793
50866
51025
51041
51056
51168
51509
51912
51966
52092
52173
52216
52271
52724
52816
53452
53999
54048
54158
54172
54189
54200
54433
55180
55293
55465
55864
56064
56108
56559
56780
56883
57142
57234
57302
57862
57909
57958
58135
58271
58544
58653
58679
58795
58863
59235
59267
59400
59509
59732
59737
59901
60174
60205
60335
60917
61003
61410
61442
61768
61837
62333
62421
63061
63078
63576
63853
63943
64019
64095
64279
64284
64373
64953
65477
65856
66017
66053
66084
66138
66197
66339
66500
66553
66722
66729
66811
67067
67265
67547
68098
68319
68449
68619
68908
69048
69072
69201
69810
69848
69952
70166
70180
70229
70305
70335
70392
70470
70873
70962
71239
71388
71559
71866
72164
72928
73001
73035
73318
73331
73551
73774
73805
73992
74612
74662
74679
75095
75229
75356
75430
75530
75785
76280
76378
76643
76673
76894
77069
77267
77277
77693
78337
78991
79194
79218
79566
79620
80097
80105
80108
80299
80894
81028
81137
81345
81760
81843
81885
81956
81957
81998
82004
82311
82561
82801
82807
82867
83027
83069
83627
83628
84124
84216
84341
84352
84532
84570
84578
84756
84841
84871
84989
85372
85607
85697
85932
86145
86146
86179
86589
86811
87154
87200
87322
87457
87656
87677
87894
87963
88073
88157
88287
88495
88622
88781
88864
89033
89197
89216
89223
89625
89721
89763
89886
90323
90717
90753
90785
91038
91732
92225
92232
92371
92541
92621
92878
93138
93516
94187
94511
94657
95123
95141
95203
95341
95702
95788
95993
96013
96270
96728
96773
97019
97230
98108
98139
98247
98252
98267
98464
98681
98806
98824
99102
99103
99185
99493
99502
99569
99601
99876