-99974
-99032
-98859
-98632
-98617
-98320
-98257
-98150
-98135
-98046
-97787
-96783
-95700
-95547
-94842
-94803
-94430
-94276
-94066
-94055
-93812
-93691
-93308
-93152
-93102
-92843
-92833
-92726
-92677
-92524
-92334
-92216
-92146
-92065
-91777
-91517
-91357
-91216
-91194
-91065
-90842
-90588
-90103
-89933
-89591
-89381
-89208
-89182
-89114
-88787
-88652
-88371
-88342
-87971
-87373
-87061
-86982
-86907
-86841
-86821
-86775
-86534
-86449
-86421
-86279
-86080
-85857
-85780
-85477
-85249
-85229
-85135
-84586
-84570
-84559
-84224
-84179
-84137
-84070
-84065
-84034
-83953
-83918
-83642
-83133
-83052
-82784
-82585
-82506
-81476
-81111
-81067
-80758
-80670
-80658
-80576
-80483
-80401
-79549
-79512
-79480
-79310
-79040
-78644
-78314
-78190
-78158
-78118
-77327
-77161
-77005
-76766
-76087
-75972
-75755
-75715
-75321
-75267
-75191
-75190
-75179
-75157
-74992
-74539
-74105
-74069
-74011
-73752
-73662
-73647
-73393
-73327
-72952
-72776
-72717
-72692
-72511
-72295
-72280
-72256
-72219
-71617
-71399
-71186
-70921
-70643
-70509
-70431
-70300
-70183
-69286
-69193
-69126
-69068
-69054
-68721
-68447
-67739
-67567
-67387
-67361
-67070
-66875
-66810
-66664
-66410
-66194
-65874
-65735
-65602
-65570
-65232
-64811
-64657
-64599
-64328
-64286
-64096
-64029
-63703
-63676
-63481
-63462
-63410
-63324
-62706
-62182
-61991
-61936
-61801
-61513
-61116
-60652
-60382
-60355
-60211
-60098
-59896
-59730
-59636
-59627
-59536
-59306
-59263
-59246
-59229
-58832
-58618
-58317
-58151
-57860
-57759
-57571
-56745
-56481
-56360
-56226
-56130
-56091
-55991
-55826
-55577
-55245
-54842
-54809
-54742
-54706
-54232
-53196
-52784
-52675
-52658
-52152
-52062
-52005
-51969
-51852
-51808
-51709
-51492
-51325
-51176
-51158
-51015
-50676
-50340
-49871
-49745
-49653
-49551
-49274
-49221
-48921
-48494
-48384
-48362
-48314
-48235
-47776
-47685
-47345
-47027
-46743
-46659
-46649
-46521
-46445
-46330
-46322
-46281
-46177
-45484
-45138
-45050
-44992
-44987
-44896
-44414
-44408
-44386
-44154
-44125
-43749
-43623
-42809
-42753
-42620
-42553
-41829
-41492
-41421
-41162
-41032
-41006
-40816
-40720
-40650
-40584
-40557
-40549
-40317
-39516
-39358
-39320
-39313
-39235
-39111
-37915
-37595
-37491
-37103
-36786
-36432
-36335
-36269
-36256
-36251
-35592
-35479
-35345
-35088
-34803
-34685
-33839
-33419
-33226
-33088
-32947
-32917
-32616
-31801
-31739
-31603
-31569
-31487
-31422
-31195
-30971
-30915
-30884
-30420
-30255
-29988
-29852
-29777
-29774
-29727
-29716
-29708
-29113
-29060
-28926
-28653
-28337
-27839
-27814
-27565
-27497
-27491
-27205
-27029
-26927
-26492
-26391
-26116
-25717
-25578
-25419
-25346
-25122
-24966
-24905
-24901
-24515
-24376
-24213
-23850
-23629
-23212
-23207
-22983
-22908
-22706
-22565
-22363
-22253
-22213
-22190
-22089
-21648
-21600
-21529
-21470
-21254
-21241
-20657
-20572
-20305
-20303
-20276
-20207
-19826
-19794
-19319
-19297
-19195
-19098
-18984
-18692
-18409
-17994
-17909
-17335
-17285
-17263
-16985
-16767
-16728
-16719
-16534
-15939
-15642
-15530
-15410
-15364
-14899
-14672
-14622
-14416
-14166
-14141
-14089
-13978
-13719
-13663
-13575
-13301
-13230
-13196
-12716
-12462
-12018
-11793
-11670
-11625
-11513
-11256
-11227
-11092
-11067
-10967
-10808
-10767
-10697
-10579
-10388
-10300
-10271
-10030
-9909
-9908
-9536
-9525
-9341
-8907
-8793
-8770
-8645
-8300
-8250
-8238
-8098
-7865
-7643
-6503
-6312
-5858
-5129
-4990
-4972
-4908
-4715
-4193
-4040
-3759
-3421
-3320
-3281
-3171
-3107
-2927
-2703
-2652
-2463
-2331
-2180
-2105
-2030
-1751
-1461
-1415
-1321
-1187
-864
-627
-175
119
207
339
777
837
1334
1525
1951
2114
2290
2336
2372
2377
3230
3361
3621
3938
4018
4136
4294
4526
4918
4930
5073
5342
5451
5903
6036
6187
6431
7352
7369
7412
7508
7588
7746
7989
8044
8499
8579
8797
8967
9113
9726
9955
10622
10630
10818
11111
11277
11512
11728
11808
12002
12074
12364
12773
13116
13217
13369
13524
13540
13756
13877
14416
14519
14614
14731
14900
14968
15304
15330
15572
16006
16043
16300
16540
16694
16898
17408
17522
18038
18168
19039
19670
20690
20703
20900
21028
21033
21172
21456
21935
21962
21967
22133
22288
23483
23498
23507
23649
24644
24810
24824
25185
25318
25443
25484
25963
26180
26251
26627
26645
26665
26983
27007
27343
27616
27633
27790
28730
28918
28939
29450
29501
30114
30384
30686
30989
31110
31224
31297
31514
32095
32275
32773
32798
32875
33074
33172
33540
33696
33730
33791
33951
34022
34086
34867
35021
35337
35372
35495
35871
36055
36090
36204
36745
36848
37396
37404
37498
37525
38207
38750
38851
38904
39133
39346
39781
39904
39997
40160
40377
40770
40819
40867
40869
40932
40968
41036
41048
41066
41159
41474
41917
41937
42061
42392
42412
42686
42859
42947
43891
44031
44090
44122
44737
44775
45253
45306
45335
45812
46173
46871
46905
47244
47274
48113
48575
48579
48740
48914
49108
49248
49251
49306
49332
49334
49358
49705
49709
49830
49844
50594
51215
51216
51354
51414
51424
51450
51556
51684
51761
52146
52212
52367
53126
53501
54093
54459
54566
54568
54910
54996
55088
55186
55483
55970
55984
56475
56566
56856
56961
57033
57073
57434
57618
57698
57767
57877
58207
58252
58508
59291
59312
59622
59870
59967
59978
60224
60437
60735
60798
61287
61484
61707
61710
61792
61866
62224
62258
62464
62680
62836
63021
63145
63345
63568
63873
64079
64209
64370
64379
64445
64481
64499
64570
64614
65054
65088
65372
65449
65525
65584
65786
65928
65930
66073
66109
66189
66362
66625
66841
67050
67102
67230
67783
67863
68037
68051
68081
68248
68358
68525
68908
69003
69349
69861
70119
70187
70215
70260
70305
70397
70964
70991
71050
71059
71679
71935
72134
72283
72408
72806
73154
73283
73529
73608
73930
74042
74098
74151
74251
74264
74346
74441
74469
74512
74554
74846
74870
75253
75282
75391
75673
75910
75978
76066
76225
76315
76511
76554
76563
76933
76959
77170
77568
77871
77935
77958
78002
78223
78724
78783
78792
79010
79089
79158
79264
79508
79725
79911
79968
80041
80113
80401
80459
80615
81008
81223
81356
81356
81496
81515
81575
81858
81952
82069
82189
82346
82757
82896
83394
83425
83487
83533
83659
83785
83792
84020
84368
84914
85445
86101
86636
86822
86895
87097
87119
87273
87282
87490
87735
88078
88628
89151
89228
89364
89483
89753
89845
89989
90136
90335
90386
90427
90440
90458
90545
90570
90665
91278
91616
91667
91879
91920
92233
92456
92718
92853
92927
93027
93172
93764
93770
94320
94549
95175
95576
95812
95904
96008
96237
96278
96290
96433
96528
96813
97020
97145
97458
97494
98218
98307
98419
98891
98953
99079
99475
99558
99654
99680
99797
99915