-99960
-99250
-98925
-98851
-98525
-98517
-98235
-98114
-97934
-97473
-97419
-97251
-97035
-96461
-96441
-96408
-96289
-96216
-96213
-95788
-95583
-95527
-95207
-95032
-94825
-94530
-94068
-93961
-93401
-93306
-93090
-92568
-92187
-92086
-92015
-91895
-91361
-91206
-91066
-91065
-91052
-90980
-90964
-90768
-90766
-90503
-90234
-90222
-90147
-89934
-89180
-89026
-88986
-88688
-88684
-88526
-88331
-88264
-88162
-87912
-87541
-87515
-87184
-87160
-87030
-86416
-86322
-86288
-85652
-85589
-85315
-85310
-85222
-85040
-84962
-84689
-84484
-84478
-84383
-84317
-84180
-83725
-83677
-83496
-82996
-82251
-82166
-82113
-81993
-81782
-81608
-81357
-81148
-80956
-80637
-80503
-80369
-80304
-80205
-80022
-79871
-79833
-79717
-79674
-79311
-79250
-78900
-78757
-78496
-78488
-78341
-78337
-77720
-77637
-77473
-77405
-77325
-76959
-76898
-76874
-75969
-75249
-75232
-75203
-75158
-74836
-73695
-73406
-73363
-73240
-73202
-72982
-72960
-72756
-72707
-72680
-72198
-72074
-71937
-71935
-71843
-71383
-70873
-70554
-70507
-70456
-69847
-69738
-69594
-69208
-69094
-68475
-68245
-68145
-67917
-67554
-67538
-66853
-66837
-66513
-66409
-66089
-65996
-65729
-65676
-65353
-65277
-64940
-64840
-63237
-62943
-62907
-62757
-62571
-62333
-61908
-61768
-61523
-61387
-61037
-60791
-60586
-60359
-60297
-59443
-59295
-59092
-58998
-58497
-58318
-58095
-58008
-57842
-57734
-57576
-57496
-57331
-57208
-57163
-57051
-56732
-56705
-56330
-56221
-56121
-55807
-55621
-55566
-55507
-55411
-55308
-55089
-54712
-54704
-54237
-54154
-54038
-54017
-53861
-53814
-53786
-53625
-52669
-52306
-52163
-51877
-51765
-51657
-51502
-51294
-51249
-51150
-51102
-51092
-51075
-50980
-50841
-50798
-50342
-49478
-49049
-48993
-48879
-48740
-48728
-48722
-48629
-48318
-48220
-48160
-47637
-47634
-47126
-46458
-45710
-45706
-45693
-45638
-45593
-45448
-45060
-44618
-44544
-44420
-44417
-44350
-44308
-43765
-43431
-43411
-43396
-43030
-42991
-42822
-42530
-42433
-42421
-42227
-42090
-41799
-41631
-41297
-41059
-40812
-40658
-40620
-40210
-39745
-39320
-39158
-39060
-39031
-38890
-38593
-38591
-38300
-37547
-37015
-36772
-36706
-36511
-36449
-36011
-35901
-35743
-35320
-34804
-34779
-34775
-34771
-34277
-34174
-34061
-34015
-34009
-33757
-33227
-33088
-32924
-32637
-32469
-32468
-32111
-31772
-31738
-31603
-31154
-31085
-30992
-30936
-30880
-30350
-30349
-29876
-29500
-29386
-29337
-29261
-28936
-28838
-28835
-28565
-28274
-28073
-28059
-27944
-27932
-27775
-27336
-27219
-26884
-26755
-26582
-26582
-26213
-26142
-26009
-25832
-25645
-25435
-25163
-24769
-24527
-24262
-24201
-23753
-23583
-23515
-22981
-22714
-22628
-21993
-21314
-21116
-20593
-20443
-20430
-20413
-20224
-19912
-19835
-19582
-19546
-19508
-19504
-19321
-19271
-19084
-19062
-18902
-18898
-18796
-18584
-18566
-18419
-17987
-17841
-17703
-17646
-17509
-17235
-17213
-17206
-17179
-16716
-16638
-16145
-16080
-16016
-15810
-15805
-15603
-15554
-15216
-15188
-15011
-15007
-14845
-14716
-14554
-13792
-13581
-13450
-13442
-13149
-13042
-13003
-12948
-12838
-12833
-12619
-12170
-11829
-11810
-11768
-11174
-11125
-11035
-10823
-10567
-10407
-10332
-10280
-9863
-9782
-9227
-9115
-8733
-8711
-8497
-8411
-8051
-7835
-7727
-7726
-7390
-7285
-6601
-6480
-6418
-6173
-5961
-5786
-5738
-5638
-5562
-5420
-5076
-4866
-4680
-4655
-4398
-4266
-4254
-3763
-3666
-3527
-3518
-3476
-2898
-2567
-2510
-2481
-2402
-2361
-2099
-2048
-1549
-1372
-1081
-1059
-270
-201
-166
-139
-63
306
358
438
478
605
637
644
700
1156
1163
1391
1557
1680
1982
2280
2389
2455
2503
2776
2839
3369
3623
3682
3713
4506
4713
4771
4790
4923
5420
5517
5557
5585
6079
6365
6721
7577
7659
8211
8271
8617
8678
8716
8721
8722
8870
8913
8917
8947
9083
9359
9383
9475
9686
9790
10180
10244
10383
10399
10631
10660
11018
11026
11119
11655
11657
11883
11893
11895
12017
12082
12100
12228
12250
12488
12530
12686
12756
12774
13287
13632
13653
13694
13825
13868
14068
14283
14447
14651
15650
15908
15978
16063
16070
16295
16625
16629
16748
17256
17374
18378
18500
18845
18876
19183
19188
19208
19268
19377
19859
19900
20128
20304
20358
20562
20786
20821
20911
20967
20986
21088
21246
21495
21632
22080
22494
22547
22748
22943
23098
23133
23358
23530
23920
24230
24275
24402
24786
24903
24918
24947
24978
25040
25416
25485
25707
26038
26454
26493
26777
26878
26891
27023
27056
27204
27452
27725
28333
29033
29256
29704
29747
29887
29983
30407
30553
31082
31118
31182
31229
31587
31703
31786
32286
32301
32374
32792
32882
33038
33043
33189
33193
33217
33504
33810
34023
34258
34408
34777
35358
35417
35431
35536
35694
36034
36249
36510
37094
37151
37202
37770
37930
38079
38498
38595
38921
39255
39296
39373
39571
39633
39699
39760
39959
39999
40010
40059
40526
40596
41176
41240
41269
41360
41930
42181
42187
42239
42301
42400
42498
42536
42716
42955
42999
43033
43277
43563
43564
43825
43949
44051
44318
44622
44642
45125
45562
45845
46068
46100
46165
46337
46543
46574
46829
47041
47320
47323
47484
47641
47976
48604
48660
48681
48997
49026
49141
49401
49562
49658
49861
50239
50361
50483
50495
50739
50830
51600
51693
52016
52423
53035
53179
53283
53433
53634
53806
54144
54639
54665
54861
54898
55149
55161
55304
55446
55742
55752
55796
55832
55897
56412
56952
57298
57596
57597
58206
58365
58826
60424
60709
61253
61379
61601
62097
62347
62436
62858
62930
63217
63284
63573
63813
63912
63985
64010
64672
65188
65319
65607
65767
65821
65873
66111
66135
66138
66197
66288
66461
66745
67187
67404
67615
67973
67991
68103
68179
68304
68537
69308
69426
69772
70021
70144
70149
70638
70737
70844
70902
71097
71189
71192
71299
71308
71422
71561
71677
71764
72412
72646
73236
73360
73399
73776
73780
74294
74403
74735
74790
74827
75093
75326
75400
75433
75854
75913
76049
76079
76216
76444
76622
76655
76709
76795
77476
77691
78245
78385
78471
78563
78640
78948
78948
79196
79451
79512
79549
79782
80050
80357
80646
80898
81002
81458
82339
82379
82804
82995
83225
83228
83260
83314
83368
83449
83678
83792
83843
84000
84005
84094
84312
84637
84802
84896
85305
85597
85811
86133
86191
86396
86895
87168
87354
87634
87764
88113
88392
88586
89057
89222
89376
89548
89987
90101
90344
90593
91282
91294
91517
91666
91807
92030
92145
92195
92252
92311
92320
92490
92665
92893
92902
92934
93006
93247
93424
93817
93901
93973
94019
94354
94401
94433
94691
94971
95116
95150
95359
95571
95621
95803
95942
97031
97541
97555
97671
97749
97825
98215
98397
98542
99184
99195
99212
99529
99931