-99809
-99553
-99287
-99086
-98547
-98525
-98508
-98434
-98344
-98294
-97584
-97238
-96873
-96824
-96808
-96667
-96375
-96218
-95911
-95873
-95743
-95520
-95450
-95446
-95169
-94963
-94890
-94713
-94478
-94155
-93909
-93419
-93182
-92934
-92806
-92583
-92481
-92153
-91593
-91244
-91016
-90881
-90714
-90693
-90655
-90031
-89776
-89649
-89642
-89634
-89401
-89174
-89127
-88778
-88711
-88232
-87801
-87742
-87468
-87328
-87228
-86957
-86871
-86835
-86588
-86568
-86559
-86513
-86429
-86410
-86333
-85563
-85454
-85406
-85273
-85258
-84572
-83990
-83763
-83718
-83683
-83468
-82967
-82964
-82752
-82349
-81712
-80942
-80940
-80865
-80599
-80554
-80308
-80186
-80158
-80053
-80025
-79868
-79753
-79208
-79138
-78771
-78470
-78184
-78169
-78167
-78159
-77401
-77264
-77223
-77023
-76959
-76886
-76826
-76764
-76734
-76308
-76186
-76183
-76159
-75939
-75797
-75525
-75349
-74975
-74970
-74942
-74869
-74533
-74388
-73686
-73637
-73553
-73523
-72862
-72728
-72538
-72083
-71951
-71366
-71333
-71269
-71150
-70712
-70445
-70255
-70175
-69845
-69752
-69730
-69312
-68853
-68763
-68684
-68423
-68360
-68259
-68239
-67968
-67608
-67452
-66934
-66892
-66729
-66277
-65388
-65361
-65202
-64595
-64590
-64478
-64246
-64191
-64152
-64116
-63886
-63739
-63637
-63581
-62867
-62410
-61463
-61217
-61194
-60976
-60589
-60325
-60319
-60259
-60114
-60002
-59896
-59758
-59652
-59439
-59282
-59184
-59176
-59031
-58829
-58443
-58296
-58226
-58136
-58059
-57855
-57759
-57733
-57695
-57497
-57383
-57380
-56883
-56785
-56691
-56453
-56163
-55771
-55713
-55711
-55449
-55166
-54309
-54274
-54219
-53992
-53446
-53422
-53209
-53190
-52941
-52738
-52635
-52402
-51906
-51822
-51781
-51740
-51539
-51492
-51173
-51094
-51076
-51044
-50766
-50714
-50325
-49968
-49820
-49792
-49336
-49315
-49148
-49054
-48914
-48901
-48888
-48558
-48495
-47986
-47977
-47632
-47567
-47544
-47494
-47445
-47312
-47255
-47122
-46952
-46837
-46513
-46200
-45899
-45650
-45571
-45221
-45170
-45045
-44738
-44545
-44451
-44344
-43934
-43930
-43562
-43408
-43384
-43210
-43154
-43112
-43107
-42905
-42404
-42401
-42392
-42282
-42157
-42135
-42114
-41703
-41569
-41552
-41526
-41192
-40867
-40601
-40228
-40122
-40052
-39882
-39179
-38911
-38875
-38704
-38354
-38182
-38115
-37895
-37718
-37711
-37048
-37020
-36484
-36440
-35513
-35467
-35445
-35243
-35183
-35139
-34448
-34291
-34200
-33879
-33567
-33164
-33142
-32637
-32512
-32215
-32053
-32006
-31776
-31316
-31162
-31107
-30617
-30614
-30406
-30378
-30316
-30301
-30257
-29904
-29617
-29162
-29015
-28856
-28753
-28706
-28536
-28421
-28362
-28028
-27990
-27477
-27474
-27358
-27244
-26971
-26903
-26663
-26571
-26486
-26210
-25821
-25475
-25413
-24614
-24467
-24300
-24175
-23955
-23473
-23332
-22645
-22467
-22380
-22380
-22211
-22140
-21964
-21922
-21474
-21298
-21182
-20345
-20106
-20066
-20040
-19999
-19968
-19943
-19596
-19441
-19266
-18790
-18720
-18679
-18544
-18030
-17897
-17756
-16928
-16812
-16700
-16631
-16565
-16398
-16311
-16186
-16138
-15943
-15908
-15902
-15814
-15656
-15085
-14823
-14773
-14614
-14246
-14238
-13836
-13681
-13379
-13372
-13244
-12812
-12794
-12481
-12158
-12117
-11648
-11452
-10262
-10218
-10118
-10021
-9732
-8888
-8362
-8175
-8135
-8105
-7993
-7947
-7612
-7448
-7415
-7223
-6465
-6090
-5599
-5440
-4947
-4901
-4842
-4605
-4450
-4290
-4082
-4022
-3649
-3524
-3503
-3411
-3091
-2813
-2056
-2008
-1762
-1411
-1402
-1354
-1218
-756
-736
-735
-426
-198
-15
643
786
870
986
1367
1410
1478
1600
1669
1689
2015
2292
2297
3055
3393
3498
3507
3696
4144
4183
4460
4587
4966
5015
5219
5223
5551
5621
6047
6444
7011
7049
7131
7407
8066
8224
8238
8342
8442
8518
8794
9155
9501
10178
10245
10256
10256
10464
10573
10657
10829
10911
11030
11101
11103
11720
11863
12166
12486
12801
12841
12848
12945
13202
13292
13541
13903
13992
14401
14448
14501
14503
14564
15038
15230
15366
15438
15643
15879
16177
16263
16273
16290
16557
16604
16676
16745
17016
17382
17671
17755
18012
18203
18295
18526
18653
18912
19238
19500
19965
20852
20976
20987
21557
21714
21792
21985
22577
22633
22709
23024
23660
23810
24492
24536
24919
25271
25443
25771
26136
26193
26218
26333
26756
26829
26955
27104
27136
27214
27321
27322
27413
27804
27823
27896
28263
28461
28556
28637
28745
29045
29396
29446
29467
29526
29535
29724
29811
29831
29966
30060
30244
30409
30422
30543
30605
30988
31044
31424
32080
32104
32138
32405
32760
32944
32954
33156
33323
33383
33410
33570
33737
33872
33932
34008
34019
34046
34078
34622
35275
35347
35572
35652
35830
36176
36530
36540
36919
37032
37262
37676
37808
37887
37933
38217
38324
38378
38450
38544
38724
38928
38949
39023
39484
39713
39776
39846
40165
40271
40461
40843
41516
41554
41587
41713
41736
41821
41878
41887
41980
42226
42316
42791
43248
43399
43443
43473
43609
43770
43816
43902
44026
44182
44197
44735
44749
44818
44956
44999
45347
45520
45879
46156
46157
46211
46420
46423
46593
47042
47146
48099
48491
49228
49242
49576
49638
50223
50573
50717
51500
51708
52242
52267
52383
52426
52540
52648
52837
53307
53377
53417
53739
53769
54106
54524
54643
54826
54954
55028
55255
55675
55856
55864
56025
56171
56219
56248
56600
56786
57116
57390
57703
58047
58290
58902
59169
59203
59584
59831
59848
59855
59978
59988
60679
60914
61013
61170
61238
61780
62105
62344
62548
62569
62884
63321
63520
63541
63679
63745
63767
63985
64198
64481
64487
64503
64669
64704
64752
64966
64966
65176
65344
65345
65469
65832
66325
66889
66919
66968
66985
67327
67414
67707
67953
68443
68501
68723
69312
69685
69766
70154
70806
70908
70992
70996
71513
71872
71962
72097
72490
72546
72558
72572
72701
72704
72739
72775
72859
72888
72955
73031
73095
73399
73554
73589
73648
73675
73843
74075
74100
74180
74690
75020
75642
75780
75893
75924
76276
76511
76819
76847
76991
76993
77750
77871
77877
78064
78732
79091
79131
79219
79385
79705
79900
80158
80189
80365
81010
81185
81549
81595
81667
81678
81681
81779
81858
81873
82006
82264
82826
82834
83083
83211
83265
83523
83550
83801
83897
84589
84628
85108
85527
85533
85863
86243
86504
86928
86992
86993
87230
88013
88209
88357
88606
88645
88909
89142
89528
89571
89694
89706
90017
90486
91394
91417
91544
91595
92278
92372
92774
92789
93007
93069
93108
93186
93432
93558
93643
94197
94366
94381
94446
94779
94907
94962
95018
95297
95442
95635
95670
95976
96064
96346
96541
96651
96718
96870
97041
97216
97267
97600
98012
98022
98023
98024
98065
98074
98166
98267
98667
98709
99057
99144
99393
99428
99777
99901