-99825
-99663
-99315
-99251
-99013
-98843
-98690
-98605
-98558
-98244
-98227
-97970
-97967
-97369
-96715
-96687
-96242
-96169
-96065
-95938
-95818
-95630
-95628
-95542
-95296
-95218
-95175
-94832
-94592
-94566
-94461
-94296
-94080
-93695
-93609
-93468
-93449
-92874
-92556
-92427
-92190
-91671
-91450
-91239
-91119
-90953
-90818
-90729
-90683
-90635
-90486
-90401
-90230
-90200
-89893
-89604
-89258
-89244
-89179
-89125
-89107
-88920
-88551
-88444
-87713
-87026
-86455
-86427
-86272
-86268
-86100
-86026
-85909
-85898
-85789
-85420
-85196
-85039
-84778
-84771
-84608
-84508
-84390
-84360
-84083
-84043
-83810
-83755
-83667
-83663
-83455
-83347
-83240
-82983
-82946
-82883
-82807
-82777
-82760
-82662
-82659
-82287
-82228
-81956
-81284
-81154
-80931
-80747
-80585
-80236
-80199
-80051
-79685
-79623
-79199
-79188
-78882
-78706
-78279
-78251
-78218
-78200
-78195
-77817
-77781
-77674
-77469
-76893
-76753
-76577
-76529
-76505
-76357
-76236
-76111
-76102
-76082
-76014
-75969
-75673
-75571
-75468
-75332
-75314
-75196
-74532
-74257
-74242
-74236
-73445
-73225
-72714
-72470
-72205
-71980
-71912
-71817
-71090
-71005
-70763
-70727
-70394
-70250
-70147
-69953
-69816
-69748
-69727
-69589
-69574
-69289
-68786
-68614
-67782
-67399
-67229
-66601
-66572
-66487
-66266
-66095
-65693
-65536
-65433
-65332
-65273
-65241
-65087
-64863
-64360
-64260
-63892
-63744
-63704
-63629
-63235
-63166
-63010
-62863
-62835
-62637
-62547
-62539
-62353
-62166
-62086
-62005
-61744
-61488
-61363
-60708
-60428
-60065
-59678
-59465
-59191
-58137
-58134
-57987
-57868
-57865
-57708
-57584
-57555
-57120
-57035
-56901
-56604
-56251
-55968
-55928
-55754
-55370
-55328
-55073
-55034
-54902
-54379
-54033
-53905
-53759
-53003
-52781
-52722
-52682
-52609
-52487
-52351
-52345
-52343
-52200
-52136
-52133
-51639
-51473
-51402
-51304
-51059
-50949
-50945
-50616
-50561
-50480
-50435
-50164
-49954
-49857
-49720
-49551
-49459
-49349
-49205
-49168
-49007
-49003
-48504
-47842
-47492
-47321
-47270
-47069
-46479
-45957
-45598
-45528
-44600
-44150
-43940
-43879
-43801
-43515
-43288
-43219
-43154
-43017
-42764
-42676
-42464
-42283
-42269
-42104
-42059
-41962
-40845
-40578
-40311
-40301
-40287
-40019
-39880
-39717
-39666
-39565
-39476
-39206
-38982
-38720
-38714
-38357
-38320
-38210
-38142
-37799
-37692
-37580
-37549
-37539
-37482
-37427
-37390
-36681
-36245
-36236
-35809
-35752
-35707
-35490
-35447
-35345
-35120
-35108
-34723
-34524
-34472
-34427
-34122
-33801
-33724
-33581
-33444
-33393
-33204
-33165
-33123
-32818
-32672
-32452
-32367
-32074
-31954
-31852
-31831
-31201
-31085
-30827
-30698
-30154
-29995
-29397
-29343
-29206
-28618
-28416
-28075
-27762
-27302
-27250
-27145
-27035
-26824
-26752
-26707
-26551
-26536
-26516
-25965
-25695
-25412
-25280
-25247
-24940
-24878
-24685
-24666
-24531
-24364
-24043
-24008
-23623
-23569
-23302
-23243
-22934
-22806
-22784
-22709
-22567
-22557
-22219
-22050
-21643
-21597
-21289
-21060
-20768
-20759
-20747
-20699
-20526
-20500
-19853
-19832
-19539
-19293
-19140
-18609
-18210
-18105
-18103
-17862
-17561
-17191
-17127
-16989
-16982
-16594
-16593
-15659
-15527
-15483
-15181
-15158
-15089
-14762
-14746
-14734
-14521
-14366
-14354
-14319
-14187
-14043
-13877
-13858
-13689
-13486
-13330
-13067
-12671
-12621
-12520
-12464
-12340
-12181
-11969
-11794
-11669
-11473
-11342
-11134
-10825
-10744
-10712
-10709
-10281
-10090
-10088
-9639
-9419
-9151
-9109
-9000
-8889
-8867
-8575
-8539
-8189
-8156
-8083
-7677
-7498
-6892
-6652
-6456
-6315
-5784
-5614
-5015
-4887
-4818
-4767
-4389
-4282
-3890
-3394
-3255
-3241
-3092
-3062
-3005
-2845
-2739
-2645
-2550
-2345
-2327
-1870
-1821
-1494
-1449
-1438
-1396
-1354
-1216
-1039
-587
-536
25
72
193
782
900
976
1149
1542
1889
2003
2079
2115
2395
2458
2473
2484
2746
2836
2872
3261
3282
3513
3539
3590
3879
4541
4833
5007
5297
5792
5817
5893
6314
6349
6497
7414
7556
7778
7882
8328
8370
8412
8802
9145
10137
10361
10641
10938
11087
11101
11111
11189
11213
11340
11799
11805
11963
12183
12327
12511
12773
12865
12949
13639
13987
14049
14400
14873
15249
15334
15346
15826
16110
16223
17053
17119
17224
17298
17307
17530
17589
17820
17831
17868
18186
18418
18636
18768
18769
18910
19208
19402
19434
19596
19786
20118
20422
20463
20720
20901
20931
21114
21623
21755
21856
21959
22010
22211
22437
22493
22644
22685
23484
23628
23659
23900
23903
24151
24980
24989
25001
25084
25367
25423
25475
25835
26069
26380
26415
26438
26669
26701
27076
27110
27172
28216
28330
28346
28568
29381
29454
29549
29598
29642
29906
29918
30235
30524
30565
30636
30914
31095
31179
31191
31727
31769
31965
31990
32170
32805
33492
33514
33784
33946
34363
34451
34660
34680
34886
34895
35495
35514
35648
35855
35860
36010
36119
36222
36457
36653
36914
37307
37388
37532
37955
38119
39489
39498
39618
39910
39915
39922
39995
40080
40116
40121
40171
40726
40918
41024
41061
41101
41450
41527
41699
41962
42034
42689
42927
43050
43241
43263
43368
43559
43708
43905
44440
44756
45018
45614
45927
45931
45989
46031
47031
47081
47104
47301
47674
47788
48006
48107
48128
48204
48390
48424
48457
48574
48660
49057
49398
49519
50260
50353
50358
50479
50818
51002
51612
51662
52024
52454
52554
52789
53252
53364
53441
53482
53534
53580
53851
53987
54304
54545
55097
55187
55687
55806
55899
55912
56295
56411
56472
56558
56790
57038
57521
57911
58119
58151
58605
58998
59006
59034
59223
59236
59725
59995
60302
60903
61136
61244
61520
61586
61723
62167
62295
62908
62939
63007
63778
63995
64019
64047
64104
64270
64971
65034
65082
65198
65235
65525
65669
66134
66355
66369
66471
66749
67648
68194
68385
68649
68837
69153
69246
69637
69837
70090
70292
70787
71037
71089
71226
71378
71419
71510
72178
72452
72478
72938
72973
73324
73450
73753
73823
73941
74208
74326
74474
74778
75307
75341
75568
75619
75685
75856
76017
76581
76592
76757
76788
77452
77504
77740
77769
78149
78257
78337
78826
78923
79259
79567
79582
79795
80095
80118
80288
80304
80361
80760
81075
81677
82158
82255
82284
83125
83316
83508
83532
83591
83741
84343
84464
84593
84956
85004
85259
85366
85490
85502
85564
85833
85897
86082
86250
86313
87442
88117
88211
88287
88305
88396
88652
89011
89142
89249
89335
89397
89583
90126
90340
90588
90846
90856
91277
91295
91347
91661
91814
92094
92170
92628
92886
93197
93266
93268
93398
93520
93680
93787
93803
94184
94431
94679
95408
95858
95877
96092
96095
96309
96316
96558
96644
96904
96913
97002
97662
97665
97787
97863
97955
98055
98299
98968
99027
99152
99406
99537
99703
99757
99907
99937
99939