-96981
-95285
-93271
-91460
-91364
-91335
-89624
-84252
-82556
-81749
-80952
-80530
-79448
-76881
-74784
-74205
-70340
-69290
-68431
-66381
-66234
-64258
-63495
-63430
-61943
-61690
-60290
-57568
-57108
-55332
-54817
-54479
-51290
-50328
-49783
-47119
-46518
-46392
-46148
-46101
-41737
-40791
-38857
-38246
-38015
-37032
-35527
-33392
-32706
-30803
-30468
-30229
-29020
-28623
-26636
-26115
-25676
-24648
-23950
-23583
-22723
-21486
-20901
-18178
-16838
-15431
-13497
-13300
-13052
-8758
-5685
-5138
-5077
-3007
-2873
-1111
3685
4568
6199
8088
9583
9747
14974
16922
19649
20245
20525
20883
23062
23247
23259
26619
27029
32056
32246
32968
34127
36119
36426
37551
37729
38029
38065
39018
39910
40709
41850
42425
46531
46591
48042
48162
48479
50654
52952
55081
55548
57604
58096
58434
58482
65050
65131
65484
65616
66092
66345
66623
66641
67789
69287
71443
75699
76456
83186
83504
84298
84537
85283
86607
95335
95424