-99903
-99523
-99452
-99233
-99118
-98986
-98818
-98303
-98083
-97128
-96903
-96794
-96306
-96125
-95964
-95912
-95888
-95834
-95727
-95602
-95345
-94973
-94737
-94696
-94692
-94684
-94365
-94316
-94014
-93601
-93592
-93172
-92886
-92807
-92712
-92530
-92346
-92232
-92228
-92084
-92040
-91540
-91411
-91247
-90733
-90730
-90614
-90462
-90412
-90383
-89467
-89411
-88963
-88753
-88724
-88651
-88444
-88373
-88358
-87995
-87911
-87895
-87742
-87192
-86994
-86922
-86792
-86788
-86649
-86566
-86552
-86490
-86428
-86352
-86308
-86156
-85869
-85507
-84906
-84342
-84239
-84124
-83362
-83188
-82921
-82654
-82557
-82381
-82379
-81968
-81880
-81880
-81818
-81449
-81397
-81210
-80771
-80710
-80684
-80573
-80561
-80407
-80398
-80277
-79620
-79385
-79372
-79356
-79159
-78963
-78719
-78669
-78464
-78232
-77964
-77793
-77663
-77621
-77478
-77453
-77436
-77260
-77019
-75974
-75856
-75615
-75292
-74996
-74348
-74084
-73863
-73795
-73791
-73556
-73553
-73371
-73146
-73113
-73074
-72951
-72835
-72636
-72537
-72469
-72289
-71768
-71730
-71666
-71156
-70976
-70948
-70773
-70568
-70310
-69990
-69832
-69769
-69737
-69638
-69632
-69322
-69244
-68878
-68252
-68164
-68071
-68059
-67821
-67620
-67611
-67009
-66960
-66820
-66717
-66689
-66242
-66139
-66109
-66069
-66037
-65836
-65673
-65455
-65213
-64930
-64927
-64850
-64848
-64534
-64453
-64452
-64450
-64064
-63951
-63912
-63794
-63553
-63157
-63063
-62530
-62318
-62311
-61674
-61528
-61373
-61119
-61076
-60923
-60786
-60723
-60668
-60532
-60440
-60428
-60409
-60161
-60065
-59827
-59197
-59116
-58752
-58695
-58474
-58360
-58358
-58325
-57960
-57650
-57530
-57512
-57401
-57335
-56960
-56459
-56398
-55623
-55384
-54857
-54811
-54781
-54731
-54715
-54701
-54156
-54124
-53934
-53216
-52948
-52745
-52698
-52653
-52378
-52360
-52347
-52179
-52117
-52078
-52007
-51920
-51543
-51533
-51399
-51232
-50933
-50909
-50852
-49649
-49488
-49402
-48933
-48794
-48614
-48564
-48425
-47575
-47372
-46985
-46975
-46962
-46736
-46691
-46277
-46152
-45934
-45764
-45682
-45647
-45293
-45126
-44981
-44973
-44963
-44858
-44844
-44697
-44608
-44595
-44481
-44375
-44316
-43831
-43802
-43455
-43407
-43098
-42936
-42780
-42682
-42407
-42323
-42232
-42231
-42064
-42007
-41965
-41812
-41663
-41435
-40984
-40908
-40860
-40713
-40159
-40143
-39531
-39125
-38978
-38940
-38817
-38623
-38092
-37986
-37924
-37809
-37732
-37632
-37460
-37025
-36965
-36877
-36758
-36746
-36728
-36669
-36645
-36505
-36412
-36061
-35775
-35296
-35276
-34688
-34642
-34627
-34604
-34403
-34361
-34247
-33891
-33661
-33588
-33460
-33460
-33446
-33350
-33156
-32807
-32740
-32331
-32259
-32018
-31966
-31709
-31562
-31221
-30878
-30864
-30580
-30513
-30462
-30361
-30177
-30115
-29938
-29342
-29190
-29185
-29059
-28826
-28461
-28232
-28167
-28108
-27682
-27599
-27241
-27210
-26865
-26684
-26662
-26467
-26158
-25637
-25526
-25030
-25013
-24633
-24530
-24222
-24217
-24143
-23948
-23156
-23013
-22813
-22594
-22495
-22376
-22227
-22063
-22056
-21900
-21575
-21550
-20634
-20523
-20401
-19264
-19098
-19062
-18926
-18186
-17992
-17919
-17855
-17850
-17805
-17740
-17679
-17466
-17424
-17408
-17346
-17252
-17237
-17136
-16883
-16815
-16734
-16593
-16373
-16167
-16081
-15929
-15843
-15694
-15642
-15610
-15551
-14544
-14447
-14289
-14256
-14177
-13903
-13869
-13858
-13743
-13699
-13391
-13363
-12933
-12688
-12684
-12338
-12273
-12258
-12217
-11026
-10954
-10931
-10581
-10257
-10036
-9581
-8920
-8805
-8582
-8218
-8087
-7989
-7756
-7684
-7198
-7057
-6301
-6190
-6108
-6032
-5826
-5750
-5684
-5584
-5176
-5129
-4947
-4648
-4631
-4518
-4475
-4310
-3991
-3654
-3594
-3565
-2616
-2460
-2353
-1526
-1172
-1094
-1011
-918
-632
-620
-613
-577
130
139
204
526
699
1063
1276
1405
1432
1620
1637
3223
3224
3331
3514
3525
3530
3610
3920
4044
4108
4334
4708
5227
5371
5547
5551
5608
5822
5869
5981
5994
6286
6771
6958
7125
7392
7514
7544
7678
7717
7728
7822
7956
7977
8178
8201
9095
9181
9381
9706
9739
10152
10327
10797
10857
11320
11829
12255
12477
12581
12750
12960
13025
13069
13403
13442
13553
13735
13815
13897
14040
14347
14418
14686
14868
15187
15321
15737
15944
15981
16075
16355
16493
16525
16544
16646
16677
16763
17184
17345
17439
17525
17943
18274
18536
18639
18891
18909
18999
19079
19083
19286
19592
19961
20158
20323
20681
20687
20838
21239
21635
21711
21768
21982
22044
22288
22344
22399
22574
22667
23610
23925
24180
24252
24700
24924
24931
25048
25186
25190
25703
26069
26490
26880
26947
27156
27260
27363
28157
28389
28574
28599
28656
29005
29031
29410
29471
29560
29914
30179
30271
30935
31010
31395
31487
31691
31879
31941
31985
32172
32240
32257
32274
32570
32758
32781
33176
33495
33758
33789
33969
34016
34720
35107
35118
35157
35267
35485
35571
35798
35889
36371
37083
37258
37974
38050
38222
38513
38637
38793
39122
39332
39415
39802
40319
40552
40575
41505
41726
42113
42506
42825
43019
43067
43557
43641
44010
44584
44612
45233
45487
45591
45977
46050
46385
46731
46825
47044
47072
47127
47347
47438
47464
47827
48089
48239
48282
48523
49105
49189
49195
49582
49613
49672
49763
49924
50039
50282
50624
50818
50864
51110
51122
51186
51802
52174
52678
52708
52789
53194
53849
54175
54585
54748
55115
55291
55824
55829
55841
55844
55908
56274
56311
56655
56852
57460
57601
58123
58645
59264
59282
59502
59628
60022
60130
60326
60465
60492
60726
61124
61181
61618
62762
62932
63263
63272
63379
63693
63743
63777
63974
64204
64278
65110
65219
65361
65415
65661
65905
66020
66053
66190
66195
66756
66863
66976
66995
67080
67281
67319
67645
68034
68215
68455
68541
68631
68644
68654
68707
69064
69162
69253
69293
69429
69429
69494
69808
69863
69924
69967
70030
70150
70240
70767
70978
71382
71550
71601
71861
71884
71915
72118
72460
72714
72761
73018
73920
73961
74316
74336
74842
75515
75670
75755
76081
76250
76422
76472
76699
77050
77158
77874
77875
77947
78295
78719
78969
79235
79536
79841
79864
80065
80079
80326
80771
80927
81035
81168
81857
82054
82335
82603
82643
83039
83536
83741
83816
84111
84349
84366
84906
85033
85185
85354
85483
86218
86446
86471
86681
86752
86821
87306
87463
87714
87775
87842
88072
88278
88579
88974
89207
89232
89265
89373
89717
89776
89788
89839
89871
89956
90221
90274
90720
91315
91387
91499
91507
91799
91937
92186
92656
92737
92991
93185
93200
93396
93957
94221
94604
94717
94861
94889
94978
95254
95515
95596
95639
95710
95751
95808
95957
96208
96279
96492
96729
96926
97003
97515
97662
97664
97995
98028
98080
98293
98611
99261
99447
99663
99732
99851
99901
99975