-99861
-99664
-99258
-99072
-98793
-98536
-98357
-98119
-97968
-97942
-97583
-97461
-97414
-97282
-97237
-96952
-96951
-96690
-96480
-96119
-95983
-95884
-95871
-95261
-95074
-94907
-94784
-94457
-94006
-93868
-93840
-93744
-93378
-93345
-93078
-92895
-92835
-92571
-92472
-92338
-92267
-92215
-92025
-91809
-91624
-91383
-91018
-90506
-90470
-90423
-90290
-89928
-89920
-89771
-89749
-89649
-89484
-89408
-89352
-89214
-88997
-88797
-88772
-88770
-88767
-87400
-87361
-86964
-86751
-86504
-86101
-85918
-85645
-85543
-85138
-84836
-84291
-84207
-84063
-83833
-83606
-83596
-83232
-82927
-82827
-82536
-82361
-82258
-81287
-80340
-80257
-79386
-78895
-78854
-78811
-78679
-78671
-78649
-78538
-78279
-78199
-78141
-78041
-77976
-77891
-77742
-77627
-77445
-77399
-77364
-77208
-77032
-77000
-76862
-76716
-76700
-76114
-75641
-75620
-75584
-75555
-75324
-75308
-75294
-75277
-75060
-74926
-74892
-74198
-74188
-74057
-73410
-73344
-73105
-73052
-72807
-72420
-72255
-72237
-72203
-71887
-71870
-71556
-70950
-70827
-70412
-70239
-70026
-69976
-69384
-68923
-68922
-68879
-68644
-68627
-68492
-68399
-67732
-67489
-67421
-67382
-67185
-67147
-67016
-67012
-66757
-66643
-66539
-66532
-66280
-66175
-65914
-65691
-65387
-65143
-64850
-64827
-64650
-64257
-63242
-63136
-62862
-62839
-62633
-62524
-61973
-61698
-61399
-61339
-60981
-60565
-60455
-60306
-60219
-59897
-59872
-59821
-59430
-59417
-59104
-58790
-58644
-58582
-58515
-58348
-58323
-58228
-57980
-57892
-57772
-57433
-57349
-57002
-56985
-56963
-56698
-56673
-56593
-56459
-56345
-56328
-56254
-56143
-56094
-55272
-55253
-55214
-54934
-54796
-54672
-54591
-54552
-54501
-54373
-54329
-54015
-53865
-53827
-53740
-53720
-53716
-53392
-53369
-53154
-53132
-52943
-52863
-52833
-52824
-52743
-52585
-52195
-52186
-52181
-51695
-51670
-51183
-50593
-50435
-50300
-50241
-50183
-49989
-49839
-49806
-49477
-49221
-49033
-48906
-48797
-48632
-48191
-47858
-47297
-46803
-46762
-46497
-46440
-46278
-46048
-45971
-45555
-45459
-45358
-45338
-45203
-44732
-44610
-44282
-44197
-44047
-43912
-43648
-42971
-42894
-42849
-42769
-42624
-42516
-42498
-42488
-42098
-42084
-41973
-41904
-41691
-41672
-41511
-41466
-41282
-40962
-40876
-40557
-40418
-39805
-39761
-39575
-39531
-39517
-39055
-38488
-37964
-37939
-37821
-37647
-37568
-37335
-37135
-37080
-36990
-36796
-36543
-36491
-36172
-35837
-35756
-35450
-35362
-35230
-34964
-34809
-34499
-34461
-34413
-34381
-34327
-34046
-34001
-33299
-33184
-32907
-32739
-32249
-32169
-32083
-31713
-31571
-31420
-31100
-30828
-30200
-30180
-30155
-30106
-29963
-29882
-29404
-29354
-29202
-29084
-28697
-28613
-28271
-28095
-28001
-27858
-27796
-27741
-27325
-27314
-27006
-26814
-26503
-26428
-24780
-24751
-24677
-24659
-24398
-24328
-23943
-23636
-23564
-22940
-22789
-22404
-22359
-22305
-22146
-22097
-22042
-21514
-21099
-21062
-20754
-20559
-20500
-20446
-20200
-20083
-19558
-19511
-18952
-18776
-18514
-18143
-17342
-17126
-16694
-16549
-16527
-15927
-15783
-15705
-15423
-15324
-15092
-14540
-14488
-14343
-14312
-14091
-13992
-13784
-13729
-13640
-13502
-13387
-12729
-12576
-12294
-12115
-11880
-11761
-11476
-11422
-11191
-10125
-10013
-9763
-9644
-9632
-9356
-9075
-9015
-8925
-8808
-8700
-8506
-8316
-8292
-8015
-7908
-7660
-7546
-7373
-7115
-6905
-6648
-5820
-5778
-5418
-5086
-4822
-4730
-4047
-3897
-3834
-3780
-3747
-3675
-3656
-3440
-3386
-2967
-2455
-1868
-1654
-1452
-1420
-1292
-915
-738
-496
-389
-114
451
1035
1136
1309
2046
2125
2259
2331
2379
2425
2691
2780
3059
3886
4563
4652
4702
4832
5011
5797
6252
6337
6546
6959
7157
7254
7437
7996
8033
8112
8327
10085
10342
10931
11073
11308
11698
11739
11979
12180
12504
12517
12561
12913
12916
13174
13219
13728
13963
14047
14515
14522
14574
14756
15039
15575
15903
16297
16329
17408
17617
18171
18250
18348
18654
19060
19236
19316
19362
20101
20133
20211
20558
20594
21031
21037
21042
21244
21439
21617
21639
21884
21998
22322
22374
22544
22989
23152
23176
23904
23959
24179
24406
24750
25115
25188
25246
25480
25532
25950
26287
26376
26377
26467
26686
26775
26845
26984
26991
27604
27751
27794
27838
28034
28187
29082
29265
29271
29352
29445
29713
29816
30100
30373
30389
30393
30423
30547
30557
30578
30679
30688
30930
31002
31018
31021
32227
32618
32765
32835
32939
33306
33409
33472
33477
33634
33757
33962
34251
34433
34587
34591
35395
35457
35465
35580
35724
35779
36155
36221
36393
36875
37329
37376
38145
38184
38728
38750
38775
39075
39210
39271
39436
39907
39967
40033
40180
40288
40398
40431
40612
40736
40995
41222
41242
41945
42136
42251
42278
42330
42550
42686
42816
42829
42890
42914
43019
43406
43542
43607
43630
43659
43829
43892
43908
44135
44253
44354
44516
44869
44996
45375
45872
45920
45978
46109
46581
46602
46617
46689
46691
46753
46936
47049
47209
47210
47345
47383
47689
47713
47745
48304
48502
48662
48663
48786
48864
49015
49096
49222
49255
49555
49753
50067
50133
50360
50557
50600
51000
51164
51299
51343
51545
51618
51932
52028
52032
52099
52118
52165
52258
52360
52543
52567
52638
52813
53538
53672
53696
53950
54154
54168
54559
54627
54751
54812
55075
55077
55639
55639
55883
55942
56517
56634
56697
56716
56966
57013
57466
57680
57778
58577
58793
59051
59325
59447
59500
59546
59679
59846
59927
59947
60343
60345
60560
60738
60811
61022
61365
61611
61723
62047
62145
62160
62299
62368
62385
62635
63008
63904
63924
64024
64208
64215
64289
64560
64610
64753
64765
65038
65166
65405
65408
65448
65808
65997
66430
66601
66708
66750
66981
67098
67162
67166
67360
67772
67810
67813
67890
68030
68130
68382
68565
68617
68812
69050
69075
69803
70015
70135
70421
70498
70697
70802
70906
70959
71009
71109
71329
71503
71601
72261
72644
72754
72789
72945
73261
74148
74219
74479
74585
74844
75293
75404
75432
75808
75890
76824
76843
76883
77005
77088
77554
77604
77705
77898
78093
78164
78375
78555
78574
78769
78903
79569
79732
80010
80105
80125
80176
80264
80274
80351
80404
80430
80503
80525
80569
80746
80777
80954
80998
81073
81089
81131
81755
82072
82206
82380
83204
83372
83389
83630
83828
84266
84478
84997
85134
85251
85408
85649
86262
86791
87739
87940
88073
88400
88466
88656
88771
88894
88913
89069
89343
89348
89365
89445
89632
89658
89708
89731
89760
89960
90030
90092
90157
90242
90547
90550
90895
91148
91916
92715
92799
92958
93085
93319
93555
93618
93621
93804
93820
94445
94706
94745
94755
95109
95418
95991
96241
96597
96933
97259
97307
97326
97352
97510
97878
98323
99074
99171
99675
99682
99744
99822