-99761
-99546
-99220
-99154
-98470
-98212
-97214
-97194
-97163
-96783
-96673
-96467
-96318
-96282
-96084
-95799
-95763
-95409
-95395
-95383
-95201
-95006
-94985
-94426
-94341
-94280
-94156
-94010
-93626
-93496
-93443
-93436
-93057
-93052
-93001
-92741
-92512
-92218
-91803
-91758
-91707
-91610
-91188
-90353
-89812
-89703
-89282
-89225
-89156
-88921
-88765
-88686
-88599
-88515
-88428
-88363
-88229
-88210
-87532
-87444
-87306
-87267
-87066
-86794
-86651
-86540
-86065
-85768
-85489
-85380
-85336
-85292
-84941
-84907
-84786
-84763
-84694
-84609
-84545
-84006
-83984
-83784
-83773
-83735
-83693
-83612
-83605
-83565
-83397
-83235
-83021
-82895
-82650
-82562
-82189
-82020
-81899
-81471
-81426
-81002
-80975
-80970
-80818
-80505
-80256
-80065
-79893
-79553
-79441
-79281
-79080
-78900
-78736
-78671
-78583
-78523
-78397
-78378
-78035
-78008
-77874
-77836
-77551
-77340
-77270
-77216
-77007
-76627
-76547
-76456
-76435
-76246
-76117
-75950
-75800
-74593
-74272
-73850
-73832
-73830
-73414
-73391
-73259
-73219
-73018
-72995
-72954
-72894
-72785
-71986
-71727
-71632
-71408
-71314
-71108
-70993
-70904
-70583
-70141
-70118
-69854
-69836
-69752
-69702
-69683
-69227
-68816
-68779
-68658
-68536
-67803
-67398
-67348
-67149
-67106
-66945
-66788
-66569
-66480
-66210
-65990
-65540
-65203
-64899
-64883
-64316
-64268
-64211
-63992
-63910
-63473
-61179
-61081
-60844
-60822
-60818
-60445
-60430
-59915
-59787
-59544
-59194
-59173
-58791
-58546
-58388
-58246
-58146
-57636
-57188
-57058
-56530
-56457
-56041
-55942
-55574
-55557
-55352
-55275
-55273
-54876
-54648
-54484
-54251
-53988
-53948
-53852
-53560
-53076
-52946
-52707
-52657
-52103
-51751
-51124
-51033
-51006
-50707
-50683
-50411
-49855
-49848
-49710
-49544
-49437
-49260
-49212
-49146
-48875
-48864
-48296
-48208
-48127
-47962
-47636
-46941
-46862
-46642
-46365
-46044
-45986
-45693
-45594
-45477
-45153
-44844
-44673
-44590
-44210
-43970
-43428
-42915
-42497
-42077
-41877
-41418
-41286
-40652
-40556
-40474
-40312
-39759
-39369
-39328
-39048
-38952
-38821
-38804
-38750
-38708
-38167
-38032
-37863
-37839
-37555
-37262
-37057
-36725
-36600
-36503
-36404
-36203
-35950
-35906
-35624
-35326
-35167
-35163
-34963
-34958
-34950
-34737
-34612
-34462
-34033
-34005
-33980
-33897
-33741
-33720
-33679
-33644
-33603
-33450
-33374
-33191
-32976
-32430
-32247
-31916
-31352
-31117
-30916
-30850
-30832
-30762
-30066
-30016
-29760
-29436
-29373
-29256
-29169
-29105
-29038
-28965
-28901
-28898
-28870
-28717
-28433
-28228
-27700
-27405
-27005
-26910
-26554
-26492
-26427
-26381
-26341
-26193
-25994
-25975
-25967
-25924
-25608
-25484
-25262
-25084
-24973
-24900
-23972
-23899
-23616
-23412
-23360
-23103
-22904
-22847
-22847
-21648
-21312
-21281
-20644
-20230
-19959
-19811
-19723
-19528
-19494
-19385
-19368
-19327
-18793
-18550
-18467
-18355
-18251
-18183
-17860
-17782
-17686
-17213
-17200
-17120
-17095
-16813
-16324
-16279
-16022
-15909
-15789
-15760
-15606
-15570
-15363
-15358
-15275
-15069
-14619
-14599
-14586
-14450
-14257
-14079
-13976
-13709
-13510
-13448
-13280
-13207
-12953
-12758
-12339
-12101
-11850
-11387
-11352
-11170
-10890
-10784
-10335
-10091
-9905
-9594
-9593
-9504
-9468
-9348
-9118
-8964
-8723
-8476
-7881
-7701
-7468
-6929
-6917
-6842
-6509
-6493
-6482
-6083
-5760
-5663
-5019
-4887
-4663
-4373
-4360
-4319
-4191
-3988
-3882
-3718
-3515
-2961
-2839
-2649
-2574
-2499
-2320
-2002
-1932
-1930
-1901
-1307
-938
-897
-388
75
85
209
249
401
412
424
1272
1311
1475
1754
2030
2102
2296
3225
3692
4925
4928
5058
5068
5519
6235
6516
6518
6568
6600
6612
6679
6830
6907
7177
7192
7273
7493
7600
7792
7802
7867
7876
7998
8014
8200
8685
8772
8812
8843
8955
9053
9223
9254
9376
9380
9619
9694
9819
10058
11005
11344
11424
11796
11821
11985
12522
12757
12842
13477
13592
13779
13960
14230
14583
14758
14912
14941
15261
15806
15885
16417
16608
16631
17044
17192
17262
17263
17340
17547
18202
18346
18686
19828
19889
19916
20090
20098
20665
20880
20930
21003
21054
21177
21465
21554
21912
21936
22072
22232
22511
22607
22665
22776
22939
22975
23209
23952
24076
24170
24320
24717
24776
25192
25401
25444
25706
26258
26399
26695
26757
27181
27224
27259
27292
27357
27589
27716
27851
28065
28695
28905
28962
29030
29075
29353
29415
29546
29824
29882
29935
29958
30000
30033
30075
30580
30833
30922
31044
31170
31612
31857
31879
32246
32270
32285
32325
32359
32369
32380
32393
32556
32761
33059
33464
33643
34045
34233
34663
34708
34783
34898
35508
35548
35629
36801
37021
37258
37290
37358
37564
37894
38498
38508
38510
38519
38889
38895
39014
39043
39131
39384
39415
39468
39719
39910
40071
40257
40304
40347
41473
42047
42542
43033
43122
43376
43488
43506
43637
43776
43886
44068
44102
44323
44337
44430
44842
45100
45391
45424
45780
45844
45994
46018
46039
46388
46730
46914
46993
47007
47165
47307
47317
47450
47452
48050
48164
48232
48491
48519
48549
48705
48744
48842
49219
49237
49249
49395
49846
50102
50144
50254
50710
50775
50902
51092
51162
51588
51869
51915
52081
52209
52485
52690
52702
53192
53448
53516
53776
54135
54153
54190
54533
54535
54621
54739
54889
54953
55518
55643
56080
56173
56250
56410
56619
56697
56971
57101
57164
57727
57773
57890
57891
57905
58151
58344
58471
58578
58903
59389
59429
59481
59618
59669
60088
60518
60556
61183
61741
62040
62076
62342
62406
62554
63035
63372
63498
63692
63740
63768
64304
65007
65033
65113
65429
65447
66002
66148
66353
66466
66492
67019
67395
67511
67980
68074
68157
68519
68739
68815
68884
68947
68947
68972
69210
69623
69668
69671
69673
69730
69857
69986
70142
70211
70222
70362
70385
70640
70653
70745
71502
71554
71812
71946
71980
72199
72519
72551
72761
72789
72832
73028
73222
73252
73371
73378
73579
73924
73936
74261
74276
74326
74347
74351
74639
74652
74821
75060
75263
75352
75513
76005
76107
77420
77756
77868
77937
78317
78416
78484
78496
78664
78855
79008
79259
79520
79860
80165
80224
80313
80751
80786
80806
81099
81103
81209
81379
81397
81427
81781
82063
82080
82803
83132
83219
83391
83543
83637
83960
84010
84098
84343
84391
85161
85451
85552
85553
85661
85844
86001
86141
86187
86667
86999
87153
87400
87720
87762
87874
87936
88353
89086
89646
90437
90741
90955
91026
91301
91405
91459
91467
91681
91805
91850
91914
91952
93053
93145
94188
94329
94653
94962
94989
95246
95398
95506
95812
95871
96153
96196
96247
96661
96704
96819
96957
97139
97164
97184
97256
97402
97640
97681
97875
97958
98206
98288
98328
98647
98776
99006
99106
99287
99734