-99791
-99698
-99547
-99496
-99367
-99250
-99185
-98719
-98345
-98033
-97797
-97741
-97328
-97252
-97205
-96998
-96995
-96897
-96893
-96597
-96321
-96306
-96235
-95942
-95928
-95448
-95251
-95250
-93910
-93770
-93006
-92778
-92624
-92409
-92318
-91767
-91664
-91608
-91502
-91447
-91116
-90949
-90684
-90554
-90413
-89907
-89827
-89700
-89669
-89632
-89577
-89559
-88887
-88689
-88620
-88557
-88522
-88358
-88326
-88188
-87851
-87773
-87038
-87003
-86817
-86274
-86255
-85370
-85169
-84790
-84522
-84461
-84415
-84017
-83785
-83609
-83579
-83570
-83539
-83353
-83278
-82785
-82723
-82589
-82575
-82535
-82197
-81998
-81865
-80967
-80943
-80348
-80258
-79657
-79458
-79318
-79314
-79276
-79257
-79119
-79024
-78875
-78626
-78532
-78303
-78020
-77918
-77895
-77760
-77296
-77152
-77058
-76760
-76745
-76333
-76107
-75816
-75724
-75414
-75407
-75404
-75264
-74921
-74715
-74570
-74313
-74293
-74274
-73998
-72956
-72849
-72451
-72441
-72279
-72234
-72049
-71884
-71850
-71790
-71722
-71117
-70953
-70830
-70582
-70575
-70165
-70078
-69897
-69742
-69712
-69112
-69020
-68392
-67748
-67736
-67607
-67504
-67484
-67481
-66952
-66701
-66141
-65840
-65832
-65727
-65550
-65215
-65161
-64920
-64606
-64442
-64362
-64165
-64107
-63911
-63892
-63886
-63709
-63651
-63395
-63291
-63174
-62578
-62354
-62340
-62148
-61957
-61897
-61816
-61786
-61638
-61233
-61176
-61110
-61081
-61051
-60984
-60948
-60732
-60707
-60679
-60503
-60266
-60246
-60167
-59753
-59703
-59515
-59058
-58926
-58923
-58898
-58872
-58800
-58705
-58651
-58110
-57792
-57430
-57407
-57342
-57337
-57262
-57207
-57022
-56898
-56464
-56442
-56054
-55983
-55891
-55768
-55512
-55508
-55366
-54904
-54592
-54470
-54332
-54324
-54072
-53494
-53358
-53358
-53254
-53227
-53219
-52988
-52782
-52465
-52158
-52022
-51954
-51839
-51719
-51654
-51257
-51056
-50968
-50724
-50682
-50403
-50401
-48463
-48234
-48202
-48177
-48064
-47618
-47504
-47498
-47413
-47353
-47197
-47160
-46859
-46573
-46356
-46204
-45869
-45731
-45297
-44845
-44660
-44521
-44466
-44292
-44147
-44069
-43915
-43858
-43558
-43305
-43245
-43138
-43045
-43032
-42990
-42566
-42375
-42166
-42046
-41867
-41746
-41634
-40909
-40767
-40078
-39843
-39830
-39676
-39632
-39567
-39357
-39123
-38855
-38798
-38698
-38629
-38556
-38474
-38164
-38147
-38061
-37964
-37696
-37264
-37156
-36264
-36213
-36043
-36042
-35436
-35268
-34934
-34872
-34756
-34699
-34692
-34277
-34160
-33912
-33831
-33650
-33555
-33222
-33168
-33028
-32854
-32792
-32510
-32447
-32038
-31793
-31515
-31318
-31206
-31197
-30751
-30277
-30175
-29920
-29818
-29789
-29586
-29583
-29130
-29002
-28990
-28887
-28459
-28341
-27930
-27845
-27355
-27162
-26899
-26878
-26843
-26578
-26534
-26254
-26087
-25731
-25332
-25223
-25147
-25135
-25043
-24223
-24182
-24001
-23729
-23183
-22999
-22977
-22919
-22504
-22486
-22446
-22285
-22005
-21850
-21827
-21046
-20144
-19800
-19617
-19316
-18867
-18805
-18792
-18451
-18358
-18287
-18217
-17860
-17788
-17501
-17469
-17190
-16971
-16811
-16781
-16672
-16661
-16404
-16323
-16096
-15759
-15591
-15577
-15497
-15462
-15424
-15241
-15074
-14915
-14586
-14485
-14263
-13271
-13253
-13147
-12828
-12450
-12323
-12321
-12024
-11916
-11755
-11535
-11492
-11277
-10844
-10599
-10287
-10145
-10122
-9697
-9454
-9272
-9091
-8682
-8594
-8439
-8350
-8290
-8028
-7866
-7585
-7175
-6808
-6412
-5662
-5605
-5575
-5362
-5226
-5192
-4920
-4701
-4350
-3975
-3456
-2837
-2437
-2359
-1546
-1394
-1229
-1172
-952
-694
-288
-57
30
333
388
732
986
1270
1592
1642
1837
2069
2078
2361
2483
2672
3733
3862
4087
4204
4437
4765
4919
5511
5862
5995
6189
6578
6761
6782
6829
6938
6940
6971
7058
7344
7548
7724
8002
8097
8158
8177
8190
8410
8617
8836
9061
9511
9670
9715
9821
10048
10195
10276
10779
11318
11455
11486
11544
11870
11967
12548
12600
12625
12716
12727
13191
13217
13386
13396
13492
13616
14130
14444
14696
14778
14942
15090
15209
15314
15545
15903
16546
17273
17292
17473
17519
17525
17951
17999
18055
18284
18347
18366
18428
18724
18831
19128
19179
19439
19798
19831
19856
20257
20352
20579
20766
21173
21186
21418
21465
21635
21679
21853
22648
22653
22757
23063
23117
23216
23615
23617
23812
24097
24116
24196
24710
25466
25585
25637
25691
25779
25852
26061
26174
26258
26455
26640
26708
27067
27522
27652
27718
27894
28218
28748
28761
28821
28836
28869
28968
29211
29450
29746
29938
30548
30585
31160
31170
31247
31302
31357
31651
31725
31741
32005
32020
32277
32625
33036
33321
33608
33619
33662
33889
34220
34258
34364
34375
34983
35243
35253
35352
35639
35864
35905
36044
36196
36381
36581
36934
37151
37443
38052
38438
38680
38906
39268
39304
39423
39712
39937
40389
40503
40641
40804
40891
40930
40957
41730
41762
41860
41882
41917
42122
42220
42366
42408
42520
42571
42666
42722
43329
43529
43678
43788
44214
44555
44659
44832
44840
44904
45403
45427
45782
45937
46150
46283
46376
46598
46810
46858
46954
47005
47102
47349
47534
47694
47983
48321
48488
48775
48871
49056
49784
49915
49919
50017
50062
50137
50268
50368
50434
50531
50792
51411
52016
52350
52572
52606
53062
53119
53521
53527
53812
53881
53999
54079
54158
54993
55011
55114
55145
55333
55942
56144
56874
56879
57240
57256
57626
57641
57792
58061
58089
58262
58317
58509
58516
58765
58777
58801
58903
59073
59370
59409
59526
59602
59961
60251
60290
60590
60625
60947
60965
61227
61371
61504
62000
62122
62297
62500
62694
62949
63165
63275
63733
64050
64197
64801
64943
64978
65069
65358
65509
65599
65658
65806
65849
66106
66398
66647
66785
66823
66898
67109
67217
67510
67555
67785
67840
67840
68104
68196
68652
69151
69338
69463
69505
69618
70044
70104
70281
70486
70578
70608
70733
71114
71269
71723
71752
71802
71830
71847
72038
72368
72697
72833
73146
73288
73424
73512
73566
73859
73956
74297
74344
74508
74758
74996
75410
75636
75639
76797
76861
77060
77112
77202
77258
77329
77388
77623
78171
78176
78399
78877
79419
79710
79807
79828
79928
80185
80187
80349
80728
80759
81073
81194
81807
82375
82401
82569
82698
82835
83279
83658
83660
83694
83755
84110
84450
84463
84522
84745
84930
85391
85405
85645
85716
85911
85936
86026
86160
86203
86311
86434
86635
86760
87131
87164
87260
87350
87506
87827
88227
88655
89083
89722
89884
90236
90263
90273
90595
90685
90910
91057
91870
92083
92254
92360
92459
93183
93352
93539
93663
94034
94066
94098
94127
94158
94634
94693
95146
95148
95185
95524
96018
96353
96456
96726
96755
96974
97003
97209
97302
97538
98168
98387
98418
98441
98733
98959
99159
99406
99632
99726