-99923
-99639
-99509
-99463
-99057
-98981
-98747
-98523
-98513
-98504
-98245
-98155
-97813
-97557
-97457
-97270
-97014
-96993
-96778
-96737
-96140
-95846
-95773
-95534
-95388
-95377
-95275
-95093
-94695
-94684
-94463
-94095
-94074
-93986
-93787
-93779
-93764
-93675
-93638
-93614
-93275
-93194
-93160
-92865
-92616
-92414
-92343
-92135
-91768
-91652
-91536
-91425
-91024
-90902
-90643
-90609
-90433
-90398
-90208
-90172
-90148
-90009
-89923
-89826
-89698
-89597
-89596
-89467
-89338
-88264
-88160
-88058
-88030
-87905
-87252
-87018
-86690
-86650
-86631
-86219
-86067
-85643
-85305
-84971
-84354
-83947
-83902
-83704
-83688
-83595
-83176
-82473
-82249
-81997
-81965
-81960
-81922
-81849
-81753
-81388
-81204
-81193
-80945
-80932
-80809
-80761
-80235
-80158
-79993
-79906
-79592
-79040
-78808
-78213
-77866
-77774
-77245
-77242
-76600
-75750
-75535
-75506
-75414
-75381
-75082
-74854
-73886
-73826
-73808
-73472
-73397
-73156
-72895
-72616
-72554
-72274
-72094
-72076
-71857
-71588
-71104
-71078
-71025
-70753
-70671
-70504
-70468
-70132
-69747
-69474
-69075
-69040
-68641
-68391
-68354
-68032
-67789
-67745
-67544
-66711
-66550
-66452
-66440
-66360
-66268
-66075
-66033
-65800
-65704
-65346
-65138
-64622
-64451
-64240
-64130
-63465
-63035
-62408
-62282
-62042
-62002
-61724
-61319
-61295
-61219
-60771
-60550
-60492
-60489
-60379
-60116
-59774
-59655
-59578
-59276
-59246
-59243
-59172
-59148
-59120
-58588
-58458
-58427
-58312
-58127
-57913
-57859
-57770
-57680
-57506
-57440
-57312
-57270
-57127
-56804
-56363
-55975
-55825
-55741
-55523
-55358
-55245
-55237
-54987
-54935
-54807
-54801
-54689
-54665
-54109
-54064
-54019
-53978
-53862
-53748
-53680
-53225
-53180
-52804
-52776
-52740
-52740
-52635
-52378
-52260
-51956
-51953
-51581
-51328
-51208
-51032
-50820
-50717
-50652
-50536
-50359
-50227
-49585
-49076
-49020
-48922
-48714
-48652
-48595
-48339
-48314
-48170
-47975
-47953
-47916
-47780
-47624
-47492
-47103
-46999
-46725
-46664
-46314
-46188
-45930
-45843
-45324
-45257
-45134
-45131
-45061
-44792
-44717
-44704
-44663
-44417
-44293
-43415
-43210
-43092
-42653
-42627
-42497
-42418
-42406
-42319
-42241
-42052
-41945
-41835
-41625
-41578
-41376
-41369
-41168
-41128
-41007
-40781
-40766
-40662
-40658
-40444
-40427
-40072
-39856
-39835
-39734
-39731
-39621
-38667
-38592
-38504
-38446
-38381
-38318
-38259
-37956
-37728
-37632
-37280
-36955
-36831
-36187
-36021
-35948
-35651
-35512
-35396
-35232
-34281
-34100
-33541
-32803
-32636
-32453
-32282
-32037
-31908
-31570
-31306
-31116
-30813
-30727
-30581
-30541
-30256
-30211
-29997
-29167
-29110
-29068
-29000
-28948
-28598
-28448
-28431
-28199
-27816
-27798
-27552
-27425
-27277
-27143
-26647
-26513
-26326
-26202
-26128
-25980
-25728
-25670
-25320
-25015
-24798
-23916
-23368
-22942
-22886
-22704
-22686
-22511
-22436
-22143
-22141
-21986
-21804
-21613
-21585
-21440
-21344
-21208
-21073
-20992
-20812
-20108
-19925
-19637
-19516
-19187
-19153
-18848
-18843
-18820
-18782
-18724
-18691
-18633
-18435
-18137
-18099
-17569
-17373
-17157
-17079
-16886
-16562
-16215
-15509
-15416
-15271
-15108
-14671
-14606
-14512
-14330
-14056
-13903
-13859
-13799
-13619
-13570
-13328
-12456
-12370
-12252
-12001
-10629
-10613
-10578
-10448
-10055
-9930
-9368
-8789
-8739
-8695
-8672
-8535
-8374
-8288
-8123
-8104
-7777
-7769
-7750
-7435
-7103
-7076
-6924
-6923
-6883
-6772
-6624
-6475
-6435
-6391
-5992
-5002
-4990
-4899
-4570
-4517
-4321
-4309
-4216
-4000
-3753
-3706
-3582
-3176
-3139
-2780
-2682
-2624
-2592
-2583
-1979
-1494
-1479
-1002
-944
-731
-632
-582
-443
-175
84
109
169
174
221
382
844
1121
1152
1279
1290
1356
1583
2002
2032
2116
2267
2396
2468
2524
2722
2940
3003
3029
3654
3874
4249
4328
4850
4876
4887
5177
5426
5609
5632
5714
5839
6007
6424
6497
6566
6729
7219
7300
7388
7462
7534
7667
7939
8377
8404
8544
9149
9650
9775
9824
10679
11051
11100
11518
11618
11811
11817
12278
12442
12582
12839
13126
13315
13385
13584
13932
13944
14328
14647
15551
15721
15724
16028
16094
16208
16659
16697
17010
17294
17459
17678
17701
17825
17840
18074
18092
18640
18806
18883
18943
18955
19145
19227
19301
19319
19429
19799
19899
19926
20031
20375
20488
20699
20721
20735
20942
21421
21570
21736
21863
22003
22174
22177
22303
22476
22693
22705
22843
22856
22975
22995
23571
23641
23676
23707
23746
23761
24783
25375
25494
25541
25645
25725
25994
26158
26209
26344
26390
26916
27055
27150
27350
27614
28093
28181
28186
28274
28527
28579
28832
29275
29344
29469
29525
29828
29946
29953
30091
30341
30804
30840
31182
31406
31499
31735
31807
31895
32010
32684
32846
32931
33036
33066
33183
33523
33843
33855
34068
34462
34499
34662
35048
35506
35994
36269
36523
36527
36884
37191
38265
38338
38577
38723
38803
39009
39158
39482
39812
39895
40086
41043
41423
41546
41828
41907
42136
42273
42494
42702
42759
42941
42998
43125
43212
43254
43425
43497
43910
44203
44217
44246
44413
44690
44744
44868
45250
45301
45388
45419
46095
46495
47097
47333
47354
47416
47490
47534
47614
47689
47764
48077
48516
48647
49284
49764
50117
50130
50491
50519
50681
51205
51239
51356
52502
52901
53382
53564
53583
53856
53873
53940
53975
54217
54373
54391
54743
54826
54862
55514
55539
55787
55868
56473
56478
56870
57301
57525
57583
57736
57799
58107
58452
58696
58733
58782
59327
59780
60372
60426
60497
61010
61236
61377
62158
62392
62793
62904
63318
63429
63446
63595
63646
63661
63816
63826
63912
64173
64289
64338
64769
64972
65016
65136
65278
65363
65430
65558
65927
66062
66309
66406
66496
67165
67233
67421
67858
67941
68036
68156
68722
68803
69063
70358
70479
70512
70526
70583
70711
70905
71235
71327
71411
71482
71640
72074
73047
73119
73343
73539
73609
73856
73875
73878
74161
74254
74350
74497
74549
74561
74937
74958
75103
75375
75591
75656
75682
75703
75861
76448
76486
76508
76547
76801
77089
77159
77360
77368
77456
77480
77714
77761
77805
77888
77906
78313
78439
79867
80302
80357
80596
80630
80740
80784
81118
81192
81303
81380
81544
81595
81634
82150
82151
82495
82760
82821
82903
82972
83220
83549
83821
84751
84792
84838
84855
85193
85271
85276
85280
85534
85852
85928
86158
86336
86421
86503
86931
87294
87382
87679
87770
87894
88016
88355
88412
88890
88976
89545
89625
90113
90131
90194
90246
90261
90382
90673
90938
91153
91170
91199
91516
91556
91683
91834
91936
91946
92575
93230
93360
93454
93496
93901
93943
94009
94052
94087
94467
94779
94876
95051
95105
95611
95641
95774
95946
96419
96665
97575
97920
98441
98837
98902
98979
99252