-99736
-99692
-99160
-99042
-98716
-98679
-98485
-98346
-98298
-98030
-97977
-97366
-97310
-96593
-95919
-95866
-95731
-95678
-95613
-95495
-95278
-95209
-94935
-94774
-94729
-94545
-94370
-94312
-94193
-93466
-93322
-92939
-92531
-92410
-92338
-92150
-92127
-91438
-91302
-91191
-90736
-90599
-90465
-90293
-90256
-90183
-90061
-90014
-89914
-89735
-89360
-89312
-89073
-89070
-88783
-88594
-88510
-88503
-88461
-88450
-88066
-87416
-87296
-87124
-86658
-86653
-86057
-85722
-85701
-85628
-85111
-85096
-84789
-84709
-84700
-84116
-84057
-84036
-84006
-83969
-83961
-83792
-83571
-83124
-82886
-82372
-82032
-81662
-81143
-81110
-80825
-80710
-80452
-80416
-80131
-79904
-79295
-79226
-78996
-78751
-78736
-78488
-78303
-78125
-77831
-77782
-77781
-77695
-77691
-77276
-77275
-77245
-77027
-76498
-76108
-76089
-75468
-75333
-75259
-75115
-75114
-75000
-74675
-74383
-74302
-73696
-73459
-72557
-72324
-72310
-72276
-71938
-71526
-71310
-71196
-71181
-71059
-70570
-70332
-70310
-70076
-69529
-69187
-69014
-68686
-68123
-67824
-67142
-67113
-67023
-66920
-66867
-66792
-66725
-66433
-66371
-65967
-65942
-65903
-65872
-65723
-65622
-65336
-65059
-64808
-64672
-64277
-64235
-64082
-64074
-64047
-63867
-63825
-63752
-63689
-63586
-63091
-62916
-62583
-62437
-62048
-62024
-61926
-61830
-61754
-61244
-61238
-61000
-60426
-60356
-60227
-60082
-60031
-59919
-59894
-59667
-59606
-59377
-59346
-59331
-59120
-58758
-58578
-58141
-58118
-57983
-57925
-57899
-57184
-56803
-56661
-56628
-56559
-56550
-56136
-56065
-55853
-55295
-55255
-55119
-54904
-54892
-54890
-54836
-54791
-54786
-54557
-54502
-53596
-53506
-53454
-53404
-53261
-52904
-52813
-52696
-52542
-52185
-52021
-51965
-51811
-51801
-51670
-51649
-51568
-51528
-51389
-51381
-51352
-51059
-50997
-50496
-50456
-50247
-50100
-50035
-49715
-49620
-49409
-48688
-48360
-48334
-47536
-47509
-47337
-47308
-46701
-46493
-46418
-46087
-45700
-45623
-45582
-45580
-45499
-45459
-45106
-45029
-44132
-44046
-43404
-43235
-43025
-42716
-42693
-42632
-42537
-42524
-41702
-41602
-41434
-41423
-40880
-40867
-40838
-40665
-40611
-40369
-40287
-39911
-39627
-39542
-39501
-39286
-39064
-38802
-38787
-38769
-38758
-38666
-38614
-38469
-38444
-37963
-37835
-37783
-37753
-37566
-37554
-37320
-37050
-36744
-36696
-36555
-36400
-36331
-36114
-35277
-34860
-34713
-34612
-34386
-34299
-34199
-34148
-33985
-33927
-33852
-33844
-33653
-33500
-32873
-32783
-31873
-31665
-31483
-31234
-30970
-30941
-30919
-30570
-30559
-30232
-30189
-30187
-30176
-30011
-29806
-29728
-29728
-29321
-29255
-28932
-28799
-28662
-28459
-28308
-28205
-27658
-27399
-27274
-27173
-27130
-26988
-26871
-26705
-26704
-26515
-26191
-26179
-25878
-25679
-25136
-24983
-24649
-24493
-24389
-24093
-24035
-23570
-23544
-23372
-23312
-23128
-22972
-22967
-22761
-22394
-21480
-21278
-20976
-20863
-20343
-20261
-19523
-19495
-19450
-19213
-18990
-18452
-18141
-18013
-17947
-17741
-17307
-17071
-17053
-16421
-16243
-16231
-16013
-15314
-15228
-14724
-14713
-14680
-14067
-14060
-13911
-13887
-13874
-13646
-13624
-13099
-13010
-12395
-11970
-11967
-11966
-11755
-11747
-11708
-11429
-11011
-11007
-10907
-10878
-10786
-10770
-10725
-10107
-10093
-10063
-10028
-10018
-9922
-9756
-9613
-9015
-8829
-8807
-8416
-8097
-8036
-8033
-7982
-7900
-7581
-7169
-7118
-6903
-6885
-6701
-6690
-6604
-6412
-5987
-5967
-5964
-5796
-5608
-5473
-5394
-5332
-5123
-5109
-4802
-4751
-4745
-4676
-4412
-4146
-3969
-3924
-3708
-3613
-3506
-3498
-2987
-2029
-2002
-1894
-1619
-1459
-1031
-1003
-854
-515
-491
-472
-448
-407
-294
344
427
533
595
668
754
1159
1282
1373
2125
2591
2701
2770
2781
2872
2874
3130
4053
4202
4783
4973
5317
5610
5639
6390
6556
6584
6758
6970
7203
7805
8256
8279
8330
8372
8389
8423
8435
8696
9217
9258
9700
9922
9934
10062
10356
10534
10787
11227
11651
11702
11762
12097
12114
12129
12289
12662
12814
12881
13029
13036
13098
13115
13193
13202
13475
13706
14074
14437
14737
14755
14869
15030
15164
15507
15676
15742
15797
16178
16241
16529
16676
16885
16930
16979
17073
17261
17482
17730
17910
17993
18078
18134
18676
18867
18927
20099
20155
20273
20299
20570
20893
21675
21817
22135
22256
22427
22442
22665
22993
23417
23864
24319
24323
24556
24680
24699
24974
25375
25467
26225
27167
27735
27916
28044
28235
28446
28470
28596
28894
29249
29676
30288
30396
30593
30645
30775
30832
30971
31227
31408
31473
31488
31786
32023
32316
32418
32594
32628
33015
33102
33273
33348
33580
33727
34480
34749
34950
34972
35073
35195
35332
35479
35760
35826
36536
37015
37057
37776
37946
38284
38360
38406
38496
39095
39223
39314
39727
39963
39996
40039
40107
40413
40702
40903
40982
40989
41241
41262
41524
41762
41887
42097
42543
42632
42717
42880
42922
43150
43206
43370
44143
45012
45087
45194
45322
45361
45918
46308
46326
46470
46471
46742
46986
47167
47920
48108
48357
48682
48688
49065
49075
49281
49501
49534
49741
49760
50058
50152
50171
50267
50396
50829
51137
51253
51422
51862
51906
52201
52201
52313
52522
52678
52689
52694
52728
52752
52965
52980
53144
53344
53636
53854
53936
54703
54800
55079
55165
55173
55187
55187
55194
55210
55311
55322
55475
55530
55594
55630
55734
55756
56014
56027
56486
56984
57065
57096
57143
57163
57175
57259
57277
57382
57393
57833
57844
58152
58162
58211
58222
58275
58326
58491
59083
59131
59195
59312
59833
59985
60645
60675
60907
61148
61150
61263
61292
61353
61478
61594
61612
61621
61690
62024
62276
62726
63004
63075
63162
63350
63643
63900
63963
64214
64812
64932
64944
65131
65866
65875
65905
66016
66570
66635
66673
67003
67484
67730
68349
68525
68660
68681
68736
68858
68980
68984
68998
69015
69165
69471
70207
70334
70457
70697
70847
70945
71015
71115
71155
71256
71348
71844
71986
72573
72595
72744
72929
73456
73546
73722
73765
73852
74342
74466
74683
75121
75224
75504
75532
75774
75917
76369
76617
76845
76923
78221
78305
78383
78449
78679
78788
79344
79507
79616
80006
80376
80595
80913
80962
81095
81180
81255
81774
81893
81899
82030
82042
82177
82181
82267
82407
82502
82614
82695
83013
83431
83579
83722
84417
84772
85373
85395
85647
85888
86352
86391
87029
87317
87727
87822
87944
88062
88313
88829
89099
89386
89592
89629
89685
89944
90596
90648
90885
90933
91132
91284
91293
91628
91758
91875
91929
92220
92434
92557
92615
92907
92966
93051
93197
93297
93458
93544
93756
93970
94448
94476
94630
94759
95595
95700
95872
95962
95971
96256
96354
96408
96824
96853
96910
97537
97674
97977
98021
98669
98898
99029
99298
99566