-99913
-99832
-99730
-99372
-99295
-99131
-98863
-98701
-97290
-97122
-96944
-96876
-96439
-96389
-96281
-96263
-96204
-96016
-95972
-95858
-95709
-95393
-95351
-95120
-95072
-94890
-94808
-94408
-94348
-94173
-93643
-93459
-93435
-93105
-93074
-93043
-92787
-92412
-91745
-91568
-91502
-91486
-91313
-91223
-91161
-91158
-91151
-90887
-90558
-89628
-89621
-89523
-89490
-89405
-89202
-88766
-88729
-88528
-88494
-88492
-88256
-87937
-87925
-87641
-87579
-87560
-87451
-87380
-87217
-87139
-86699
-86298
-86193
-86111
-86035
-85905
-85336
-85036
-84987
-84953
-84872
-84855
-84787
-84023
-83992
-83940
-83423
-83357
-83299
-83298
-83168
-83070
-83007
-82459
-82455
-82392
-82355
-81841
-81738
-81586
-80582
-80178
-79672
-79660
-79637
-79494
-79412
-79375
-78215
-78185
-77568
-77552
-77370
-77269
-77049
-76952
-76820
-76304
-76185
-75889
-75653
-75543
-75113
-74878
-74654
-74524
-74236
-74118
-74051
-73915
-73859
-73745
-73300
-72959
-72489
-72450
-72354
-72207
-72163
-71315
-70692
-70623
-70379
-70294
-70154
-70129
-69355
-69203
-68900
-68794
-68686
-68353
-68178
-67886
-67366
-67036
-66931
-66831
-66764
-66693
-66656
-66388
-66372
-66139
-65922
-65868
-65754
-65699
-65455
-65223
-64549
-64503
-64434
-64317
-64111
-63263
-63038
-62881
-62661
-62113
-61991
-61591
-61416
-61336
-61303
-61133
-60486
-60160
-60043
-59979
-59873
-59871
-59804
-59620
-59392
-59140
-59132
-58984
-58906
-58471
-58060
-57957
-57864
-57535
-57402
-57114
-56647
-56202
-56113
-56077
-56006
-55943
-55853
-55338
-55324
-55304
-55295
-55175
-54893
-54681
-54469
-54324
-54177
-54151
-54047
-53900
-53843
-53818
-53818
-53686
-53564
-53401
-53386
-52869
-52802
-52374
-52232
-52185
-51933
-51921
-51759
-51669
-51554
-51535
-51478
-51441
-51037
-51027
-50960
-50562
-50559
-50538
-50508
-50078
-49935
-49663
-49487
-48830
-48687
-48590
-48301
-48269
-47964
-47895
-47553
-47529
-47457
-47290
-47231
-47220
-46266
-46106
-45256
-45064
-44490
-44233
-43769
-43628
-43177
-43045
-42868
-42757
-42625
-42575
-42551
-42444
-42287
-42202
-42055
-41946
-41514
-41118
-40773
-40753
-40741
-40234
-39722
-39489
-39130
-38765
-38410
-38312
-38202
-37945
-37064
-36768
-36738
-36595
-36458
-36432
-36310
-35844
-35685
-35428
-35371
-34576
-34468
-34329
-34326
-34276
-34127
-34096
-33895
-33768
-33745
-33169
-33149
-32892
-32675
-32605
-31923
-31687
-31664
-31574
-31255
-31206
-31205
-30673
-30648
-30575
-30213
-30131
-29813
-29088
-29032
-28792
-28625
-28337
-28177
-28063
-27784
-27314
-27139
-27015
-26937
-26816
-26576
-26117
-25365
-25152
-25112
-25030
-24868
-24802
-24630
-24413
-24130
-24054
-23747
-23636
-23428
-23207
-23012
-22950
-22778
-22351
-22202
-22196
-21710
-21510
-21504
-21489
-21479
-21446
-21381
-21373
-21020
-20904
-20649
-20464
-20391
-20378
-20211
-20201
-19789
-19771
-19359
-19306
-19168
-19097
-19061
-18576
-18569
-18419
-18171
-17519
-17342
-16512
-16019
-15943
-15916
-15718
-15630
-15133
-15030
-15000
-14586
-14577
-14353
-14001
-13447
-13339
-13301
-13275
-12467
-12438
-12417
-12241
-12165
-12072
-11696
-11638
-11608
-11533
-11337
-11152
-10814
-10729
-10651
-10312
-9872
-9779
-9629
-9321
-9283
-9247
-9080
-8964
-8058
-7696
-7330
-7163
-7110
-6936
-6555
-6508
-6446
-6434
-5709
-5511
-5414
-5384
-5368
-5135
-5016
-4853
-4395
-4278
-4143
-4128
-3969
-3822
-3635
-2870
-2771
-2728
-2721
-2688
-2643
-2488
-2469
-2289
-2166
-1637
-1385
-1217
-1209
-1075
-989
-876
-782
-630
-552
-504
-504
108
400
482
849
1088
1230
1323
1410
1694
2119
2382
2396
2650
2777
2897
2998
3293
3354
3525
3968
4564
4866
5018
5044
5177
5239
5435
5963
6067
6118
6259
6395
6439
6598
6714
6816
7088
7089
7396
7700
7737
8000
8125
8441
8737
8962
9386
9417
9565
9706
9860
9901
10123
10277
10757
11093
11195
11771
11813
11888
12680
12747
12839
12839
12840
12843
12880
12908
12998
13020
13118
13314
13642
13824
13904
13914
14123
14156
14368
14495
14609
14770
14855
14995
15319
15372
15385
15635
15765
15828
15922
16295
16532
16615
16615
16816
16827
17157
17514
17680
17856
17878
17923
17997
18044
18081
18349
18424
18494
18503
18590
18653
18677
18692
18701
18746
18821
19067
19133
19279
19305
19636
19695
19699
19720
19807
20660
20727
20729
20802
20909
21019
21255
21495
21739
22113
22306
22657
23010
23561
23655
23923
24149
24724
25018
25208
25565
25573
25653
25715
25740
25745
26155
26335
26594
26733
26735
27165
27389
27956
28088
28099
28539
28544
28652
28840
28892
29129
29602
29715
29845
30032
30266
30612
30773
30779
30915
30988
31093
31404
31414
31491
31806
31960
32097
32195
32589
32760
32936
33313
33479
33883
34207
34610
35324
35339
35521
35653
35684
35975
36079
36139
36210
36219
36325
36619
36797
37146
37340
37355
37452
37842
38102
38131
38199
38386
38828
38840
38878
39230
39330
39369
40322
40580
40718
41554
42066
42105
42216
42290
42316
42433
43012
43067
43462
43775
43898
44096
44173
44740
44748
44974
45301
45611
45636
45968
46108
46128
46225
47355
47443
47457
47862
47887
48070
48492
48611
48676
48750
48766
49016
49478
49701
49760
49894
49904
49969
50169
50503
50953
51305
52424
52639
52729
53336
53509
53850
53946
53978
54111
54321
54523
54799
54869
54904
54937
55304
55343
55372
55561
55817
56453
56562
56891
56990
57225
57307
57436
57537
57567
57648
57932
57963
58154
58178
58497
58501
58878
59018
59549
59624
59745
60078
60101
60327
60348
60617
60785
60907
61491
61566
61744
62569
62631
62984
63060
63664
63917
63962
64064
64190
64220
64229
64348
64361
64408
64750
64934
65209
65421
65637
66028
66629
66658
66749
66800
66922
66983
67523
67887
68678
68824
68875
68975
69613
69713
69959
70394
70436
70653
71340
71368
71667
72095
72617
72794
73472
73819
74174
74221
74924
75014
75194
75204
75920
75994
76124
76135
76160
76216
76238
76260
76430
76500
76693
76739
76804
76814
76946
77016
77084
77124
77318
77381
77532
77701
77797
77876
77921
77927
78005
78224
78241
78726
79298
79323
79413
79787
79886
79935
81461
81491
81643
81681
81733
82380
82464
83192
83243
83253
83558
83568
84003
84605
84735
84756
84993
85037
85329
85344
85348
85506
85875
85987
86091
86167
86467
86509
86839
87115
87492
87547
87644
87817
88070
88162
88389
88461
88542
88835
88973
89886
90136
90342
90393
90745
90842
90897
91057
91085
91113
91324
91565
91690
91891
92318
92474
92502
93041
93142
93207
93600
93777
93849
93973
94128
94353
94370
94720
94939
94983
94993
95326
95410
95691
95766
96358
96877
96968
96971
97426
97695
97763
97800
98395
98478
98541
98749
98974
99015
99200
99234
99389
99779
99821