-97553
-97248
-93770
-92823
-90024
-89542
-88562
-87584
-87470
-84929
-84157
-83667
-82618
-81394
-79885
-79432
-75731
-75613
-75456
-74409
-72945
-70958
-70184
-70010
-69631
-67065
-66039
-63138
-63061
-62572
-62397
-62004
-61880
-59661
-58584
-57355
-55017
-52367
-48920
-44486
-41216
-40222
-39155
-33804
-33584
-33416
-33195
-32332
-28445
-27788
-27271
-26582
-25809
-25668
-25125
-24856
-24809
-23457
-21828
-21206
-20621
-18862
-17873
-16984
-16635
-10403
-9241
-6842
-6373
-5745
-4907
-2060
4068
4267
5681
5969
6039
7172
10537
11791
15366
15495
18461
21776
22370
24348
24782
26112
27046
27463
29311
29399
29523
30090
30354
30408
30723
31649
33732
33791
40768
41379
41579
43106
46879
47175
47539
48447
50306
50378
50651
53794
53888
54092
55179
56562
56573
58916
60072
61534
62973
63716
63917
66255
67051
68981
69014
70257
70464
71228
71328
73277
74381
75924
76318
78087
78301
78335
85124
88686
89999
91343
92399
94750