-99756
-99644
-99384
-99338
-99164
-99133
-99033
-98459
-98444
-98105
-97912
-97800
-97721
-97338
-96864
-96672
-96549
-96507
-96407
-96388
-96386
-96104
-96071
-95718
-95482
-95028
-95024
-94955
-94891
-94588
-94314
-94300
-93971
-93750
-93252
-92938
-92850
-92772
-92346
-92236
-92171
-92160
-91983
-91963
-91594
-91084
-90965
-90892
-90593
-90544
-90280
-89931
-89795
-89753
-89378
-89304
-89162
-89004
-88890
-88819
-88713
-88619
-88560
-87939
-87800
-87632
-87375
-87338
-87218
-87109
-86975
-86707
-86314
-86116
-85842
-85785
-85742
-85682
-85640
-85472
-85269
-85195
-84868
-84723
-84478
-83688
-83413
-83396
-83305
-83127
-83065
-83045
-82881
-82875
-82403
-82402
-82353
-82288
-82024
-81796
-81745
-81433
-81186
-81077
-80917
-80753
-80103
-79933
-79443
-79384
-79226
-79129
-78884
-78634
-78547
-78471
-78345
-78141
-77590
-77169
-77079
-76564
-76422
-76272
-76257
-75992
-75969
-75356
-74736
-74559
-74394
-74243
-74149
-74100
-74083
-73872
-73730
-73091
-73087
-73080
-73022
-72579
-72565
-72110
-71712
-71641
-71189
-71129
-71023
-70701
-70534
-70496
-70257
-70235
-70215
-70157
-70080
-69468
-69390
-69358
-69092
-69053
-68900
-68892
-68788
-68734
-68597
-68435
-68425
-68081
-67961
-67815
-67767
-67749
-67707
-67559
-67163
-67093
-66731
-66729
-66699
-66363
-66314
-66312
-66107
-66028
-66012
-65850
-65728
-65561
-64751
-64613
-64530
-64489
-64475
-63520
-63454
-63443
-63394
-63211
-63169
-63108
-63047
-63034
-62942
-62878
-62835
-62462
-62254
-61903
-61812
-61500
-61270
-60947
-60799
-60639
-60570
-60192
-60168
-60139
-60050
-60039
-59922
-59784
-59511
-59457
-59162
-58558
-58514
-58485
-58340
-58339
-58291
-57843
-57453
-57426
-57269
-57177
-57006
-55998
-55933
-55752
-55721
-55720
-55431
-55425
-55301
-54328
-54249
-54248
-53714
-53361
-52965
-52784
-52720
-52599
-52369
-52221
-52163
-51546
-51362
-51262
-50991
-50804
-50463
-50392
-50165
-50075
-50068
-49993
-49672
-49602
-49569
-48830
-48484
-48431
-48368
-47737
-47602
-47579
-47428
-47102
-47025
-46822
-46718
-46586
-46421
-46365
-46010
-45819
-45675
-45475
-45287
-45046
-44704
-43823
-43536
-43470
-43129
-42872
-42418
-42164
-42151
-42110
-41907
-41713
-41708
-41668
-41556
-40991
-40975
-40835
-40519
-40142
-40093
-39984
-39418
-39391
-39264
-39196
-38898
-38894
-38871
-38784
-38602
-38513
-38215
-38148
-38137
-38089
-37524
-37466
-36877
-36790
-36691
-36656
-36230
-36167
-35839
-35776
-35368
-35322
-35148
-35128
-34538
-34512
-34268
-34265
-33914
-33801
-33788
-33591
-33483
-33301
-33278
-32996
-32732
-32394
-32271
-32022
-31986
-31982
-31745
-31192
-31012
-30863
-30835
-29926
-29521
-29490
-28097
-28054
-27562
-27395
-27215
-26748
-25875
-25479
-25328
-25134
-24891
-24839
-24664
-24523
-24457
-24441
-24145
-24004
-23833
-23584
-23473
-23425
-23374
-23156
-22685
-22649
-22507
-22419
-22416
-22028
-21965
-21663
-21382
-21221
-21030
-20955
-20432
-19790
-19779
-19570
-19430
-19062
-18794
-18394
-18029
-17921
-17751
-17746
-17614
-17512
-17283
-17268
-16858
-16737
-16576
-16059
-16025
-15666
-15062
-14706
-14548
-14267
-14164
-14157
-13841
-13789
-13782
-13578
-13481
-13459
-13354
-13267
-13032
-12949
-12888
-12878
-12700
-12528
-12153
-11956
-11939
-11765
-11631
-11587
-11217
-11191
-10953
-10911
-10866
-10714
-10668
-9999
-9936
-9813
-9679
-9620
-9488
-9435
-9307
-9291
-9131
-9126
-9002
-8989
-8030
-7977
-7955
-7915
-7825
-7560
-7492
-7235
-6519
-6486
-6435
-6249
-6150
-6061
-5755
-5739
-5584
-5408
-5324
-4752
-4512
-4276
-4246
-4237
-4178
-4013
-3981
-3550
-3329
-2778
-2694
-2663
-2432
-2333
-2235
-2094
-1468
-1064
-1007
-894
-805
-590
-284
-32
56
163
566
1218
1348
1359
1362
1818
1937
2116
2156
2227
2307
2312
2764
2771
2908
3426
3557
3574
3986
4003
4175
5083
5301
5375
5411
5804
5841
6049
6528
6632
6664
6693
6753
6912
7118
7390
7529
7673
8125
8272
8413
8702
9122
9142
9326
9327
9334
9466
9877
10013
10120
10455
10503
10880
11539
12266
12270
12382
12574
12755
12959
13695
14143
14153
14155
14433
14724
14861
14907
15095
15347
15395
15533
15922
16027
16167
16453
16477
16706
16806
16870
16920
17056
17179
17185
17346
17466
17853
17899
17941
17975
18033
18555
18648
18811
18844
18876
19059
19609
20246
20286
20962
21450
21459
21563
21631
22622
22906
23259
23399
23659
23978
24183
24357
24382
24848
24875
25366
25515
25574
25598
25623
25683
26096
26768
26801
26952
27016
27142
27583
27750
27822
27831
27889
28525
28605
28654
28721
28848
28976
28991
29341
29632
29871
29884
29967
30061
30331
30352
30601
30620
30692
30891
30995
31245
31444
31601
31927
32263
32335
32415
32566
32712
32922
33146
33547
33608
33728
33738
33755
33837
33841
33924
34036
34104
34246
34257
34495
34553
34751
34840
34933
34971
35169
35373
35477
35635
35638
35733
36420
36475
36722
36782
36849
37052
37524
37693
38035
38073
38319
38340
38429
38579
38688
39175
40280
40731
40825
40973
41000
41358
41712
42231
42445
42832
43202
43583
43698
43759
43901
44689
44695
44947
44956
45493
45702
45814
45978
46221
46344
46484
46701
46827
47007
47071
47429
47466
47616
47661
47728
48075
48200
48297
48675
48764
48773
49066
49217
49815
50284
50422
50496
50508
50612
50623
50816
50820
50942
50952
51261
51419
51448
51618
51821
52085
52273
52274
52547
52954
53081
53142
53339
53971
54051
54562
54663
54794
55050
55069
55229
55336
55920
56245
56557
57185
57300
57411
58186
58734
58797
58954
59208
59376
59639
59734
60139
60614
60756
60893
60920
61167
61277
61790
61859
62198
62305
62467
62860
63075
63246
63461
63481
63845
63867
63974
64476
64584
64600
64608
64616
65063
65116
65479
65500
65503
66028
66516
66746
67063
67221
67653
67740
68325
68336
68394
68788
69435
69847
69857
70518
70887
71045
71338
71586
72099
72314
72726
73029
73123
73395
73589
73737
73994
74096
74125
74318
74413
74421
74474
74660
74864
75062
75098
75467
75540
75655
75970
76073
76162
76213
76315
76700
76735
76910
77428
77479
77894
77952
78572
78600
78770
79433
79573
80160
80203
80455
80718
81053
81076
81491
81888
82138
82236
82265
82495
82725
82803
83104
83239
83245
83344
83632
83719
83768
84041
84586
84851
85172
85575
85642
85721
85786
85876
86912
86995
87010
87052
87245
87301
87342
87744
88174
88175
88185
88580
88645
88845
88848
88988
89228
89312
89345
89823
89903
89906
89929
90077
90503
90680
91090
91179
91282
91979
92184
92315
92513
92651
92751
92963
93044
93521
93540
93835
94039
94316
94349
94472
94793
94834
94842
94885
94965
95542
95944
96191
96365
96554
96559
96874
97493
97546
98010
98157
98291
98520
98535
99060
99636
99806
99902