-99624
-99298
-98534
-98459
-98409
-98370
-97985
-97906
-97866
-97534
-97468
-97407
-97297
-96569
-96464
-96403
-96252
-96033
-95691
-95475
-95470
-95424
-95214
-95200
-95146
-95129
-94956
-94929
-94864
-94749
-94700
-94006
-93883
-93772
-93560
-93527
-92700
-92560
-92041
-91935
-91478
-90607
-90576
-90476
-90322
-90311
-90172
-90085
-90017
-89447
-88888
-88838
-88489
-88226
-88183
-87881
-87849
-87812
-87756
-87680
-87500
-87157
-87051
-86849
-86817
-86581
-86360
-86218
-85989
-85841
-85420
-85272
-85265
-85223
-85030
-84989
-84713
-84703
-84667
-84637
-84338
-84233
-84109
-83580
-83579
-82750
-82748
-82737
-82453
-82355
-82165
-82030
-81979
-81795
-81787
-81578
-81420
-81323
-80944
-80749
-80191
-79994
-79811
-79684
-79662
-79573
-79522
-79310
-79253
-78823
-78338
-77910
-77634
-77439
-77024
-76552
-76552
-75934
-75897
-75691
-75451
-75410
-75409
-75057
-75052
-75011
-74733
-74731
-74465
-74253
-74086
-73989
-73976
-73589
-73376
-73349
-73262
-73244
-73182
-72256
-71656
-71490
-71484
-71230
-70809
-70744
-70594
-70367
-70272
-70152
-69936
-69689
-69624
-69530
-69422
-68961
-68813
-68804
-68569
-68511
-68222
-68163
-68155
-68067
-68039
-67853
-67808
-67411
-66326
-65707
-65173
-65005
-64978
-64894
-64888
-64885
-64881
-64470
-64469
-64398
-63968
-63948
-63921
-63692
-63133
-62897
-62866
-62831
-62544
-62489
-62189
-62109
-61910
-61736
-61659
-61402
-60897
-60760
-60195
-60118
-60076
-59631
-59598
-59196
-59119
-58540
-58352
-58075
-57750
-57669
-57495
-57084
-56879
-56690
-56603
-56195
-56184
-55777
-55602
-54930
-54924
-54836
-54824
-54785
-54604
-54511
-54447
-54411
-53673
-53651
-53634
-53596
-53458
-53301
-53273
-53103
-53079
-52970
-52954
-52893
-52842
-52726
-52472
-52466
-52366
-52184
-51528
-51111
-50530
-50419
-49823
-49331
-48858
-48832
-48722
-48430
-48076
-47886
-47852
-47801
-47619
-47600
-47263
-47178
-46877
-46739
-46549
-46025
-45866
-45357
-45143
-45021
-45016
-44169
-43996
-43971
-43949
-43755
-43746
-43711
-43653
-43568
-43490
-42902
-42720
-42354
-42338
-42280
-42074
-41707
-41689
-40850
-40428
-40273
-39704
-39565
-39513
-39290
-39268
-39082
-38797
-38421
-38128
-37693
-37325
-37139
-37069
-37045
-35736
-35704
-35625
-35571
-35560
-35557
-35489
-34926
-34582
-34486
-34383
-34353
-33863
-33811
-33810
-33194
-33154
-32707
-32567
-32416
-32376
-32123
-31291
-31098
-30926
-30762
-30499
-30267
-30088
-29703
-29582
-29571
-29467
-29203
-29188
-29110
-28883
-28869
-28730
-27981
-27808
-27372
-27122
-26953
-26766
-26724
-26126
-26126
-26048
-25923
-25913
-25889
-25768
-25590
-25415
-25366
-25089
-25044
-24924
-24881
-24832
-24826
-24753
-24567
-24450
-24330
-24146
-23991
-23727
-23574
-23359
-23283
-23126
-22774
-22703
-22414
-21946
-21594
-21531
-21467
-21275
-21089
-21086
-20738
-20614
-20601
-20580
-20466
-20280
-20205
-19967
-19681
-19582
-19516
-18676
-18665
-18622
-18574
-18420
-18343
-18229
-18171
-18145
-17945
-17633
-17297
-17072
-16957
-16489
-16478
-16375
-15761
-15686
-14999
-14882
-14775
-14745
-14423
-14371
-14334
-14157
-14141
-14104
-13985
-13954
-13946
-13590
-13154
-13139
-12984
-12834
-12798
-11993
-11779
-11444
-11309
-11299
-10952
-10801
-10570
-9735
-8508
-8301
-7317
-7033
-6886
-6161
-6100
-5675
-5540
-5536
-5451
-5344
-5215
-5157
-5149
-4958
-3881
-3662
-3543
-3224
-3073
-2513
-2369
-2296
-2232
-2052
-1991
-1914
-1741
-1547
-1485
-1325
-1075
-959
-739
-659
-526
-393
-337
-228
17
221
248
297
434
1100
1183
1321
1648
1679
1898
1968
2072
2145
2374
2680
2737
2786
3178
3303
3316
3420
3546
3628
3754
3919
4128
4404
4889
4981
5027
5084
5259
5571
5663
5665
5754
5789
6084
6393
6465
6823
7010
7207
7270
7341
7660
7689
7739
7834
7834
7923
8327
8593
8909
9003
9080
9156
9656
10130
10265
10282
10413
10547
11083
11149
11230
11236
12177
12224
12954
13023
13114
13174
13191
13618
13654
13695
13912
14019
14305
14444
14459
14488
15183
15188
15365
15411
15477
15826
16094
16376
17025
17218
17352
17461
17482
17940
18252
18379
18400
18415
19144
19340
19405
20406
20727
20805
20853
20867
21102
21140
21810
21816
21856
21952
22239
22299
22474
22665
22832
23086
23134
23377
23532
23768
24587
24977
25339
25624
25666
25799
25801
25849
25959
26181
27076
27359
27524
27784
28265
28867
28938
29563
29605
29621
29719
29984
30101
30350
30662
30855
31078
31160
31170
31186
31376
31560
31963
32484
32499
32565
32679
32941
33383
33446
33673
33735
33801
33917
34319
34779
34957
35087
35094
35257
35261
35472
36047
37188
37441
37788
38489
38718
38936
38977
39342
39358
39962
40168
40752
40855
40892
41365
41483
41545
42005
42109
42231
42328
42521
42990
43062
43120
43202
43451
43753
43885
44114
44479
44700
45271
45324
45829
45835
46082
46303
46444
46453
46656
46696
46875
46929
47188
47205
47214
47559
47626
47757
47790
47794
47943
48082
48348
48748
49046
49086
49193
49632
49751
50029
50439
51130
51143
51202
51230
51281
51380
51391
51406
51747
51754
51869
52056
52262
52577
52588
52616
53183
53196
53204
53315
53434
53701
53710
53768
53835
54069
54265
54279
54416
54425
54516
54618
54730
55105
55143
55331
55564
56004
56746
56870
56996
57425
57737
57744
58089
58355
58488
58501
58525
58757
58969
59021
59676
59773
60073
60153
60314
60445
60603
60681
60692
61146
61226
61230
61749
61950
61983
62014
62017
62020
62030
62041
62645
63173
63218
63380
63407
63529
63832
63878
64014
64048
64077
64401
65014
65015
65017
65531
65622
65626
66018
66025
66141
66144
66228
66492
66527
67172
67536
67555
67820
68096
68636
68693
68762
68772
68821
68927
68947
69012
69075
69157
69501
69622
69690
69726
69801
70070
70580
70599
70705
71045
71253
71367
71561
71567
71904
72274
72470
72903
73222
73306
73692
73882
73909
74009
74024
74031
74077
74098
74225
74329
74607
74814
74903
74980
74993
75178
75223
75279
75439
76174
76270
76453
76543
76598
76663
77492
77649
77927
78589
78929
79189
79290
79320
79432
79525
79674
79880
80349
80640
80996
81031
81158
81240
81258
81293
81338
81654
82115
82755
83040
83058
83222
83632
83763
84366
85124
85498
85517
85746
85888
85938
86019
86188
86317
86518
86756
86822
86865
86898
87629
87675
87871
89632
89778
90135
90421
90533
90761
90950
91050
91445
91602
91666
91745
91830
92161
92282
92347
92536
92598
92599
92619
92626
92684
92807
92842
93082
93132
93211
93274
93382
93567
93931
94170
94204
94605
94775
95031
95365
95403
95667
96169
96341
96369
96385
96465
96553
96788
96792
97011
97450
97463
97506
97722
98203
98339
98635
98872
98921
99046
99051
99086
99179
99337
99471
99552
99648