2
39
72
74
76
79
86
120
121
123
153
178
180
215
221
227
257
262
269
271
300
308
309
321
335
355
362
385
390
390
407
431
444
446
446
461
467
498
502
505
511
527
539
555
564
607
611
628
632
640
641
650
657
658
661
681
706
710
725
735
744
757
758
759
769
771
781
782
782
803
817
831
848
866
874
875
875
912
916
942
943
959
961
962
964
970
983
1006
1031
1034
1049
1065
1078
1081
1094
1098
1103
1151
1173
1173
1178
1180
1205
1206
1212
1225
1241
1243
1250
1258
1264
1266
1271
1284
1303
1314
1316
1321
1326
1336
1349
1350
1351
1353
1370
1378
1406
1430
1439
1470
1479
1480
1523
1534
1547
1560
1573
1573
1581
1591
1599
1600
1621
1625
1625
1632
1634
1637
1665
1666
1670
1683
1683
1690
1691
1698
1705
1706
1710
1715
1722
1724
1733
1734
1734
1737
1739
1747
1748
1753
1754
1760
1786
1792
1794
1824
1830
1851
1857
1861
1882
1885
1893
1897
1914
1927
1940
1952
1957
1966
1974
1977
2003
2011
2011
2016
2022
2033
2049
2083
2089
2092
2122
2124
2128
2131
2149
2186
2190
2199
2201
2211
2227
2243
2258
2258
2269
2273
2290
2294
2301
2304
2373
2373
2389
2394
2406
2426
2435
2443
2451
2454
2463
2477
2481
2510
2525
2528
2538
2546
2557
2563
2577
2577
2585
2587
2605
2647
2664
2692
2700
2703
2705
2762
2765
2777
2781
2781
2791
2822
2823
2825
2826
2832
2837
2838
2843
2866
2874
2885
2892
2904
2934
2960
2968
2973
2986
3001
3020
3031
3041
3049
3055
3058
3066
3072
3080
3102
3104
3114
3120
3123
3125
3127
3150
3180
3187
3195
3199
3210
3218
3220
3222
3253
3256
3266
3279
3296
3309
3312
3328
3342
3356
3361
3375
3376
3376
3387
3398
3399
3406
3407
3408
3415
3417
3419
3424
3430
3435
3442
3450
3464
3466
3491
3494
3496
3497
3505
3508
3512
3522
3528
3528
3541
3551
3581
3583
3592
3593
3595
3601
3618
3620
3625
3625
3650
3662
3682
3685
3694
3697
3718
3727
3741
3743
3780
3803
3807
3812
3818
3824
3826
3829
3851
3864
3874
3886
3901
3909
3972
3976
3994
4006
4012
4012
4012
4014
4014
4021
4022
4037
4038
4038
4040
4047
4077
4094
4109
4118
4118
4119
4130
4144
4146
4157
4173
4180
4199
4207
4235
4247
4248
4250
4259
4266
4274
4321
4339
4346
4372
4388
4401
4418
4422
4422
4437
4452
4453
4456
4465
4466
4480
4491
4502
4507
4511
4513
4546
4555
4559
4569
4580
4591
4593
4610
4611
4618
4639
4645
4675
4701
4714
4721
4733
4733
4738
4755
4759
4767
4771
4806
4813
4835
4852
4855
4869
4872
4910
4919
4930
4944
4972
4973
4974
4977
4984
4991
4999
5000
5001
5021
5030
5082
5089
5094
5097
5104
5106
5109
5110
5131
5152
5167
5177
5206
5208
5209
5213
5223
5251
5265
5271
5319
5322
5339
5339
5343
5344
5346
5356
5365
5366
5373
5374
5393
5393
5410
5413
5437
5442
5452
5465
5466
5473
5477
5483
5488
5493
5497
5522
5529
5529
5561
5565
5591
5611
5621
5629
5639
5639
5649
5662
5666
5704
5705
5709
5716
5716
5727
5734
5735
5738
5738
5748
5753
5760
5767
5770
5771
5785
5787
5793
5803
5812
5813
5828
5842
5846
5850
5860
5862
5887
5889
5890
5892
5901
5906
5911
5927
5934
5943
5957
5961
5973
5975
5984
5998
6003
6012
6031
6055
6065
6065
6067
6068
6113
6114
6115
6119
6145
6151
6154
6177
6192
6195
6203
6211
6235
6236
6237
6242
6277
6280
6282
6290
6295
6296
6300
6306
6314
6322
6330
6345
6346
6351
6359
6361
6363
6368
6369
6376
6386
6389
6390
6395
6398
6401
6403
6418
6421
6427
6441
6442
6473
6478
6481
6517
6530
6547
6553
6555
6564
6565
6566
6589
6599
6603
6613
6628
6640
6684
6692
6702
6707
6709
6712
6748
6750
6753
6767
6785
6810
6817
6824
6826
6837
6838
6844
6851
6855
6865
6875
6893
6905
6940
6976
6979
6981
6997
7010
7025
7044
7049
7051
7054
7063
7065
7066
7085
7100
7100
7103
7106
7115
7135
7139
7143
7144
7148
7164
7164
7175
7175
7193
7195
7211
7221
7222
7234
7257
7258
7266
7281
7281
7281
7293
7312
7320
7330
7335
7350
7355
7368
7388
7402
7410
7436
7441
7442
7447
7453
7454
7459
7474
7482
7484
7485
7493
7496
7496
7515
7527
7531
7532
7533
7537
7558
7559
7564
7569
7573
7584
7592
7595
7598
7601
7620
7638
7648
7650
7654
7663
7666
7666
7682
7724
7728
7740
7745
7752
7756
7763
7765
7767
7775
7791
7797
7798
7799
7801
7810
7812
7820
7833
7842
7842
7842
7857
7861
7872
7873
7880
7889
7893
7910
7927
7941
7949
7977
7997
8017
8030
8043
8047
8068
8070
8072
8073
8074
8087
8095
8098
8110
8116
8125
8134
8187
8197
8217
8220
8228
8230
8253
8287
8291
8298
8305
8329
8336
8350
8359
8391
8420
8436
8451
8457
8476
8482
8483
8487
8497
8500
8505
8527
8530
8547
8571
8590
8597
8607
8608
8611
8621
8632
8648
8658
8659
8662
8683
8697
8697
8707
8713
8714
8720
8723
8725
8752
8760
8786
8794
8817
8817
8825
8834
8855
8862
8864
8878
8885
8886
8891
8892
8912
8920
8928
8936
8942
8943
8946
8947
8960
8993
8993
9005
9016
9017
9019
9020
9022
9026
9028
9030
9041
9052
9073
9082
9082
9091
9092
9121
9167
9176
9192
9209
9210
9218
9233
9235
9248
9255
9256
9270
9270
9273
9279
9282
9282
9283
9284
9285
9299
9304
9313
9318
9336
9339
9342
9344
9348
9349
9357
9365
9372
9377
9432
9438
9448
9450
9470
9472
9475
9506
9508
9595
9602
9635
9650
9657
9659
9684
9692
9698
9711
9713
9713
9724
9754
9775
9793
9806
9819
9861
9863
9867
9874
9880
9888
9897
9902
9915
9936
9938
9955
9969
9972
9974
9980
9996
9997