10
62
76
77
77
79
83
83
97
145
160
168
178
191
192
202
212
220
224
232
273
277
291
292
298
300
305
305
317
332
332
336
337
346
356
369
370
372
380
400
401
433
480
522
524
531
531
554
564
565
567
571
581
581
598
600
603
616
627
636
642
647
649
650
651
655
659
660
667
676
678
686
702
715
735
739
747
756
760
762
765
784
799
811
813
830
834
838
850
854
886
897
903
911
922
950
953
969
973
974
982
984
996
999
1004
1013
1016
1019
1022
1025
1030
1055
1072
1080
1084
1084
1091
1115
1120
1131
1133
1152
1156
1158
1162
1169
1178
1192
1202
1202
1205
1215
1225
1231
1243
1244
1248
1250
1264
1266
1279
1303
1312
1326
1340
1345
1353
1370
1384
1393
1401
1407
1418
1422
1429
1435
1435
1459
1462
1482
1486
1492
1501
1503
1505
1530
1538
1555
1569
1583
1585
1594
1599
1608
1609
1616
1639
1669
1675
1689
1695
1695
1710
1723
1727
1734
1740
1755
1770
1778
1778
1783
1790
1803
1803
1804
1809
1814
1819
1820
1822
1843
1851
1897
1898
1899
1915
1923
1930
1940
1949
1954
1965
1974
1976
1979
1989
1996
2003
2006
2013
2020
2032
2034
2043
2060
2062
2086
2090
2098
2104
2111
2121
2127
2137
2137
2173
2216
2252
2260
2274
2290
2304
2306
2312
2319
2326
2329
2365
2381
2383
2389
2404
2404
2407
2410
2426
2428
2436
2437
2437
2443
2449
2457
2472
2488
2490
2492
2517
2518
2524
2526
2528
2553
2566
2584
2594
2614
2615
2649
2658
2663
2666
2701
2711
2729
2746
2748
2751
2782
2790
2793
2800
2800
2859
2861
2863
2863
2873
2877
2919
2924
2930
2957
2961
2967
2992
2992
2995
3014
3019
3020
3025
3028
3045
3051
3075
3089
3091
3107
3111
3130
3137
3145
3160
3162
3162
3165
3171
3173
3175
3201
3205
3224
3249
3249
3262
3262
3269
3278
3284
3286
3328
3340
3350
3351
3356
3383
3390
3394
3398
3399
3408
3429
3433
3436
3480
3482
3489
3506
3516
3532
3555
3585
3596
3600
3601
3606
3612
3613
3623
3647
3672
3682
3686
3694
3699
3706
3724
3735
3737
3764
3775
3780
3791
3792
3792
3794
3794
3804
3806
3850
3867
3875
3886
3923
3961
3971
3977
3980
3989
4001
4005
4021
4030
4032
4033
4037
4039
4049
4066
4072
4097
4110
4110
4138
4151
4154
4159
4161
4161
4181
4194
4202
4203
4206
4228
4245
4253
4263
4266
4277
4279
4323
4326
4340
4342
4359
4364
4379
4397
4403
4413
4426
4427
4452
4461
4463
4472
4476
4476
4489
4490
4496
4513
4520
4544
4582
4588
4595
4620
4641
4648
4656
4656
4658
4662
4672
4678
4681
4686
4705
4709
4732
4753
4768
4770
4773
4785
4787
4796
4829
4831
4832
4859
4861
4864
4866
4869
4870
4881
4883
4884
4924
4930
4932
4954
4961
4963
4980
4986
5006
5010
5011
5020
5032
5039
5067
5069
5070
5086
5102
5108
5144
5151
5157
5157
5160
5176
5181
5201
5213
5216
5220
5238
5246
5253
5284
5296
5301
5301
5316
5321
5321
5324
5346
5374
5377
5388
5395
5398
5401
5416
5423
5424
5428
5446
5451
5453
5461
5481
5497
5500
5519
5525
5552
5552
5595
5632
5636
5666
5668
5668
5676
5702
5705
5710
5731
5780
5793
5798
5842
5860
5863
5868
5872
5873
5874
5890
5900
5903
5908
5910
5932
5934
5962
5974
5978
5991
6004
6015
6067
6072
6075
6077
6086
6090
6100
6101
6126
6144
6144
6189
6196
6203
6203
6222
6230
6237
6239
6254
6258
6262
6287
6312
6316
6320
6331
6342
6359
6383
6385
6385
6389
6409
6411
6434
6440
6444
6453
6479
6494
6507
6516
6526
6532
6538
6541
6543
6553
6555
6568
6568
6575
6580
6594
6597
6599
6614
6616
6624
6635
6640
6650
6666
6671
6673
6681
6684
6689
6722
6726
6737
6740
6741
6751
6755
6756
6758
6759
6763
6765
6769
6773
6835
6838
6853
6853
6874
6878
6899
6937
6942
6945
6954
6961
6970
6994
7000
7008
7047
7060
7074
7110
7117
7128
7148
7174
7200
7235
7247
7268
7270
7271
7274
7277
7313
7325
7331
7344
7349
7377
7418
7425
7436
7443
7454
7461
7462
7465
7465
7468
7478
7488
7512
7513
7525
7536
7542
7551
7557
7557
7558
7561
7561
7568
7581
7609
7615
7645
7646
7657
7663
7671
7671
7679
7680
7681
7683
7686
7696
7703
7707
7715
7720
7724
7730
7743
7753
7757
7759
7764
7766
7799
7799
7808
7811
7818
7831
7862
7884
7896
7932
7944
7946
7976
7978
7996
7998
8011
8017
8017
8051
8058
8061
8068
8070
8070
8106
8106
8114
8122
8142
8143
8144
8148
8152
8159
8162
8168
8200
8201
8213
8220
8227
8242
8257
8259
8260
8298
8300
8323
8341
8351
8356
8380
8384
8388
8389
8391
8396
8408
8430
8432
8435
8440
8449
8472
8480
8483
8509
8516
8553
8558
8561
8569
8584
8594
8603
8614
8651
8651
8652
8654
8656
8659
8661
8663
8666
8670
8683
8683
8685
8697
8718
8724
8732
8735
8747
8780
8793
8801
8808
8814
8815
8833
8835
8841
8842
8842
8844
8851
8871
8877
8892
8893
8894
8914
8920
8924
8931
8934
8955
8957
8963
8992
8993
9000
9004
9016
9022
9055
9064
9070
9074
9077
9098
9108
9113
9116
9146
9161
9170
9178
9182
9185
9211
9218
9221
9234
9240
9242
9246
9276
9280
9298
9311
9327
9337
9344
9364
9373
9378
9381
9386
9388
9394
9396
9417
9417
9436
9438
9441
9443
9449
9458
9461
9465
9468
9480
9482
9488
9491
9520
9525
9528
9536
9543
9549
9553
9576
9583
9590
9593
9598
9598
9610
9612
9635
9639
9657
9666
9679
9683
9687
9690
9690
9696
9706
9710
9723
9727
9741
9754
9758
9759
9759
9763
9764
9765
9765
9781
9789
9799
9837
9861
9871
9872
9874
9901
9904
9909
9918
9922
9922
9931
9932
9965
9989
9997