27
28
43
61
77
83
91
107
108
163
165
166
177
181
197
214
220
235
236
241
250
253
266
300
303
319
325
334
344
350
358
386
447
451
451
452
460
463
471
475
514
515
517
521
530
549
550
556
565
590
623
635
647
648
680
685
687
688
689
724
759
761
772
803
813
830
837
849
865
869
869
889
900
920
924
930
931
933
935
955
958
963
968
977
978
980
992
1003
1006
1030
1032
1034
1057
1064
1072
1109
1111
1114
1114
1114
1114
1116
1130
1134
1147
1174
1179
1192
1198
1207
1223
1227
1241
1274
1280
1288
1297
1307
1312
1312
1318
1327
1328
1330
1334
1337
1348
1349
1367
1371
1383
1400
1416
1449
1453
1458
1464
1470
1488
1496
1509
1511
1512
1522
1533
1536
1538
1542
1553
1561
1569
1571
1576
1582
1594
1595
1605
1610
1614
1621
1656
1662
1667
1671
1674
1694
1710
1712
1721
1729
1745
1747
1771
1778
1806
1822
1832
1847
1868
1886
1944
1965
1978
1987
1994
2010
2019
2021
2022
2029
2030
2036
2047
2055
2062
2069
2086
2140
2155
2162
2167
2170
2177
2183
2199
2207
2218
2230
2231
2239
2241
2269
2296
2298
2305
2309
2330
2346
2355
2357
2358
2379
2387
2389
2399
2406
2424
2435
2439
2458
2479
2488
2490
2501
2513
2514
2516
2527
2537
2539
2540
2550
2550
2556
2560
2572
2600
2606
2615
2624
2633
2634
2635
2646
2653
2657
2671
2687
2698
2721
2722
2726
2733
2742
2758
2771
2772
2773
2797
2802
2824
2847
2869
2885
2886
2890
2905
2910
2930
2940
2958
2966
2973
2983
2994
2999
3002
3024
3033
3055
3064
3064
3064
3085
3092
3108
3117
3119
3134
3149
3157
3166
3185
3188
3201
3222
3223
3230
3244
3254
3263
3265
3268
3274
3275
3291
3312
3313
3313
3314
3314
3316
3339
3344
3347
3360
3367
3370
3373
3379
3386
3391
3397
3411
3417
3432
3433
3443
3470
3519
3537
3541
3569
3570
3572
3582
3587
3597
3611
3619
3629
3635
3647
3654
3669
3679
3684
3692
3693
3701
3704
3707
3709
3717
3735
3742
3744
3760
3765
3786
3794
3807
3820
3830
3842
3842
3845
3855
3864
3911
3915
3929
3943
3972
3982
3986
3990
3995
3997
4006
4007
4022
4029
4034
4037
4049
4055
4072
4074
4141
4158
4160
4166
4172
4185
4221
4223
4235
4241
4258
4290
4291
4330
4354
4358
4363
4366
4376
4396
4404
4413
4419
4437
4456
4458
4461
4467
4470
4487
4502
4522
4553
4601
4605
4635
4637
4653
4660
4664
4667
4678
4680
4681
4683
4692
4701
4701
4702
4703
4707
4712
4714
4715
4731
4749
4775
4776
4792
4811
4818
4846
4852
4875
4904
4905
4910
4914
4921
4930
4937
4958
4968
4969
4981
4983
4998
5010
5012
5012
5013
5029
5031
5038
5060
5071
5091
5096
5110
5116
5125
5136
5148
5151
5158
5163
5173
5184
5186
5193
5195
5204
5211
5224
5234
5248
5260
5262
5272
5304
5312
5313
5317
5344
5359
5362
5375
5377
5395
5396
5409
5409
5415
5418
5420
5439
5456
5463
5463
5464
5469
5481
5499
5500
5510
5511
5531
5540
5547
5586
5587
5591
5593
5593
5617
5620
5624
5629
5651
5675
5682
5690
5707
5714
5723
5756
5780
5795
5800
5800
5800
5801
5810
5812
5832
5847
5874
5880
5885
5900
5901
5942
5954
5974
5979
5984
5984
5989
6000
6006
6009
6015
6020
6034
6035
6037
6046
6050
6056
6073
6078
6079
6082
6095
6099
6111
6115
6131
6140
6150
6152
6162
6174
6182
6199
6207
6223
6249
6249
6252
6265
6265
6267
6267
6305
6307
6329
6330
6332
6360
6362
6363
6372
6375
6398
6412
6418
6454
6460
6461
6473
6474
6511
6514
6519
6521
6559
6572
6578
6584
6587
6591
6598
6606
6624
6625
6640
6647
6659
6662
6672
6674
6696
6729
6742
6744
6762
6811
6826
6831
6845
6849
6860
6868
6886
6898
6907
6908
6913
6934
6936
6938
6960
6985
6989
7002
7012
7021
7022
7024
7026
7028
7049
7072
7078
7081
7083
7088
7127
7129
7131
7143
7165
7170
7171
7174
7176
7177
7189
7226
7242
7246
7267
7289
7290
7293
7294
7322
7327
7331
7341
7343
7344
7352
7359
7362
7362
7372
7394
7409
7413
7423
7439
7450
7472
7480
7540
7550
7550
7550
7551
7578
7588
7595
7606
7608
7631
7639
7641
7656
7660
7666
7671
7685
7705
7706
7712
7720
7727
7750
7762
7772
7778
7788
7788
7798
7803
7808
7831
7844
7845
7851
7892
7946
7955
7956
7957
7961
7981
8003
8003
8005
8040
8047
8057
8077
8077
8098
8102
8110
8142
8143
8161
8161
8168
8169
8169
8179
8193
8200
8214
8215
8222
8234
8241
8243
8244
8252
8266
8267
8270
8297
8311
8326
8334
8342
8345
8355
8359
8360
8363
8374
8387
8396
8396
8413
8424
8430
8440
8440
8448
8456
8476
8491
8504
8506
8511
8552
8558
8561
8565
8568
8596
8602
8603
8617
8633
8649
8650
8653
8673
8679
8705
8729
8730
8749
8765
8771
8775
8779
8784
8827
8836
8848
8870
8879
8884
8904
8916
8916
8926
8932
8938
8943
8947
8949
8956
8967
8969
8971
8977
8985
8991
9006
9010
9013
9015
9032
9046
9053
9055
9056
9057
9088
9090
9094
9109
9114
9115
9116
9124
9128
9129
9163
9165
9165
9167
9169
9192
9202
9208
9209
9209
9214
9216
9231
9235
9241
9255
9259
9273
9274
9278
9286
9288
9304
9318
9320
9320
9328
9329
9332
9348
9352
9356
9371
9377
9377
9387
9387
9392
9394
9395
9397
9411
9420
9420
9429
9451
9457
9464
9466
9492
9513
9546
9553
9559
9560
9566
9568
9568
9583
9613
9645
9648
9658
9664
9674
9681
9691
9705
9711
9716
9719
9723
9724
9727
9728
9734
9741
9749
9755
9759
9779
9785
9786
9790
9801
9805
9808
9809
9815
9825
9825
9825
9831
9832
9834
9860
9868
9872
9878
9885
9891
9899
9899
9903
9920
9948
9965
9984