24
37
48
49
50
64
85
87
94
119
120
121
124
125
137
156
157
171
174
176
185
202
211
211
228
245
246
255
261
262
282
283
323
330
348
369
372
375
377
383
387
392
406
438
439
443
443
444
453
473
474
480
481
485
496
503
513
518
521
529
534
541
542
547
555
585
585
605
623
627
638
649
650
654
667
684
686
702
721
726
732
751
754
761
766
791
805
821
822
825
841
844
859
872
878
884
887
890
903
922
924
925
928
931
945
964
983
1021
1026
1034
1035
1038
1041
1048
1050
1069
1069
1071
1094
1098
1125
1136
1160
1162
1168
1191
1198
1208
1208
1210
1239
1258
1263
1273
1292
1306
1312
1324
1326
1335
1359
1360
1361
1395
1407
1409
1410
1434
1447
1452
1455
1507
1507
1519
1537
1572
1579
1581
1587
1594
1603
1631
1700
1720
1729
1738
1750
1756
1756
1764
1772
1776
1779
1789
1796
1810
1824
1855
1856
1862
1869
1882
1898
1903
1930
1948
1968
1975
1977
1983
1995
1996
2001
2011
2011
2020
2024
2028
2041
2060
2130
2132
2150
2154
2154
2160
2165
2169
2191
2200
2203
2222
2236
2245
2258
2259
2267
2272
2284
2288
2309
2311
2312
2321
2325
2326
2333
2339
2355
2356
2362
2370
2379
2387
2393
2422
2426
2430
2448
2462
2463
2468
2468
2477
2499
2522
2535
2543
2549
2576
2586
2607
2623
2629
2637
2639
2649
2656
2662
2667
2669
2705
2708
2708
2737
2746
2753
2763
2765
2785
2795
2799
2815
2821
2829
2839
2841
2842
2844
2848
2876
2876
2892
2896
2909
2922
2927
2932
2958
2993
2995
3030
3048
3054
3056
3081
3082
3095
3103
3137
3139
3144
3144
3171
3185
3190
3192
3203
3204
3213
3215
3237
3261
3266
3267
3271
3272
3291
3295
3306
3307
3311
3322
3342
3345
3348
3354
3377
3386
3402
3413
3426
3427
3429
3434
3447
3448
3451
3455
3467
3473
3490
3495
3496
3505
3508
3524
3536
3563
3566
3581
3595
3599
3604
3606
3608
3610
3613
3621
3631
3642
3644
3647
3671
3674
3675
3682
3687
3719
3744
3748
3758
3758
3774
3776
3784
3807
3815
3833
3837
3845
3850
3854
3856
3874
3875
3894
3907
3920
3929
3939
3948
3952
3954
3966
3969
3972
3995
4012
4018
4031
4032
4041
4042
4044
4057
4064
4069
4084
4089
4090
4099
4099
4108
4109
4115
4141
4144
4146
4151
4157
4163
4169
4169
4175
4183
4195
4208
4231
4239
4247
4253
4261
4277
4296
4319
4324
4335
4355
4371
4385
4411
4417
4428
4429
4434
4437
4447
4449
4450
4450
4451
4452
4453
4463
4468
4509
4518
4534
4535
4540
4555
4556
4567
4578
4605
4606
4618
4626
4637
4649
4649
4650
4662
4675
4701
4721
4728
4735
4742
4761
4764
4772
4775
4776
4782
4800
4802
4821
4826
4829
4829
4839
4852
4861
4866
4867
4867
4893
4899
4904
4919
4922
4932
4947
4990
4991
4993
5000
5014
5028
5031
5033
5035
5038
5042
5061
5064
5067
5075
5086
5089
5109
5117
5128
5143
5162
5204
5206
5226
5231
5240
5241
5246
5252
5252
5299
5301
5309
5352
5352
5362
5372
5380
5382
5390
5394
5399
5400
5403
5413
5416
5419
5419
5423
5430
5440
5446
5460
5464
5506
5515
5523
5536
5543
5544
5547
5560
5569
5569
5590
5604
5663
5674
5675
5689
5697
5700
5714
5715
5716
5716
5725
5727
5731
5732
5749
5751
5756
5775
5777
5787
5790
5816
5821
5842
5853
5853
5874
5880
5881
5892
5895
5906
5916
5932
5972
5972
5977
5982
5984
6001
6017
6029
6056
6058
6079
6109
6111
6111
6122
6129
6135
6135
6140
6145
6146
6165
6173
6182
6187
6189
6195
6195
6204
6228
6232
6233
6252
6253
6264
6277
6280
6283
6294
6302
6307
6313
6322
6324
6328
6334
6341
6358
6372
6384
6385
6386
6397
6411
6447
6451
6471
6472
6502
6510
6516
6540
6558
6564
6565
6570
6584
6597
6597
6613
6613
6616
6618
6621
6634
6639
6641
6643
6643
6645
6667
6685
6707
6718
6721
6728
6731
6741
6747
6754
6776
6782
6811
6822
6826
6833
6843
6846
6851
6854
6855
6858
6860
6862
6866
6892
6899
6917
6920
6927
6935
6943
6959
6962
6993
6994
7006
7024
7029
7032
7036
7042
7048
7058
7075
7079
7103
7141
7143
7163
7186
7192
7192
7209
7222
7224
7232
7235
7251
7252
7258
7298
7311
7333
7341
7346
7347
7359
7359
7378
7383
7388
7394
7408
7411
7415
7451
7452
7460
7461
7473
7494
7498
7505
7538
7545
7557
7559
7563
7570
7580
7582
7598
7602
7607
7611
7615
7625
7628
7635
7644
7660
7664
7665
7667
7670
7686
7700
7703
7704
7727
7746
7748
7768
7778
7779
7780
7784
7822
7836
7861
7866
7870
7875
7881
7887
7888
7888
7890
7904
7915
7932
7957
7964
7967
7981
7995
8009
8010
8010
8011
8059
8060
8062
8082
8109
8146
8146
8147
8150
8164
8170
8182
8199
8204
8210
8216
8218
8220
8249
8257
8262
8287
8288
8288
8297
8298
8299
8308
8312
8345
8364
8368
8370
8382
8390
8400
8406
8407
8414
8420
8428
8445
8453
8455
8466
8494
8510
8511
8513
8543
8554
8586
8607
8608
8609
8614
8619
8627
8630
8663
8682
8699
8734
8735
8746
8764
8778
8793
8793
8812
8848
8861
8876
8894
8897
8919
8932
8968
8974
8979
9046
9059
9059
9066
9068
9074
9077
9079
9082
9109
9110
9117
9124
9125
9157
9166
9181
9190
9192
9210
9215
9220
9227
9241
9262
9277
9292
9303
9304
9337
9351
9368
9388
9393
9420
9424
9443
9445
9449
9453
9454
9460
9464
9469
9496
9507
9509
9521
9537
9542
9558
9564
9597
9614
9646
9652
9668
9675
9683
9688
9696
9708
9711
9714
9719
9725
9738
9743
9757
9768
9775
9776
9790
9793
9815
9833
9849
9851
9859
9868
9891
9891
9898
9911
9922
9925
9928
9938
9950
9969
9975
9976
9999