22
25
41
43
45
46
55
57
73
87
98
101
112
116
143
152
180
189
197
211
217
227
231
244
253
266
271
305
316
340
340
344
347
350
353
354
376
381
390
396
406
416
436
462
466
470
481
491
492
517
527
544
548
558
566
566
566
595
607
614
615
615
616
619
648
653
660
672
694
694
698
722
749
789
800
802
812
830
841
858
861
871
880
893
907
923
925
927
927
929
951
964
978
991
997
1006
1019
1036
1040
1081
1083
1084
1097
1110
1111
1123
1131
1145
1148
1185
1187
1193
1196
1202
1211
1218
1218
1230
1231
1240
1246
1251
1286
1289
1289
1302
1304
1309
1310
1351
1359
1361
1377
1381
1390
1402
1418
1420
1435
1448
1465
1468
1483
1507
1518
1528
1530
1542
1558
1566
1569
1578
1583
1594
1640
1651
1682
1694
1696
1700
1702
1723
1728
1729
1751
1770
1782
1788
1799
1802
1814
1832
1832
1866
1868
1883
1896
1905
1908
1912
1917
1918
1919
1927
1928
1950
1950
1958
2006
2008
2015
2054
2057
2076
2078
2081
2084
2086
2089
2097
2104
2104
2123
2125
2155
2159
2167
2169
2172
2180
2196
2200
2212
2212
2243
2247
2255
2288
2296
2298
2316
2337
2351
2357
2367
2375
2418
2429
2448
2448
2450
2461
2462
2465
2467
2475
2479
2482
2483
2484
2499
2503
2510
2532
2538
2541
2546
2562
2565
2565
2572
2579
2584
2598
2599
2611
2615
2650
2662
2671
2678
2694
2709
2716
2734
2738
2747
2760
2764
2766
2768
2775
2790
2798
2822
2822
2837
2839
2842
2848
2854
2869
2869
2869
2883
2893
2908
2912
2914
2916
2930
2944
2950
2954
2966
2967
2968
2985
3009
3012
3023
3035
3059
3068
3069
3069
3071
3086
3091
3114
3119
3122
3134
3144
3150
3157
3174
3176
3200
3206
3208
3214
3215
3226
3236
3277
3290
3319
3321
3327
3338
3345
3348
3351
3354
3366
3375
3382
3400
3441
3444
3444
3464
3485
3490
3517
3520
3521
3538
3543
3554
3564
3572
3572
3589
3590
3600
3601
3606
3619
3631
3633
3644
3669
3673
3674
3676
3682
3705
3710
3710
3725
3733
3741
3749
3750
3752
3755
3760
3767
3767
3768
3768
3777
3777
3788
3795
3808
3824
3828
3833
3845
3863
3868
3904
3962
3992
4001
4011
4022
4039
4044
4044
4049
4059
4060
4063
4073
4091
4091
4105
4105
4117
4120
4132
4144
4147
4156
4160
4161
4178
4195
4202
4203
4234
4238
4326
4337
4341
4342
4343
4352
4371
4376
4382
4384
4385
4387
4388
4389
4392
4393
4394
4408
4410
4437
4481
4498
4504
4507
4508
4518
4521
4524
4528
4555
4559
4564
4590
4605
4606
4607
4609
4618
4626
4640
4678
4721
4722
4736
4743
4748
4762
4767
4787
4789
4831
4831
4837
4843
4854
4875
4895
4903
4915
4923
4931
4960
4983
4994
5001
5011
5021
5035
5039
5040
5067
5079
5093
5096
5097
5103
5125
5125
5126
5132
5134
5135
5137
5146
5157
5162
5183
5193
5197
5197
5212
5222
5225
5226
5232
5254
5261
5275
5276
5278
5281
5310
5318
5319
5329
5331
5358
5367
5369
5381
5382
5405
5412
5421
5426
5426
5429
5430
5435
5455
5460
5473
5484
5492
5520
5535
5560
5580
5605
5621
5631
5637
5638
5639
5651
5652
5653
5655
5657
5657
5668
5673
5696
5708
5730
5757
5766
5781
5799
5812
5815
5825
5830
5830
5834
5835
5838
5853
5862
5883
5913
5928
5937
5946
5981
5987
6022
6038
6073
6101
6123
6127
6133
6134
6137
6168
6196
6197
6200
6203
6205
6206
6212
6237
6250
6251
6288
6302
6312
6330
6341
6343
6365
6369
6370
6377
6402
6403
6427
6433
6438
6441
6443
6447
6453
6459
6475
6478
6529
6531
6534
6538
6544
6551
6601
6614
6624
6635
6638
6643
6677
6682
6683
6698
6703
6715
6726
6729
6732
6732
6741
6771
6779
6786
6790
6799
6803
6820
6821
6829
6831
6861
6864
6865
6868
6869
6870
6881
6889
6898
6909
6930
6947
6954
6962
6968
6968
6981
6983
7004
7013
7016
7046
7092
7094
7114
7117
7124
7126
7129
7138
7139
7150
7156
7158
7163
7166
7168
7169
7171
7178
7182
7195
7199
7199
7208
7233
7234
7286
7292
7304
7308
7367
7379
7384
7388
7408
7417
7427
7433
7448
7456
7458
7460
7462
7479
7492
7497
7524
7524
7532
7544
7568
7577
7587
7587
7588
7596
7604
7604
7609
7628
7643
7670
7674
7685
7685
7690
7692
7694
7695
7699
7709
7714
7714
7722
7726
7730
7739
7742
7757
7757
7759
7760
7770
7786
7791
7798
7806
7808
7811
7813
7827
7831
7834
7844
7847
7882
7885
7888
7900
7902
7905
7915
7924
7926
7940
7968
7977
7979
7980
7984
7984
7984
7987
8006
8009
8022
8053
8073
8075
8077
8084
8093
8096
8099
8116
8124
8140
8141
8142
8158
8163
8164
8166
8170
8179
8218
8219
8234
8235
8263
8279
8285
8289
8304
8311
8320
8335
8347
8348
8349
8358
8359
8365
8368
8369
8399
8408
8428
8428
8432
8437
8442
8443
8444
8495
8497
8509
8527
8528
8539
8551
8562
8571
8580
8590
8598
8613
8634
8639
8651
8665
8667
8671
8679
8686
8688
8693
8710
8715
8719
8740
8747
8749
8756
8759
8776
8786
8800
8801
8804
8807
8812
8855
8867
8868
8872
8876
8884
8889
8890
8890
8891
8891
8893
8912
8920
8925
8928
8936
8940
8940
8946
8958
8959
8967
8982
8985
9004
9011
9012
9014
9039
9041
9056
9060
9062
9136
9149
9151
9157
9161
9170
9178
9189
9198
9207
9221
9233
9249
9254
9254
9260
9264
9271
9284
9290
9296
9320
9327
9342
9343
9356
9365
9371
9392
9394
9401
9406
9414
9420
9462
9479
9480
9495
9547
9566
9571
9574
9579
9585
9585
9588
9616
9623
9644
9670
9694
9712
9719
9739
9746
9747
9788
9789
9791
9834
9839
9840
9861
9894
9895
9924
9932
9936
9957
9961
9969
9979
9981
9987
9992
9998