1
4
10
15
17
18
22
32
34
36
42
50
79
142
142
154
157
162
181
181
183
189
190
191
192
209
216
225
258
262
276
283
288
290
314
314
320
322
336
343
367
376
417
431
441
458
467
480
490
493
507
515
549
565
576
578
580
582
588
593
593
628
635
660
673
684
684
687
692
718
720
721
727
728
728
735
745
757
758
764
803
804
821
823
828
850
866
866
881
887
890
893
893
896
909
919
923
924
934
939
957
990
991
1001
1012
1025
1030
1048
1054
1059
1068
1077
1079
1088
1129
1132
1152
1155
1160
1167
1176
1185
1220
1223
1226
1234
1241
1244
1244
1245
1266
1275
1288
1295
1302
1311
1312
1322
1346
1367
1382
1385
1411
1420
1429
1429
1443
1445
1461
1468
1468
1472
1493
1504
1511
1515
1520
1531
1533
1545
1547
1548
1553
1558
1561
1576
1581
1581
1588
1605
1624
1635
1642
1648
1650
1661
1696
1703
1705
1710
1714
1723
1736
1747
1759
1760
1772
1789
1805
1827
1832
1872
1897
1920
1922
1923
1931
1938
1955
1962
1963
1965
1967
1976
1983
1985
2013
2017
2019
2034
2052
2060
2069
2074
2076
2111
2119
2125
2128
2154
2160
2162
2164
2169
2179
2180
2193
2197
2205
2229
2236
2237
2240
2254
2277
2284
2287
2294
2296
2318
2325
2332
2355
2357
2362
2394
2400
2406
2411
2417
2426
2450
2461
2467
2469
2470
2503
2506
2510
2524
2557
2563
2563
2593
2595
2597
2605
2609
2624
2657
2683
2693
2703
2713
2718
2724
2727
2742
2749
2783
2793
2801
2809
2810
2821
2844
2849
2857
2863
2872
2878
2878
2896
2915
2925
2930
2943
2948
2972
2991
3022
3035
3035
3038
3040
3049
3059
3063
3065
3084
3108
3117
3122
3122
3129
3137
3170
3177
3199
3204
3208
3219
3224
3237
3240
3253
3262
3274
3281
3306
3312
3313
3324
3328
3332
3354
3355
3356
3386
3388
3390
3391
3393
3412
3444
3449
3540
3543
3557
3558
3570
3572
3589
3605
3609
3626
3627
3635
3637
3643
3665
3678
3680
3684
3687
3691
3691
3711
3715
3717
3728
3730
3734
3735
3736
3739
3744
3745
3747
3750
3751
3752
3752
3765
3795
3808
3809
3813
3814
3822
3828
3839
3854
3854
3866
3876
3880
3887
3895
3899
3910
3910
3927
3951
3951
3956
3964
3970
3982
3995
3998
3998
4016
4020
4021
4025
4032
4047
4054
4062
4071
4093
4106
4117
4149
4153
4160
4166
4172
4184
4190
4228
4232
4243
4254
4262
4271
4305
4328
4335
4360
4373
4399
4430
4437
4438
4452
4457
4493
4514
4524
4526
4539
4540
4554
4561
4564
4576
4592
4621
4626
4630
4636
4645
4663
4667
4677
4678
4679
4688
4689
4693
4700
4709
4709
4710
4710
4720
4731
4732
4742
4742
4756
4758
4798
4810
4812
4818
4829
4843
4851
4856
4863
4878
4891
4893
4903
4908
4910
4915
4920
4931
4940
4943
4944
4958
4958
4962
4973
4978
4979
4987
4993
5020
5033
5049
5057
5089
5090
5093
5100
5121
5127
5138
5140
5149
5150
5150
5155
5176
5177
5198
5225
5227
5234
5240
5252
5267
5285
5313
5315
5328
5331
5344
5345
5345
5353
5383
5387
5392
5407
5417
5429
5449
5458
5460
5485
5487
5490
5492
5518
5569
5575
5578
5580
5600
5609
5635
5637
5638
5648
5648
5651
5657
5672
5672
5679
5683
5696
5703
5711
5731
5744
5758
5769
5778
5783
5784
5813
5844
5847
5854
5872
5872
5874
5894
5895
5900
5901
5920
5922
5931
5932
5935
5937
5968
5971
5979
5988
5995
5995
6059
6072
6097
6099
6115
6142
6143
6143
6146
6172
6176
6177
6189
6190
6192
6220
6222
6225
6229
6239
6254
6264
6266
6269
6275
6290
6303
6314
6315
6320
6326
6334
6341
6350
6371
6398
6430
6447
6461
6463
6468
6479
6535
6551
6564
6571
6576
6589
6605
6619
6621
6622
6624
6625
6625
6649
6650
6664
6676
6699
6704
6724
6726
6745
6746
6749
6750
6772
6780
6797
6800
6807
6814
6824
6830
6889
6907
6928
6933
6938
6943
6945
6950
6950
6982
6997
7001
7003
7012
7025
7057
7057
7063
7077
7079
7082
7084
7104
7117
7124
7127
7171
7171
7175
7176
7178
7181
7186
7187
7197
7210
7215
7218
7223
7248
7261
7271
7278
7289
7304
7307
7311
7327
7339
7345
7365
7377
7379
7383
7414
7415
7416
7416
7423
7427
7435
7441
7469
7490
7497
7506
7514
7538
7539
7541
7551
7569
7569
7589
7594
7607
7617
7619
7619
7631
7631
7640
7676
7680
7688
7688
7695
7725
7734
7739
7740
7741
7743
7762
7769
7774
7777
7779
7799
7820
7820
7835
7840
7850
7850
7855
7871
7879
7897
7900
7900
7902
7910
7927
7941
7961
7997
7999
8005
8008
8013
8021
8027
8030
8050
8072
8074
8080
8094
8094
8112
8118
8134
8136
8148
8153
8162
8194
8208
8209
8218
8223
8234
8246
8250
8256
8259
8266
8296
8337
8345
8365
8392
8396
8413
8432
8441
8442
8451
8459
8460
8463
8476
8480
8492
8505
8506
8520
8521
8521
8547
8561
8579
8588
8601
8601
8605
8614
8615
8616
8624
8627
8642
8656
8656
8670
8674
8676
8707
8713
8726
8735
8739
8749
8761
8769
8770
8780
8785
8789
8795
8802
8817
8831
8832
8833
8851
8856
8857
8870
8874
8875
8876
8884
8915
8928
8929
8929
8944
8954
8962
8971
8976
8980
8983
9004
9004
9008
9035
9046
9049
9055
9063
9064
9065
9066
9089
9095
9096
9108
9112
9112
9127
9130
9130
9152
9191
9220
9260
9283
9297
9299
9330
9335
9340
9346
9352
9357
9367
9373
9375
9391
9405
9408
9439
9447
9451
9486
9500
9511
9515
9523
9530
9555
9560
9574
9587
9614
9618
9665
9679
9679
9684
9696
9697
9719
9720
9721
9736
9749
9750
9751
9752
9765
9768
9776
9781
9788
9798
9822
9829
9840
9857
9869
9872
9884
9890
9909
9912
9925
9930
9942
9974
9998