2
4
7
10
11
23
37
43
56
62
65
66
80
89
91
94
97
100
109
118
137
140
146
150
150
161
168
169
180
183
189
192
196
198
213
231
231
242
277
281
283
290
310
342
354
364
366
372
384
396
413
420
420
428
460
473
476
478
482
493
504
506
524
532
534
535
535
541
544
546
551
559
562
578
601
604
634
634
635
664
664
665
671
680
744
744
755
760
767
772
773
774
803
837
862
868
869
873
880
884
923
923
930
945
946
963
965
974
977
990
990
1013
1020
1054
1055
1070
1072
1074
1076
1085
1097
1097
1117
1118
1129
1133
1144
1152
1155
1161
1177
1189
1212
1218
1219
1232
1239
1241
1253
1259
1264
1288
1294
1306
1308
1317
1325
1327
1328
1331
1334
1340
1346
1353
1377
1414
1416
1424
1425
1427
1446
1452
1454
1468
1478
1480
1510
1527
1541
1578
1584
1591
1630
1638
1645
1666
1684
1687
1704
1716
1725
1726
1743
1779
1799
1805
1808
1825
1831
1839
1851
1852
1867
1869
1873
1876
1894
1899
1911
1914
1935
1952
1955
1962
1965
1972
1975
1977
1982
1994
2012
2017
2017
2019
2025
2025
2030
2032
2046
2059
2106
2122
2132
2134
2136
2157
2173
2181
2189
2193
2203
2203
2219
2226
2236
2260
2264
2278
2287
2298
2306
2332
2342
2344
2349
2356
2368
2380
2383
2402
2412
2412
2412
2443
2447
2468
2479
2482
2494
2495
2511
2514
2517
2527
2530
2533
2546
2546
2557
2575
2605
2619
2623
2628
2658
2684
2684
2691
2692
2724
2728
2738
2742
2743
2749
2763
2771
2772
2773
2794
2802
2817
2819
2820
2821
2824
2848
2856
2871
2871
2887
2920
2926
2938
2946
2958
2961
2973
2993
3005
3008
3026
3036
3062
3071
3076
3098
3104
3105
3117
3127
3129
3153
3159
3159
3173
3177
3177
3178
3196
3204
3216
3217
3225
3225
3242
3254
3282
3284
3295
3304
3338
3343
3355
3364
3372
3392
3401
3415
3431
3435
3443
3449
3453
3462
3469
3472
3474
3510
3511
3522
3523
3530
3535
3541
3552
3553
3572
3576
3578
3580
3615
3633
3638
3644
3648
3660
3661
3681
3685
3691
3696
3702
3721
3726
3732
3740
3764
3782
3782
3797
3801
3820
3824
3848
3856
3863
3866
3867
3893
3898
3900
3900
3908
3914
3921
3944
3945
3956
3962
3969
3976
3987
3996
4001
4005
4009
4032
4067
4094
4095
4100
4115
4142
4154
4172
4185
4205
4226
4229
4234
4247
4253
4257
4263
4273
4278
4296
4296
4297
4297
4299
4302
4333
4347
4358
4362
4369
4374
4388
4392
4394
4413
4418
4424
4442
4444
4450
4462
4473
4493
4501
4515
4519
4533
4534
4563
4576
4587
4598
4606
4611
4614
4618
4653
4710
4718
4722
4723
4724
4754
4756
4762
4764
4810
4838
4851
4853
4855
4870
4883
4884
4923
4930
4937
4949
4951
4952
4954
4956
4957
4959
4983
4994
4995
5060
5101
5103
5103
5108
5145
5145
5188
5190
5202
5203
5210
5230
5233
5252
5255
5270
5296
5303
5308
5312
5313
5334
5348
5354
5366
5388
5405
5443
5479
5488
5491
5492
5506
5538
5539
5542
5547
5554
5556
5584
5589
5613
5615
5620
5621
5631
5643
5675
5694
5700
5744
5752
5764
5769
5776
5778
5781
5820
5820
5822
5832
5839
5841
5849
5860
5868
5890
5913
5923
5939
5965
5989
5990
5999
5999
6006
6019
6033
6034
6046
6063
6079
6085
6088
6092
6114
6119
6121
6124
6136
6137
6140
6152
6154
6158
6160
6172
6229
6252
6269
6271
6277
6284
6303
6310
6341
6353
6356
6372
6380
6385
6389
6390
6415
6437
6442
6467
6476
6476
6482
6495
6496
6539
6547
6555
6557
6559
6566
6568
6579
6581
6587
6588
6591
6594
6609
6628
6633
6646
6646
6649
6649
6669
6672
6672
6676
6695
6720
6723
6728
6734
6748
6751
6752
6760
6762
6770
6773
6775
6776
6776
6791
6797
6823
6834
6835
6850
6868
6877
6910
6911
6924
6940
6941
6959
6966
6966
6989
6991
6992
7001
7002
7017
7045
7048
7055
7066
7068
7071
7072
7089
7095
7101
7112
7125
7130
7135
7173
7174
7183
7188
7197
7224
7233
7237
7251
7252
7261
7262
7274
7286
7286
7296
7304
7320
7339
7340
7345
7350
7350
7354
7355
7394
7409
7426
7438
7448
7451
7453
7454
7461
7463
7467
7502
7505
7510
7512
7525
7527
7529
7531
7540
7554
7584
7584
7592
7610
7639
7643
7657
7657
7683
7711
7718
7725
7736
7749
7750
7752
7757
7765
7769
7793
7800
7809
7815
7816
7823
7830
7832
7857
7859
7874
7880
7894
7898
7907
7921
7935
7945
7956
7968
7977
7980
7982
7982
7987
7999
8002
8015
8016
8022
8023
8031
8034
8058
8061
8081
8090
8098
8099
8101
8104
8108
8114
8126
8145
8149
8151
8162
8169
8174
8181
8185
8195
8210
8218
8238
8241
8244
8265
8266
8288
8291
8303
8328
8353
8354
8359
8386
8390
8396
8400
8410
8415
8418
8428
8429
8430
8439
8481
8503
8526
8535
8552
8562
8564
8565
8566
8568
8568
8576
8578
8578
8580
8602
8622
8634
8640
8641
8642
8660
8665
8689
8690
8695
8697
8699
8700
8708
8715
8722
8725
8731
8737
8749
8759
8760
8763
8795
8803
8811
8819
8831
8851
8862
8870
8897
8918
8939
8945
8947
8962
8969
8975
8982
8990
8991
8998
9010
9016
9023
9074
9086
9092
9093
9099
9105
9115
9119
9129
9130
9133
9157
9170
9181
9211
9221
9225
9257
9267
9267
9268
9273
9282
9307
9325
9326
9362
9369
9373
9382
9410
9412
9419
9441
9442
9443
9444
9448
9460
9464
9465
9465
9469
9469
9470
9478
9482
9502
9524
9539
9562
9563
9563
9582
9595
9598
9603
9609
9612
9631
9634
9662
9668
9679
9732
9742
9756
9758
9762
9776
9811
9811
9831
9857
9861
9865
9886
9887
9895
9919
9919
9928
9930
9936
9936
9937
9947
9952
9957
9975
9990
9996