28
32
38
57
59
61
67
72
74
79
87
88
90
134
135
141
141
165
169
172
204
204
205
210
213
223
223
224
229
229
234
240
244
252
254
256
258
259
261
281
283
284
287
291
307
310
311
329
347
353
357
373
379
386
390
393
403
424
436
450
469
472
478
499
529
533
542
575
587
601
606
608
639
657
663
666
667
683
701
709
712
712
716
719
730
735
741
746
762
765
796
805
808
815
820
846
851
856
860
868
876
881
894
903
910
916
930
939
965
970
977
997
1030
1033
1044
1058
1072
1076
1080
1099
1113
1114
1116
1130
1132
1139
1150
1155
1220
1222
1255
1262
1267
1279
1280
1282
1310
1314
1317
1326
1361
1371
1372
1383
1399
1406
1421
1429
1442
1444
1461
1473
1475
1487
1489
1501
1502
1504
1506
1529
1534
1559
1567
1583
1595
1596
1607
1610
1619
1620
1624
1656
1660
1671
1674
1680
1681
1699
1708
1710
1711
1713
1716
1724
1750
1773
1784
1787
1806
1849
1851
1878
1895
1898
1900
1902
1902
1915
1919
1926
1942
1959
1961
1969
1969
1971
1973
1980
1998
1999
2004
2008
2011
2015
2020
2023
2058
2078
2083
2084
2097
2098
2102
2108
2110
2120
2129
2139
2139
2148
2160
2170
2191
2243
2253
2263
2273
2276
2302
2322
2339
2354
2355
2358
2359
2367
2371
2378
2381
2387
2388
2402
2419
2425
2429
2439
2468
2479
2484
2489
2494
2497
2500
2520
2520
2534
2536
2543
2544
2554
2572
2584
2587
2598
2617
2630
2637
2649
2669
2677
2707
2712
2737
2739
2743
2745
2745
2760
2771
2798
2817
2824
2831
2836
2840
2852
2853
2877
2889
2921
2922
2926
2939
2939
2947
2949
2952
2959
2970
2971
2978
2979
2986
2995
2995
2996
2997
3009
3026
3027
3032
3043
3050
3056
3058
3089
3113
3125
3126
3130
3135
3140
3140
3155
3171
3173
3176
3183
3192
3202
3203
3205
3212
3220
3222
3244
3268
3294
3297
3299
3325
3329
3341
3342
3358
3368
3368
3387
3396
3399
3418
3430
3460
3461
3483
3490
3517
3527
3544
3568
3572
3578
3582
3583
3585
3591
3610
3617
3617
3654
3657
3670
3672
3675
3700
3711
3711
3713
3718
3720
3721
3722
3743
3752
3756
3764
3790
3799
3819
3836
3845
3855
3858
3871
3902
3903
3921
3927
3929
3937
3938
3940
3942
3942
3947
3955
3961
3961
3978
3989
3995
4001
4005
4006
4014
4025
4046
4056
4060
4071
4072
4083
4091
4101
4109
4151
4161
4168
4181
4186
4207
4208
4225
4231
4241
4246
4249
4250
4263
4264
4325
4355
4366
4369
4375
4398
4404
4439
4453
4469
4470
4476
4481
4489
4499
4510
4529
4533
4534
4534
4563
4565
4571
4571
4571
4578
4581
4585
4642
4651
4653
4657
4664
4672
4700
4701
4707
4708
4725
4745
4748
4764
4781
4782
4799
4817
4821
4823
4831
4834
4837
4839
4851
4853
4862
4880
4882
4901
4920
4924
4936
4967
4972
4976
4992
5008
5030
5039
5050
5078
5089
5096
5096
5097
5116
5132
5157
5158
5172
5175
5175
5181
5212
5218
5256
5266
5279
5293
5316
5319
5319
5320
5321
5340
5340
5362
5366
5383
5389
5401
5418
5434
5439
5455
5463
5469
5478
5481
5487
5497
5500
5506
5511
5516
5516
5528
5536
5537
5541
5557
5566
5575
5582
5583
5616
5618
5632
5635
5638
5638
5646
5660
5660
5670
5670
5680
5683
5689
5693
5707
5716
5718
5719
5731
5733
5734
5738
5757
5772
5782
5828
5839
5843
5844
5844
5852
5856
5891
5920
5943
5969
5972
5978
5988
5993
6008
6009
6010
6032
6040
6042
6071
6075
6080
6087
6091
6097
6114
6128
6128
6136
6139
6143
6177
6197
6198
6228
6235
6236
6239
6249
6255
6256
6270
6272
6274
6281
6285
6286
6318
6332
6355
6358
6369
6375
6376
6377
6386
6415
6418
6427
6429
6450
6473
6486
6506
6526
6528
6531
6532
6532
6541
6549
6551
6561
6572
6576
6585
6599
6608
6612
6614
6621
6626
6626
6628
6649
6670
6672
6674
6765
6781
6785
6801
6827
6834
6842
6869
6873
6877
6885
6904
6906
6937
6946
6968
6989
6990
6993
6996
7001
7004
7037
7042
7045
7047
7048
7059
7060
7094
7102
7102
7102
7104
7112
7113
7126
7147
7147
7155
7170
7175
7212
7213
7255
7259
7274
7284
7293
7298
7305
7313
7325
7351
7360
7364
7366
7367
7377
7388
7396
7396
7396
7404
7418
7418
7421
7440
7443
7448
7457
7458
7470
7472
7474
7479
7492
7498
7503
7506
7512
7515
7516
7552
7566
7568
7568
7577
7585
7591
7613
7615
7633
7635
7649
7650
7657
7662
7708
7716
7721
7740
7756
7768
7768
7784
7785
7790
7808
7813
7815
7823
7828
7829
7846
7864
7867
7874
7887
7889
7892
7911
7911
7914
7920
7920
7923
7952
7968
7972
7979
7986
7998
8003
8007
8035
8036
8053
8057
8061
8064
8065
8078
8081
8093
8100
8104
8126
8126
8128
8145
8159
8177
8187
8189
8194
8199
8216
8226
8227
8246
8250
8251
8282
8295
8298
8318
8318
8336
8337
8409
8427
8437
8443
8454
8455
8462
8494
8500
8509
8513
8530
8536
8543
8546
8564
8585
8594
8604
8605
8610
8620
8665
8667
8687
8691
8705
8713
8718
8728
8744
8755
8759
8766
8777
8789
8795
8867
8873
8885
8920
8941
8944
8948
8968
8976
8987
9036
9040
9051
9051
9056
9086
9095
9103
9130
9156
9162
9163
9166
9175
9198
9198
9245
9248
9263
9275
9307
9321
9343
9356
9356
9361
9374
9382
9393
9397
9412
9423
9428
9429
9449
9450
9452
9457
9460
9470
9472
9487
9491
9500
9507
9537
9543
9544
9552
9558
9561
9576
9577
9578
9578
9590
9597
9605
9608
9616
9632
9652
9658
9660
9681
9693
9701
9713
9731
9745
9765
9769
9772
9791
9793
9795
9805
9806
9811
9812
9813
9817
9856
9857
9862
9872
9900
9905
9927
9973
9984
9995
9999