0
6
23
28
59
69
70
79
94
96
103
104
104
107
115
128
135
141
144
160
170
172
216
219
238
264
266
277
278
280
290
328
332
362
373
374
376
382
386
394
394
398
401
401
416
427
446
458
462
471
490
515
534
537
602
605
609
631
649
700
700
702
702
706
716
739
741
745
750
776
782
786
793
805
807
820
824
832
839
840
843
857
865
870
876
883
902
902
907
916
934
935
952
962
983
988
1007
1012
1021
1029
1029
1033
1034
1034
1038
1045
1055
1067
1072
1087
1096
1129
1134
1156
1178
1188
1190
1193
1198
1203
1211
1230
1235
1240
1243
1246
1251
1272
1283
1288
1317
1325
1350
1353
1364
1366
1378
1382
1387
1399
1402
1403
1409
1411
1422
1425
1428
1428
1429
1433
1459
1467
1481
1490
1493
1495
1508
1510
1515
1532
1533
1538
1538
1538
1547
1555
1574
1575
1591
1596
1601
1623
1631
1641
1648
1656
1696
1712
1734
1749
1749
1782
1790
1797
1818
1825
1828
1833
1835
1842
1844
1848
1862
1868
1878
1883
1887
1909
1916
1953
1960
1984
1990
1994
1995
1995
2002
2024
2041
2043
2044
2044
2055
2060
2099
2111
2115
2120
2130
2150
2150
2158
2158
2159
2164
2183
2196
2225
2229
2230
2241
2245
2246
2250
2255
2258
2260
2261
2273
2274
2274
2281
2322
2326
2333
2338
2377
2382
2394
2414
2418
2418
2421
2470
2471
2472
2479
2480
2490
2504
2509
2517
2531
2550
2552
2554
2577
2584
2592
2606
2607
2615
2626
2649
2654
2713
2715
2741
2750
2764
2769
2778
2784
2804
2807
2814
2814
2818
2818
2819
2824
2830
2839
2840
2854
2883
2916
2938
2944
2945
2949
2956
2959
2960
2985
2993
3003
3009
3017
3024
3028
3029
3036
3041
3042
3050
3056
3101
3108
3119
3120
3123
3129
3160
3167
3176
3176
3177
3186
3198
3202
3205
3222
3222
3234
3246
3255
3256
3256
3260
3277
3305
3312
3331
3331
3332
3336
3362
3367
3381
3431
3433
3438
3457
3468
3472
3478
3481
3495
3508
3521
3528
3537
3549
3555
3558
3565
3573
3587
3613
3625
3631
3631
3634
3639
3644
3666
3678
3679
3679
3703
3705
3711
3713
3713
3718
3738
3764
3778
3798
3807
3813
3821
3826
3828
3831
3836
3857
3871
3909
3920
3924
3933
3934
3936
3936
3949
3962
3968
3975
4009
4064
4082
4106
4112
4118
4129
4134
4141
4147
4164
4197
4210
4212
4264
4296
4309
4311
4312
4317
4323
4335
4343
4350
4355
4366
4367
4403
4408
4413
4419
4421
4434
4439
4465
4470
4488
4490
4519
4524
4527
4538
4546
4548
4549
4566
4574
4578
4598
4608
4623
4627
4645
4659
4699
4705
4717
4739
4739
4748
4754
4767
4774
4792
4803
4822
4824
4827
4838
4857
4861
4869
4882
4893
4910
4912
4914
4919
4921
4926
4943
4951
4966
4969
4991
4999
5004
5006
5009
5020
5037
5038
5044
5051
5059
5061
5072
5076
5093
5106
5109
5121
5143
5160
5164
5186
5186
5189
5190
5195
5245
5269
5271
5278
5280
5298
5299
5307
5339
5341
5388
5389
5390
5395
5398
5400
5422
5433
5434
5440
5449
5457
5459
5460
5460
5489
5493
5514
5525
5539
5575
5606
5609
5611
5612
5613
5631
5636
5652
5661
5710
5711
5752
5761
5778
5778
5780
5782
5788
5796
5798
5805
5835
5856
5858
5875
5887
5888
5892
5895
5906
5921
5939
5945
5965
5966
5971
5979
5981
6005
6014
6040
6046
6049
6052
6053
6068
6069
6083
6089
6090
6103
6104
6114
6125
6131
6138
6139
6141
6160
6166
6169
6169
6173
6186
6196
6206
6209
6233
6256
6282
6282
6299
6305
6336
6344
6368
6370
6409
6447
6457
6458
6470
6488
6492
6509
6513
6515
6535
6547
6570
6571
6578
6593
6600
6605
6610
6615
6615
6620
6625
6628
6663
6665
6667
6677
6686
6688
6700
6702
6703
6734
6753
6759
6760
6761
6772
6790
6794
6803
6807
6809
6818
6818
6849
6851
6862
6875
6875
6880
6901
6915
6927
6944
6965
7008
7016
7029
7043
7049
7052
7061
7065
7069
7089
7089
7106
7106
7109
7113
7116
7121
7132
7135
7145
7151
7158
7167
7180
7180
7201
7216
7234
7244
7246
7250
7250
7251
7254
7259
7267
7268
7277
7283
7291
7291
7301
7315
7329
7343
7361
7367
7368
7379
7381
7395
7401
7435
7436
7439
7440
7448
7450
7502
7513
7516
7544
7556
7556
7559
7561
7567
7583
7583
7595
7603
7627
7637
7649
7649
7652
7656
7662
7665
7672
7689
7712
7715
7723
7741
7744
7747
7752
7752
7784
7794
7797
7816
7825
7862
7875
7885
7893
7908
7918
7920
7921
7930
7944
7968
7989
7989
7989
7998
8003
8016
8016
8032
8045
8058
8064
8067
8069
8072
8080
8088
8093
8106
8114
8137
8137
8142
8149
8150
8186
8191
8194
8204
8206
8206
8208
8216
8266
8280
8288
8292
8294
8304
8308
8310
8314
8339
8354
8358
8379
8382
8394
8399
8407
8417
8436
8449
8458
8461
8461
8483
8533
8545
8556
8559
8578
8587
8589
8597
8598
8612
8620
8629
8640
8655
8662
8663
8665
8697
8709
8716
8727
8746
8791
8805
8810
8824
8825
8827
8914
8918
8919
8919
8956
8969
8975
8981
8981
8996
8997
9004
9029
9041
9055
9057
9071
9080
9081
9082
9083
9084
9084
9092
9134
9138
9149
9156
9168
9192
9192
9194
9197
9201
9211
9221
9223
9237
9239
9249
9251
9273
9276
9286
9291
9292
9293
9308
9311
9318
9330
9361
9369
9376
9380
9392
9425
9448
9453
9464
9472
9473
9491
9497
9500
9522
9526
9557
9579
9580
9586
9602
9605
9618
9619
9625
9638
9643
9649
9675
9694
9705
9706
9721
9728
9729
9731
9740
9740
9741
9744
9751
9766
9779
9781
9787
9790
9793
9797
9808
9824
9826
9840
9847
9861
9868
9869
9875
9876
9881
9884
9893
9907
9907
9915
9928
9933
9937
9939
9941
9952
9953
9965
9965
9969
9997