14
37
52
67
105
107
111
112
119
139
143
164
173
180
187
199
206
206
238
238
248
260
260
274
278
295
298
302
304
309
312
314
348
362
388
392
396
420
426
447
453
465
467
472
479
484
487
498
512
516
519
541
567
576
581
593
605
609
619
630
638
642
650
668
669
671
672
673
676
691
706
708
713
713
723
723
735
743
767
781
787
789
797
797
814
826
847
864
865
868
868
872
883
887
898
902
915
934
939
940
974
983
999
1036
1037
1059
1061
1098
1106
1117
1122
1123
1137
1142
1160
1165
1168
1172
1190
1226
1241
1246
1265
1284
1289
1295
1300
1303
1305
1306
1332
1348
1352
1371
1372
1377
1392
1394
1402
1402
1405
1437
1472
1474
1486
1514
1515
1529
1539
1545
1555
1564
1594
1601
1612
1616
1621
1634
1637
1640
1640
1643
1656
1657
1667
1669
1673
1726
1735
1743
1759
1769
1770
1774
1776
1787
1793
1799
1809
1844
1845
1850
1858
1872
1877
1892
1903
1910
1917
1921
1922
1923
1926
1927
1927
1928
1929
1941
1954
1959
1967
1979
1985
2001
2011
2017
2018
2034
2040
2045
2072
2075
2092
2102
2130
2131
2154
2169
2191
2211
2215
2220
2231
2232
2250
2251
2253
2255
2268
2283
2287
2288
2289
2297
2297
2299
2309
2309
2312
2320
2327
2334
2339
2348
2371
2402
2404
2413
2432
2434
2442
2448
2457
2457
2461
2490
2491
2495
2516
2519
2526
2527
2565
2569
2575
2583
2595
2599
2607
2610
2613
2638
2674
2701
2722
2725
2739
2752
2758
2761
2766
2797
2801
2809
2825
2832
2837
2842
2848
2861
2896
2899
2901
2902
2930
2973
2987
3003
3008
3035
3038
3045
3052
3061
3067
3070
3071
3087
3107
3118
3123
3126
3136
3148
3210
3212
3214
3217
3239
3241
3250
3258
3265
3271
3271
3279
3291
3315
3334
3337
3341
3346
3350
3364
3371
3377
3395
3396
3401
3410
3411
3413
3438
3447
3457
3479
3484
3488
3497
3497
3497
3506
3518
3519
3529
3538
3546
3563
3572
3578
3580
3585
3587
3593
3594
3619
3625
3641
3650
3659
3681
3736
3736
3744
3755
3759
3760
3765
3766
3769
3775
3798
3811
3815
3817
3831
3844
3845
3877
3885
3890
3897
3913
3914
3920
3946
3949
3975
3983
4007
4027
4027
4035
4039
4041
4088
4096
4112
4127
4131
4132
4134
4145
4162
4182
4188
4214
4229
4231
4236
4244
4247
4253
4263
4277
4283
4286
4288
4288
4290
4308
4325
4328
4329
4338
4347
4349
4355
4377
4403
4404
4405
4410
4428
4447
4448
4459
4483
4490
4496
4500
4502
4503
4521
4530
4531
4541
4542
4561
4569
4572
4574
4617
4628
4658
4676
4678
4685
4696
4705
4713
4719
4722
4725
4729
4734
4737
4740
4740
4749
4765
4781
4791
4802
4803
4828
4836
4848
4859
4861
4867
4870
4877
4881
4888
4898
4905
4930
4940
4946
4947
4954
4959
4959
4959
4963
4974
4981
4984
4990
5006
5010
5015
5017
5027
5036
5042
5063
5074
5079
5116
5119
5123
5127
5129
5166
5178
5183
5188
5196
5208
5225
5225
5237
5242
5244
5262
5289
5298
5299
5345
5359
5368
5380
5384
5394
5394
5408
5412
5417
5422
5430
5434
5445
5463
5517
5542
5543
5553
5557
5572
5601
5609
5619
5625
5625
5636
5639
5647
5686
5692
5694
5743
5754
5764
5770
5779
5787
5792
5792
5793
5806
5813
5819
5820
5830
5830
5843
5848
5857
5871
5876
5878
5881
5906
5916
5916
5933
5945
5947
5949
5951
5951
5956
5964
5965
5993
5998
6002
6006
6007
6007
6018
6025
6091
6093
6099
6105
6110
6118
6124
6126
6126
6139
6142
6150
6161
6210
6220
6221
6230
6236
6243
6244
6255
6264
6271
6282
6313
6320
6331
6333
6352
6354
6359
6373
6373
6375
6376
6395
6402
6427
6428
6433
6443
6463
6468
6484
6488
6490
6491
6494
6528
6543
6545
6567
6582
6600
6603
6609
6613
6616
6655
6668
6671
6676
6677
6678
6681
6683
6686
6689
6693
6695
6711
6714
6737
6738
6745
6749
6776
6780
6800
6820
6832
6834
6838
6849
6859
6859
6868
6871
6889
6911
6929
6930
6932
6937
6951
6955
6966
6967
7007
7100
7102
7107
7122
7124
7126
7127
7140
7141
7144
7144
7150
7159
7161
7169
7171
7177
7219
7224
7237
7253
7264
7275
7279
7282
7290
7321
7329
7333
7340
7353
7359
7366
7372
7406
7408
7417
7425
7434
7437
7442
7469
7470
7470
7474
7475
7505
7518
7525
7559
7591
7619
7623
7628
7648
7654
7666
7673
7684
7689
7691
7706
7728
7729
7730
7737
7740
7749
7752
7766
7774
7777
7784
7789
7790
7790
7791
7798
7811
7820
7822
7823
7828
7829
7844
7857
7867
7872
7886
7887
7888
7899
7933
7945
7958
7985
8004
8015
8022
8030
8038
8044
8049
8058
8065
8077
8087
8096
8098
8101
8121
8126
8128
8135
8142
8147
8147
8154
8157
8159
8163
8168
8206
8216
8230
8266
8268
8276
8308
8337
8342
8354
8364
8375
8396
8431
8438
8448
8463
8467
8477
8488
8500
8505
8508
8515
8518
8523
8554
8557
8565
8630
8632
8636
8660
8672
8673
8681
8687
8688
8716
8736
8739
8755
8759
8767
8767
8779
8793
8806
8808
8811
8822
8824
8827
8830
8834
8851
8857
8866
8870
8880
8882
8886
8897
8908
8909
8946
8959
8976
9008
9014
9015
9054
9059
9062
9097
9103
9110
9115
9119
9123
9130
9150
9155
9172
9174
9191
9193
9194
9198
9217
9219
9234
9240
9246
9256
9262
9285
9289
9299
9308
9337
9346
9352
9359
9363
9378
9381
9389
9390
9390
9408
9412
9438
9468
9473
9480
9494
9501
9505
9510
9537
9541
9546
9549
9550
9552
9558
9570
9573
9585
9588
9593
9593
9605
9623
9627
9716
9726
9744
9764
9772
9781
9784
9799
9806
9846
9862
9863
9884
9895
9919
9919
9927
9940
9947
9951
9960
9963
9965
9970
9971
9977
9980
9993
9994