25
-59
98
3
0
90
-39
15
96
26
84
82
15
13
-61
-39
38
14
4
83
44
-79
-21
-44
-100
-41
-34
0
72
90
30
-66
86
35
-32
37
-40
65
29
21
62
73
-99
-79
-67
6
-16
-44
-99
-25
-51
78
-38
48
46
-50
43
29
76
-95
6
-3
-41
19
73
14
94
52
-74
-57
83
94
69
-82
85
-74
0
-14
83
-44
49
-77
-81
6
45
-2
-81
66
35
84
92
-14
94
92
-68
28
-44
51
-91
78
83
46
-3
-72
47
-68
-51
-97
-53
25
4
-24
0
-77
42
69
83
-94
5
-6
-94
-3
-13
21
-31
-67
75
51
-84
-63
-62
-95
75
74
76
24
98
-68
54
-99
-35
-74
-89
11
45
-6
20
-85
-24
-88
-88
-29
-97
64
46
23
-81
51
-95
78
32
-36
-21
11
-50
-81
-26
-27
41
45
14
99
58
89
75
15
-94
-70
-70
68
7
78
39
-24
55
-41
90
25
2
23
14
55
-3
-64
4
-25
-51
-65
-13
70
-21
44
60
-72
-36
-16
82
-82
68
5
-38
66
-54
20
1
-61
9
4
-33
-77
85
-80
6
-38
82
-57
71
-66
-69
37
40
55
-7
8
79
32
33
33
100
12
80
-2
86
23
-79
-90
-8
27
-93
-91
-97
98
100
-60
-48
-45
-60
66
35
33
-76
-80
-75
-34
33
-28
-25
-30
62
-41
-20
-39
81
91
-94
36
-26
85
93
22
-13
62
-74
-7
-78
30
89
-89
26
-9
-77
89
20
96
-3
28
-57
-61
-67
36
-86
-47
81
58
-36
-88
54
-99
25
68
49
-74
36
-59
-28
74
70
84
96
58
-7
6
57
-23
27
77
11
-75
-32
-65
-79
-23
76
83
30
-67
42
-42
-52
71
-3
-4
-87
18
9
97
-6
57
-16
-94
-24
37
-35
-66
98
-39
-60
-24
19
-92
95
-39
-3
25
48
-52
65
-59
-95
-91
-97
-3
-25
85
90
-36
58
-29
-52
-41
-31
69
-60
77
41
27
33
-17
59
-42
52
-92
24
85
22
58
-76
-51
-90
5
-84
85
-45
-9
-40
-100
95
24
8
36
-37
67
48
85
26
19
98
43
-88
81
-60
-11
-22
-66
-14
-30
-8
36
-23
73
-49
74
64
21
87
67
-36
-55
-15
33
-73
72
91
57
-85
79
-48
83
-94
83
27
88
-38
-27
28
95
88
79
-62
-34
3
15
1
-100
46
51
-71
79
40
11
28
46
33
-76
-58
22
-31
0
-43
10
30
-10
74
99
-31
73
87
-15
87
-9
-69
-70
-2
68
-48
-73
-38
20
-8
36
-94
11
45
0
31
25
-42
-61
-45
23
-79
76
-11
-59
-2
51
-59
-51
-100
-24
-31
-81
92
18
31
49
35
-18
-82
-62
-85
-91
-17
-90
-3
-87
89
61
-81
-64
-7
43
0
-11
-61
-68
-16
-53
24
2
-63
70
99
12
90
11
-26
42
-80
-47
-24
-62
87
-28
-54
67
43
78
-19
81
19
84
40
-40
-19
26
-79
59
97
-72
-9
25
77
-54
-55
13
11
-32
17
45
-41
41
-3
-23
39
-40
-96
-68
81
62
-46
36
76
-100
-98
91
-42
71
-67
53
4
89
-24
87
44
-12
27
70
-17
-19
79
-100
-38
-27
67
-29
64
7
14
53
61
-21
-72
-72
57
-64
-22
4
97
82
-57
6
-65
23
33
-42
88
8
74
-98
-50
-15
73
-98
-21
31
2
26
-10
-35
-99
-28
68
42
28
58
12
87
16
9
0
-99
9
100
77
-33
95
-98
-37
74
-33
82
100
20
93
48
41
29
-16
38
27
99
6
48
-66
10
27
-49
34
27
0
-25
-54
76
-38
42
-44
55
-72
-41
61
4
22
49
-98
-78
-50
43
62
-60
-38
5
20
90
69
-5
-52
6
-96
26
-92
-10
22
34
-34
82
-41
78
-32
44
-97
87
52
33
-36
-89
-95
-91
20
14
-16
-86
74
11
91
56
38
34
-43
91
-42
-84
-94
26
-60
-7
-84
-45
57
93
-89
80
18
15
-36
-17
87
26
56
48
-50
45
9
85
-36
83
-66
-81
99
-13
-72
-67
-98
-17
29
-40
6
79
25
77
97
41
-23
-87
42
-90
26
50
-38
-34
22
96
-63
-85
-69
-11
-84
16
-11
66
-96
55
-11
-78
47
21
-7
87
48
96
2
100
-45
48
-95
-38
75
41
-49
78
10
-77
58
-82
-5
-22
61
89
-90
35
-78
-43
-8
87
86
-9
-38
-56
14
-56
-73
-92
-4
-38
-48
21
-17
79
29
-53
-58
-34
-37
-95
77
49
-19
1
29
38
73
24
32
12
4
-58
60
90
3
-5
58
88
46
72
52
-12
68
-32
70
-29
-44
-78
24
26
87
81
34
-65
37
-44
-38
-36
-31
-96
49
-35
27
65
-52
92
-78
8
-74
86
-24
-28
-50
-92
-90
-28
-77
-62
71
21
68
-72
-79
33
-80
50
-30
-71
48
56
-96
-92
-55
46
4
24
-14
-4
-4
-2
-11
-8
-30
10
-49
-7
72
66
80
-66
36
67
74
-96
-22
-48
-78
-59
-33
43
35
82
-22
-6
-38
-59
-39
28
-71
9
-54
-76
-100
53
7
-72
-64
42
-52
43
-77
-39
-56
-39
-10
-31
-20
-47
-6
73
-58
-26
-52
77
-96
61
84
-47
14
37
-58
-7
69
30
42
83
-43
20
-12
81
70
77
-8
90
-30
-16
-38
59
61
78
55
86
-31
3
24
-54
75
-30
-90
50
-100
-23
15
34
-77
-38
66
-94
-85
17
-54
42
2
44
96
95
61
67
-60
-23
26
60
-32
82
-36
-91
55
79
95
-60
6
-4
-41
34
-70
77
-9
-25
-52
69
41
92
38
-69
-56
15
-65
30
-91
82
-92
-9
49
86
100
18
-12
69
-26
54
67
-37
-10
-94
-46
46
74
-54
-46
-83
-38
81
70
-57
14
-15
91
-91
-29
-23
90
-79
-69
49
-87
59
44
44
90
85
3
-78
57
-28
73
-92
17
-46
-76
-80
-79
-71
-13
63
51
-30
-91
62
-51
36
-54
-62
-73
-64
-38
-60
91
94
89
-88
-53
-53
-26
-1
84
20
-92
9
-64
48
15
44
-77
-82
89
-35
47
-3
-4
-57
55
10
50
-77
40
55
-31
79
72
71
97
66
-37
-83
40
-30
29
-97
-22
-28
15
-84
-50
-47
74
29
-6
66
52
-21
22
91
-40
0
-28
22
6
40
70
-16
-4
45
39
-66
-97
-51
-23
16
-21
-82
38
-85
-8
-9
97
-63
-8
-70
-39
59
16
23
-73
18
-77
-46
92
-78
8
39
25
-79
56
-46
-21
-86
-25
34
-26
14
95
54
-42
14
-39
62
-39
33
25
18
-8
49
-66
-32
69
52
-59
85
62
79
-44
-98
12
13
-78
10
-93
-36
24
62
-19
-85
-55
24
8
5
-11
71
-40
86
-50
11
-46
-71
-12
7
77
-33
-72
-85
-57
73
-23
39
-15
44
50
69
70
24
65
68
-47
42
47
71
-33
-12
-34
-19
-37
48
-63
85
87
37
-66
-89
-3
-83
-100
40
-58
-48
-36
-84
6
-65
29
25
70
74
86
50
-9
-50
-63
57
27
-67
-49
-98
-91
93
-39
25
7
67
24
73
1
-62
-85
7
60
69
-64
20
-18
-62
-60
-67
-13
92
47
-41
-97
-56
-21
63
35
-18
-16
-13
70
47
-93
-32
-76
8
91
89
-98
92
89
-24
21
-72
-36
70
-48
98
-13
92
17
-42
46
-37
-32
-85
-48
-73
78
61
-65
48
-15
-34
-97
-95
99
18
-88
-34
26
95
-36
-66
-36
-41
-57
-12
-86
67
-29
54
-53
-78
-15
73
-73
74
22
2
55
-35
-75
-71
-84
2
85
19
-64
-45
35
82
-10
-63
-97
76
73
0
-13
-88
25
-62
-86
49
-12
-28
89
-24
-57
23
98
-22
-97
-53
-37
-41
46
81
-22
71
57
51
-44
22
44
-59
69
96
-21
-47
-47
44
43
-31
5
16
-16
-80
-89
41
19
-2
22
-51
-56
0
82
-70
-55
20
-65
9
-69
92
13
55
-99
97
-59
-12
56
-15
-89
16
-87
-6
-42
-35
36
61
-97
-22
-76
15
-91
53
53
-53
79
-4
3
-72
31
11
-3
33
8
-3
-45
32
23
87
43
-77
-72
-81
-81
49
-34
-13
-12
7
43
-51
-27
2
-95
95
-92
28
-13
-49
-51
95
-66
19
84
51
-52
82
-1
82
-93
25
-8
67
17
-78
9
9
91
12
44
-19
-14
-73
-96
30
-4
64
-74
85
21
80
-18
-8
15
22
-87
-45
-64
-61
95
2
-52
-5
-81
-74
-31
63
17
96
67
-93
-25
55
45
22
-48
92
-66
86
25
-61
-18
56
-22
-11
-1
-12
92
40
82
-94
3
-31
80
86
93
89
-20
42
91
-14
-57
5
-100
28
-49
64
-30
-79
54
24
-93
-88
-77
67
83
80
-66
97
-33
-12
0
96
76
-56
-20
27
50
76
88
37
53
66
39
65
89
-33
59
37
-33
28
-82
-30
-37
10
-66
-44
-37
20
-17
-14
45
-77
-27
84
-61
45
42
74
62
66
88
-36
-61
93
75
-78
25
35
-56
91
-41
-53
-47
6
-82
7
-85
-86
-36
-46
-79
-40
86
-66
50
50
-81
79
-26
11
-48
-12
-46
-47
-76
71
27
-70
-78
78
73
89
-88
30
-97
91
-73
-34
-63
0
36
-74
5
98
-95
-5
-42
-79
64
-1
-30
-73
48
15
-92
52
78
-12
-25
-38
-40
-20
-92
-10
59
-74
-15
47
44
-85
38
38
-59
-28
-76
80
66
-30
-10
-96
-29
13
52
-55
31
85
30
41
-86
69
-63
-16
67
39
-24
100
-48
-8
-90
71
-19
14
84
90
-86
-86
9
6
16
77
38
37
-35
94
70
40
22
23
-67
69
-4
12
-92
37
26
56
36
100
21
-14
-51
80
7
70
-49
61
-93
-50
-62
-57
-21
88
-98
13
56
20
-95
29
-53
82
78
-84
-49
96
-27
-70
37
-81
-48
36
89
38
62
-42
69
52
95
-42
59
-86
-5
-13
-28
-56
-51
84
42
-78
95
46
-53
-72
100
-11
-18
92
-7
12
-24
-50
-34
82
54
99
40
-39
-28
41
60
-8
-93
-98
15
-80
-82
78
68
86
-52
-65
86
91
-27
70
-1
-5
18
41
60
-73
-25
-22
43
77
-57
-6
82
-29
53
95
-61
30
-97
32
-96
96
91
-69
22
67
20
10
56
-30
3
-2
-22
-56
-96
35
-67
-56
-40
-25
-10
28
-22
83
-59
12
-53
29
-67
53
-70
-59
68
64
-8
-13
-70
-20
-66
-35
-53
88
-30
-52
-43
50
56
73
-44
-43
92
-16
-19
38
-50
55
-34
96
23
80
-4
-61
-92
67
-78
99
-98
69
11
51
-21
28
74
68
94
69
56
-26
-31
44
-48
17
-14
-41
35
0
21
0
79
75
-47
19
40
33
87
88
42
61
-68
20
36
-94
-5
40
-48
-47
-44
-3
11
51
-77
8
74
12
25
99
21
-54
60
80
8
75
-59
58
-58
54
-89
77
-60
-25
-11
24
-64
21
-64
66
-57
-96
-96
15
95
-76
63
-40
-99
-39
-100
-9
67
-97
-84
100
-62
-21
53
-50
38
12
-1
44
58
91
-75
98
-34
-100
-66
20
90
-1
-85
-3
-40
-64
97
14
-32
-10
-4
-42
33
-31
8
-84
65
95
-57
14
-44
-39
82
-58
70
80
47
-99
63
98
80
-67
18
-46
11
-6
-100
-20
-85
-55
33
49
16
-38
-71
-25
0
-72
-71
43
58
43
56
-9
-26
76
46
-63
62
-22
74
60
-95
-5
51
93
-85
-24
-79
-77
-100
76
2
-83
-12
-40
79
75
68
-46
-77
-43
69
93
-54
-53
-83
4
-37
-25
-12
9
-58
-41
-43
-68
85
-13
-93
91
46
-12
94
-34
-80
58
69
-64
-90
-54
-21
83
13
-73
18
24
77
38
-66
-38
25
59
20
65
8
-84
-40
50
-33
-44
45
39
83
-55
-16
-84
-55
75
-29
-57
-36
33
11
-29
-89
-16
-67
78
-52
77
-87
14
-100
-4
-95
48
35
-5
-84
61
35
23
94
-93
-84
94
-20
0
84
-56
-60
-30
-24
58
-71
71
-91
-57
-59
68
-38
-31
51
38
-59
60
8
-27
90
-23
-65
39
-2
62
-32
-54
26
69
-100
73
94
-44
-54
-45
-24
33
-94
-53
-59
65
-78
-18
90
67
16
80
-42
-40
55
13
49
-9
85
-59
-27
-25
20
-61
4
-39
91
88
85
-23
-69
-22
-66
34
94
99
-33
-20
-100
-86
-59
-91
-92
59
69
13
22
5
86
70
-43
18
-53
89
-80
51
29
-6
90
-64
-66
64
33
82
62
34
90
29
99
-84
77
57
87
27
90
-85
-50
-85
90
-72
58
44
-59
5
-22
-44
97
-49
11
-27
22
81
-5
-78
-30
52
-47
84
-93
-91
19
40
81
-28
-41
27
32
0
-52
-22
37
-51
-63
46
32
17
-17
-5
-77
-19
-19
31
-80
18
-24
-84
75
51
88
-23
7
86
65
-90
31
63
-42
37
-30
6
-85
32
50
-44
-69
-32
-64
-95
-89
-73
44
-76
-10
-83
37
18
55
5
-82
28
76
74
-100
-2
43
60
-66
36
-43
-12
-50
-53
-60
-18
-80
78
-81
93
5
33
-69
-79
95
-60
28
90
-100
-31
-86
40
56
47
-10
68
1
-60
-29
66
32
-15
62
-14
-31
-4
-76
-85
-8
28
-64
-31
55
-92
87
-43
-59
28
65
-90
9
-82
71
54
85
82
56
-32
37
-87
56
60
-35
76
47
-25
-57
-62
31
-93
-44
-4
81
92
-86
40
-54
16
14
60
18
-27
-27
-5
12
31
85
1
-27
84
61
-38
65
53
-85
-79
-29
61
57
-94
-27
-99
77
67
83
23
76
65
-82
41
-94
-77
44
-37
-12
-63
-23
65
-50
-11
60
88
-100
17
47
43
-57
65
50
-61
-27
35
-59
-87
-4
35
-35
-45
59
59
9
33
-90
-23
-84
77
-46
-98
74
5
23
71
-86
-98
-63
0
-63
18
-9
82
-83
1
-21
59
-64
-43
33
-38
94
95
37
18
12
-30
-10
-8
11
-78
57
-17
-90
31
84
-60
-48
54
-34
-29
-75
-1
-46
-20
42
-75
53
-8
24
53
-40
43
89
-9
57
38
31
-69
-67
-33
-53
-38
-1
39
10
-62
61
96
-37
7
5
-53
29
-6
-52
32
64
57
-49
33
60
99
55
44
73
56
51
-48
-61
2
-22
68
80
-17
-57
-26
57
24
-11
-72
-48
62
-39
-29
-30
30
-77
-25
45
86
-56
44
83
31
-43
48
-37
21
-91
-35
12
-83
-1
69
46
-26
-18
17
-49
24
0
-28
-56
-22
-100
-88
-89
74
-13
-57
-95
-53
68
83
50
-58
-24
41
-94
2
12
-95
52
-4
-76
48
-12
-34
-53
-7
40
-53
35
59
22
14
-66
33
16
24
-99
-97
7
-73
24
97
62
-3
71
-55
-41
-58
74
5
30
26
86
-6
-21
14
56
81
80
25
-65
48
5
56
-17
-38
-78
31
-3
-62
69
41
-12
88
25
-27
30
28
91
-35
78
70
-15
-52
25
-1
-18
-71
-37
88
-11
-65
76
-52
-34
59
45
25
-7
-33
-33
92
92
70
-72
-85
58
84
57
-40
-60
-92
55
-16
22
58
-17
-68
98
79
-83
70
87
-60
5
-68
96
-48
59
42
-85
-4
13
-83
-34
41
46
70
24
-62
-85
-62
-85
-64
-81
76
26
55
-39
-21
-45
-36
0
-82
45
-92
16
32
73
34
30
98
-22
-85
7
-10
60
-28
-66
-66
-29
-26
72
51
-5
17
-6
-41
45
16
20
35
98
-35
71
-58
69
-47
79
99
11
47
92
33
-73
-36
28
85
35
25
-53
-85
-98
30
34
-35
20
5
-68
59
82
-42
-18
21
9
34
42
37
-51
-53
48
-20
89
57
-47
-57
94
50
0
97
76
-86
-54
-4
72
52
-30
56
-28
-53
35
-68
-21
-52
99
59
58
-8
-77
-54
-13
10
61
91
90
-91
86
-20
-23
51
18
20
43
-39
22
-22
-97
95
71
28
-92
-96
77
-38
-48
85
-69
-49
-40
-97
14
-24
-12
99
-37
-39
72
34
78
1
43
2
2
-78
-91
-74
-66
-32
32
31
-13
60
80
67
45
-68
31
93
32
37
71
-10
78
32
-86
-7
16
2
-48
77
36
-10
21
-75
100
-94
-86
-79
-72
79
61
-86
-70
-88
37
83
24
-45
46
87
-55
79
-87
-58
16
64
-31
39
94
-94
-83
35
50
92
1
13
-82
23
92
89
33
-50
41
85
-30
-7
-26
63
82
-16
-82
-95
-15
-75
-2
92
-75
36
35
2
89
-86
-92
77
19
-21
-71
74
-90
-72
-37
-6
-83
62
21
-66
-56
40
6
34
14
-80
7
-53
-58
-84
8
-76
77
13
43
-22
-96
33
-7
-57
51
-58
-82
-41
-23
-61
40
5
-99
32
5
35
-69
56
76
-85
-54
54
49
29
-59
91
-23
-79
-40
24
-91
-91
-89
50
-50
-47
46
73
30
-31
36
66
-7
-65
-15
96
61
-46
50
-76
-69
45
61
-42
86
-15
77
4
-14
-90
-11
-10
-7
52
34
36
-44
65
-37
-56
-37
78
72
38
27
19
57
-26
66
-21
-80
61
-80
55
21
78
-78
35
-50
-97
-8
-24
-87
-92
-49
-22
-80
-62
-71
18
100
26
15
1
97
-19
39
15
6
-68
75
-88
58
-72
95
98
93
-81
-53
-49
-32
-49
34
72
-10
-38
-95
-27
57
-84
9
-83
-11
99
-42
-98
-10
-4
8
-5
37
-42
15
92
-4
-14
-23
-63
-35
-22
66
71
24
-18
-73
39
83
-73
-2
-33
0
-46
-23
-92
-62
84
-60
26
-89
95
-67
-83
42
76
-91
-32
37
-99
-71
62
-71
-75
35
-39
-44
-20
-65
-24
79
-64
-29
-21
61
-89
19
-30
-34
-99
-19
98
-59
-84
-98
-40
34
47
-75
79
79
36
-83
42
-89
9
-100
-43
54
1
-56
69
75
58
71
-29
55
18
-1
56
-9
65
-94
-48
87
-95
77
-49
-24
70
-64
-74
-4
-20
17
6
-33
65
5
-17
-62
39
94
-97
-89
69
-22
-86
29
-14
-40
23
-43
56
-53
-87
58
-31
29
87
-73
-20
50
99
-67
95
100
-17
-4
-47
13
4
92
-65
-72
19
-86
-81
-19
66
18
-6
2
94
68
39
-13
-81
50
-6
100
38
-100
54
-14
-55
-72
74
56
72
-10
-66
77
62
39
-83
43
-40
-21
-70
88
-52
5
-83
-26
-14
77
-76
81
66
62
16
-29
14
-76
-40
-79
45
23
62
-81
-74
57
-5
-65
27
21
40
-75
-16
-12
-50
-100
-53
-20
96
-48
80
-9
-59
10
-77
24
86
91
-83
44
70
-45
-82
20
41
-50
-97
60
-29
78
15
-10
2
98
91
15
63
6
-47
37
-92
-85
-38
86
95
-79
-54
-76
77
-11
60
-74
88
79
-94
46
-56
-5
30
90
-20
59
-22
-10
-39
95
99
71
79
-60
24
56
-66
-97
-100
-43
-95
78
38
58
90
1
24
-68
-48
-83
-91
90
-93
71
44
-70
-98
26
18
-25
-29
35
-69
-5
80
40
45
15
27
-40
7
-26
30
-39
41
-44
-29
27
-23
-94
26
-71
-37
-65
48
35
-28
-69
86
25
-92
-10
71
56
39
-48
-76
51
-52
8
81
1
74
63
-75
-59
24
34
100
96
35
95
-49
10
-14
-98
71
81
23
57
13
-41
23
-30
-61
40
-13
79
20
-63
-85
41
-37
95
68
71
53
-74
-73
18
7
-21
-5
-34
6
-97
-79
56
90
6
-25
94
43
-63
48
-26
-6
-51
30
-9
85
-58
23
-89
-27
96
51
-38
-35
0
75
-83
-70
97
-40
-59
-49
7
-46
58
33
37
-49
44
15
-89
-32
-91
-76
-48
-8
-38
87
-54
-71
-14
14
-5
90
-42
-65
47
-64
-3
30
-72
87
-68
-60
64
30
-84
-39
68
-35
-71
77
-80
-38
30
74
71
-84
95
-5
-44
72
29
86
67
-37
-17
20
56
-91
77
-11
14
57
-47
89
-67
80
91
0
52
24
-49
-56
-32
-27
-87
65
25
76
-32
6
36
-18
-28
63
36
13
-44
-6
65
93
38
-49
7
26
-100
-12
-13
68
-72
7
72
-93
-15
48
-21
53
-65
62
-5
49
76
87
-95
-11
-21
-7
8
69
-20
-61
37
49
50
-83
-21
2
-20
-21
-31
73
87
2
44
32
49
-32
21
-56
-91
-62
-1
-48
-53
-11
-68
96
-38
76
97
-76
-26
-1
65
-3
-18
-31
-85
-27
-95
-94
-66
-94
37
-16
-11
30
85
-31
-90
55
90
-13
10
94
91
90
-39
-37
63
-38
-43
-65
19
23
-99
93
-12
-52
-7
-5
-27
-98
-55
26
59
14
10
15
-94
-21
63
97
-50
61
5
49
-59
16
-15
-17
35
-60
-51
-47
-25
53
-66
-25
86
-19
5
13
-67
1
-11
36
77
-12
-38
93
-44
-81
-35
77
38
64
-13
-45
98
87
-17
17
56
-3
-53
55
30
-17
6
-77
-30
65
-27
-38
13
81
96
-19
16
-74
-34
-91
-67
21
64
-50
-47
79
-96
63
-46
49
57
-65
97
-83
75
8
-89
26
-14
-72
-40
42
-12
32
80
-21
-29
-99
-15
-17
-42
88
55
-76
-19
-79
97
77
38
64
61
-78
-21
-2
0
-23
-63
20
-99
-72
-18
-65
-82
-1
-18
-71
90
-16
56
28
-21
-15
30
-11
-37
-30
9
83
74
8
-98
-64
77
-27
41
73
-24
-60
-20
-67
72
52
-49
48
64
17
64
-26
-79
18
4
-48
-36
-99
32
19
-52
-30
-61
-17
-44
-82
-41
79
35
-82
-16
-85
42
52
-1
-73
80
-96
-14
83
-90
62
-67
83
-44
-63
23
17
20
-4
67
-79
71
69
-84
-51
-80
69
89
38
-93
-7
-53
10
63
-74
71
0
-50
83
97
61
-97
35
66
91
86
-61
-22
-68
80
62
27
-48
-8
5
-57
88
-16
11
-24
17
88
-22
-46
-83
-6
-71
-82
72
82
-83
67
-14
6
-85
12
29
9
61
27
-79
41
-56
31
77
-9
-66
-21
5
5
81
8
-85
23
79
-71
-100
24
54
43
-41
-22
-32
29
-53
67
14
-40
-15
59
-11
-16
47
-95
-59
-76
-79
12
54
-71
24
-8
-61
-46
-35
-4
72
11
63
5
-89
-26
-75
85
95
35
92
24
-35
43
-31
-40
87
77
-27
76
-6
-60
-25
90
87
13
37
-30
7
-76
64
76
44
84
-63
-86
43
39
-53
24
-3
-67
15
-58
-55
-72
27
-19
43
-15
-97
89
74
21
-96
-97
-8
59
31
-63
14
-65
10
28
-71
-47
32
-50
-11
-36
64
14
0
54
41
86
-92
-28
-75
-84
32
-62
-77
57
-86
-74
-64
-59
91
11
61
-77
70
-80
43
73
31
-31
-15
-96
-11
-24
40
1
-15
56
58
-6
24
94
95
-96
-50
-27
-48
81
-85
84
66
9
97
-89
97
-90
7
38
32
-48
-59
-83
-34
79
30
85
-5
2
95
16
-68
65
-74
-88
-56
-28
-85
51
0
-56
-69
17
3
37
-38
-91
-19
-18
-49
79
-56
21
2
57
32
-91
33
53
-20
68
80
-63
52
86
0
-23
12
76
39
-94
73
86
-45
-8
7
-66
-99
-21
-25
-22
57
-62
-73
58
-85
-90
31
16
-33
-97
61
73
51
76
-85
66
-57
36
-76
-66
-81
-40
67
-27
-31
-21
-36
92
9
81
19
-97
-6
-8
-59
-73
-100
1
-10
-94
60
-30
-42
-74
-35
28
-95
-85
-45
-88
12
64
-26
-24
-98
50
18
-15
46
95
75
19
57
81
4
-24
-64
-84
-36
4
88
94
-15
-79
65
-97
95
35
-91
98
-25
18
83
84
-50
22
60
31
-81
-14
-30
51
78
-93
93
37
-90
-53
-19
59
13
-56
68
46
11
7
78
22
60
25
-30
-81
-41
49
-48
-86
89
-29
69
-29
-94
14
45
-86
-81
55
-76
100
28
83
9
21
-85
47
69
-20
15
-23
-38
-23
32
-36
-91
-99
-30
66
-46
19
74
-21
70
-18
-93
76
-39
-83
-1
-46
92
63
84
-85
64
9
-96
56
42
12
-48
-91
11
-15
-41
59
38
-17
-45
-30
52
62
73
1
53
21
-22
39
46
-45
-41
-63
-56
-34
-6
-35
-39
-84
2
75
0
69
22
-37
9
79
100
41
-53
5
-85
3
9
-47
43
99
74
-59
-96
-24
15
45
-36
-26
92
-22
-35
91
-14
-86
65
-86
-31
-46
-1
-12
25
-23
18
-55
-99
54
66
64
-44
87
4
12
62
-4
-4
4
-49
65
20
-97
-11
-51
-93
-50
21
83
85
10
-25
69
-12
-33
-31
-93
-90
95
-4
-79
90
-34
-2
13
-81
32
-49
-62
4
38
23
-52
-43
-69
12
42
-63
-10
29
-12
41
-30
-53
7
-36
-88
-69
-80
68
-55
59
-56
60
-99
-43
46
65
-47
-35
-16
-55
-41
-22
86
83
-98
20
-34
-79
21
-29
-54
-58
46
-46
80
55
61
17
53
-91
5
69
-6
17
2
-50
-75
-63
-67
62
-52
-91
21
-33
-31
-62
35
54
80
93
-92
-4
-15
-32
-19
55
-92
-57
87
-10
-18
-87
22
94
-72
65
-48
-39
-62
57
-64
25
80
-82
69
27
6
-52
60
-20
88
60
-23
9
-15
-68
27
39
2
44
-60
-27
2
11
19
-18
49
-63
65
-8
-57
-15
83
-44
97
91
-51
30
42
59
87
-58
-7
-92
39
-70
51
33
0
94
-1
-44
-39
56
-41
-39
-32
72
-63
-51
98
-79
72
24
-23
-66
62
-45
23
-30
-29
85
-13
-26
-45
67
-48
63
95
77
41
35
37
-60
28
54
74
97
41
66
53
3
55
46
-64
-77
-58
-45
-55
-34
-14
-3
-83
-8
28
-3
28
90
-21
-91
-36
-33
-35
38
-62
-19
-93
27
57
22
-41
-47
27
23
-8
58
37
91
-54
-75
75
72
56
27
47
13
4
-83
-96
-3
4
-65
-95
-79
-77
40
-36
23
73
-50
-57
26
19
59
2
-33
-2
-92
-1
80
-21
40
77
61
39
-19
-71
38
16
-13
-58
66
94
-67
40
6
70
-28
-17
-43
62
-3
71
62
39
21
48
55
-16
66
57
17
76
-26
-27
14
81
-30
46
-97
66
100
98
-6
25
22
90
-80
16
52
-42
26
-52
53
52
-60
83
6
96
-40
-40
8
56
19
-42
-74
65
-65
80
23
24
-34
31
59
-16
-74
-39
48
22
91
97
-10
77
-2
80
-27
-94
-94
-34
68
22
72
12
-63
-85
77
-1
78
-2
-70
36
24
-14
-67
-42
-28
35
55
-39
80
-27
-30
55
94
71
-20
83
-69
-42
-55
-22
-77
-15
-99
-85
45
14
92
-2
-39
6
-10
10
14
-13
-3
7
80
-10
-80
15
80
75
-36
16
36
35
-43
93
-30
-41
92
8
-6
98
-23
-3
-33
-60
7
-1
97
61
-38
83
62
-70
-78
24
83
75
73
89
1
39
-90
-6
90
62
43
42
93
-18
-10
-62
95
-38
-84
-52
-76
-69
-98
30
-46
72
-36
32
-78
-95
95
-67
-54
-16
-95
68
-36
-66
-9
7
-3
-32
17
36
-75
-48
32
-31
36
-69
-24
37
-2
5
-34
-27
27
46
-47
-73
-97
-56
4
35
68
-99
-20
38
42
23
-16
80
-30
54
-37
0
78
-8
85
-59
-27
5
64
21
51
42
63
77
17
-49
59
-92
-36
29
-80
-92
-28
-24
54
41
67
53
-74
84
-93
-19
-22
-6
50
-71
28
-42
-43
-22
12
-63
53
28
-3
-47
32
-82
-68
-13
-37
34
-78
26
72
8
64
23
-3
9
43
32
3
-15
80
86
16
-55
17
-80
89
-84
-98
-41
-68
84
-63
92
14
98
9
38
33
-18
-1
-45
-49
-57
-55
-60
40
-19
55
95
-52
61
-66
18
-36
17
-23
-99
-95
2
33
-69
-80
-83
16
-62
42
-20
-88
10
40
-66
60
-29
-30
-67
-66
-60
27
-15
95
47
-19
10
-86
-32
-50
24
51
-63
-85
-5
25
-37
-73
29
52
-100
100
50
-59
40
37
-13
-96
11
47
-31
-94
-78
-23
21
-9
-88
-48
13
-24
92
-5
-84
-12
28
-53
10
82
96
-72
1
25
58
84
-66
-91
34
50
-2
39
14
-15
-80
17
53
46
9
-93
-76
80
-32
-26
-33
26
6
40
34
6
28
-38
-44
77
-82
77
-67
46
86
-24
2
-57
83
-26
-15
90
-15
15
-39
-62
-20
-60
-31
-43
-65
83
57
-9
-85
46
39
-41
-38
94
-96
-81
72
-72
47
-12
-30
-74
67
20
-66
29
-18
6
-77
-60
6
16
-23
68
10
-81
-89
32
3
-9
-76
61
-1
52
-63
-57
7
-38
11
76
94
18
16
-54
-59
-53
29
-73
80
7
-70
-10
89
45
15
-13
98
15
16
37
2
11
16
-35
0
39
79
-67
-33
-60
-80
34
56
-86
50
16
-3
-59
-29
-4
-22
73
-90
-58
81
21
20
55
-49
-52
-31
-59
39
-74
16
51
-63
8
86
68
-52
-96
-42
-2
-59
75
-48
-67
-51
-34
-19
24
67
79
-64
-8
-72
38
-30
64
63
81
-42
-52
-76
67
-61
32
-20
-99
-89
-46
18
-80
96
-50
13
59
-99
20
96
31
-79
61
22
-9
32
-71
85
12
-67
3
-16
1
87
-34
82
-68
76
30
38
51
94
-81
55
26
-97
-98
-53
23
82
78
71
90
15
92
60
43
34
29
-87
11
-29
-44
5
18
21
-2
95
62
-72
57
-11
-11
23
-42
-93
57
-97
5
-99
94
68
54
36
94
37
-42
-33
-25
-84
-12
-32
38
-93
-68
15
3
-82
32
70
59
81
91
-20
-43
-39
-21
-19
97
-3
-69
-57
-84
61
52
-58
65
64
26
97
-67
62
40
-32
-60
-30
38
36
23
-3
56
20
80
-100
79
49
7
-66
7
65
68
5
57
50
-85
87
-84
12
-84
11
-71
-36
-58
-100
47
48
35
28
-71
95
-22
89
94
-96
-14
-82
3
-92
54
-13
-33
31
-59
2
30
-93
9
3
-3
82
-79
81
-36
-1
63
52
3
-22
85
19
6
18
-11
-73
64
-75
-19
77
12
-90
-67
3
-40
-25
-85
58
44
-93
-92
-39
67
96
55
91
-27
-10
-74
37
-11
-54
-39
-4
74
16
98
-83
47
-48
32
-59
95
29
92
-35
-24
49
19
62
38
88
76
48
-99
-38
91
-70
-93
82
-33
45
-5
-50
6
91
-72
-14
2
13
-97
-1
-60
46
28
-67
61
77
27
42
-30
96
60
34
-100
-92
4
-81
23
32
100
35
59
-45
7
52
12
-88
-87
34
-10
11
63
-12
-95
-86
62
82
-6
-88
-23
-14
68
27
-99
100
-1
-97
51
-58
-96
9
46
-1
59
-76
76
-100
76
-73
-95
-15
97
-44
-90
97
-95
-89
-7
-28
-64
48
-94
0
30
38
-81
58
-30
-7
71
-32
-43
-92
-5
34
20
-65
-99
-4
26
86
48
-5
-70
-57
-41
78
-77
46
9
-56
58
-73
26
-53
-40
43
-9
28
-45
57
-54
47
-64
70
15
5
26
66
59
35
59
0
-89
84
74
-35
24
72
-42
-10
-95
-68
18
-78
29
36
90
91
-14
-63
92
-27
-64
-74
53
-8
-27
-48
52
-24
-84
31
-25
-28
98
82
-44
-92
13
-7
-9
-57
-12
-23
-15
-50
100
19
97
50
24
1
-72
-41
-36
92
-5
50
22
99
13
-73
50
10
-3
5
-23
-34
-25
18
-74
-39
24
58
-48
87
-46
-100
5
-37
1
-59
95
90
-35
-91
96
-64
95
-12
-94
-44
-77
100
-11
-97
-14
-88
-21
73
66
-36
-14
-69
-68
-33
-81
-19
58
0
24
-46
96
-64
-32
61
-79
-21
-91
-53
50
63
27
-95
77
-91
19
-65
32
-34
-62
38
14
89
77
-39
-2
41
11
-74
52
93
7
69
-80
-8
-100
-84
-9
-25
89
-37
-80
-22
-89
-69
-91
-21
42
86
86
82
92
-19
66
-64
92
-89
98
37
19
98
27
6
6
-46
50
84
-12
-8
1
34
87
76
36
14
43
50
-14
57
-94
-30
7
39
66
70
-87
46
-29
57
-5
-93
10
-89
-9
76
92
-68
-83
-71
99
-42
0
91
-44
-37
-66
-71
37
-14
68
-12
74
-75
-39
89
-31
-8
-65
100
13
-83
54
96
-19
-55
8
20
50
12
99
-74
56
66
90
42
92
39
6
19
9
-26
1
-54
-18
70
-77
50
-82
-59
22
-58
-12
81
91
-77
-30
-94
78
-34
-20
23
51
-75
-20
-67
91
47
-64
-41
-51
-79
-16
-57
-50
37
23
-51
-33
-84
84
36
-62
-16
-31
-10
-70
-82
-22
-2
-36
79
-80
53
-69
52
40
-3
-6
-93
-30
75
-86
-49
43
60
92
-88
-94
-10
66
50
21
98
-69
-71
-80
-51
-99
14
44
-21
89
-77
17
12
-80
-47
50
-27
-74
26
-94
67
61
-64
-69
-26
-74
-45
10
54
-8
-85
65
84
-75
68
37
59
11
-28
76
-19
-94
41
-28
-16
93
-11
-44
-82
90
-13
-10
-51
85
88
-80
50
32
-7
54
40
-33
38
66
-64
-76
-20
12
30
91
61
98
39
27
-1
87
-94
-59
69
-18
52
59
59
-55
-1
78
62
91
60
-31
81
92
27
60
-47
0
-5
-36
55
18
-77
-62
-86
81
-16
-47
48
-76
62
-84
-100
91
61
16
96
91
-91
75
-65
-81
1
-65
-56
80
-1
41
72
78
3
-98
-25
55
-59
-39
-11
-74
-32
100
53
56
-26
5
69
89
-79
63
58
3
-73
51
-40
0
46
-66
69
29
-86
-46
52
32
78
72
24
45
-79
15
27
-87
56
72
-42
57
-37
35
83
58
-15
-99
-98
-47
-65
-62
-3
17
72
-36
6
50
71
-33
-4
-99
-27
-66
-70
-55
-48
29
56
-73
5
-6
47
46
93
84
-29
-21
-65
50
80
23
-57
74
89
-5
25
-36
-68
12
25