-1000
-999
-998
-996
-995
-994
-994
-988
-988
-987
-984
-982
-982
-981
-981
-980
-978
-976
-975
-975
-973
-972
-969
-967
-965
-964
-964
-963
-963
-961
-961
-961
-960
-959
-958
-954
-953
-951
-951
-949
-945
-941
-939
-937
-935
-931
-929
-927
-925
-924
-923
-921
-921
-916
-915
-914
-911
-910
-904
-903
-899
-899
-896
-891
-887
-885
-885
-882
-879
-879
-876
-873
-871
-868
-867
-867
-867
-866
-862
-861
-859
-856
-854
-850
-847
-846
-844
-841
-839
-838
-838
-834
-824
-824
-822
-821
-819
-818
-817
-815
-814
-809
-806
-805
-801
-799
-798
-794
-791
-790
-789
-788
-787
-785
-783
-778
-776
-775
-773
-769
-768
-765
-762
-758
-758
-756
-751
-751
-749
-749
-747
-747
-746
-738
-738
-737
-734
-734
-732
-732
-730
-729
-727
-726
-726
-723
-720
-719
-714
-711
-709
-708
-702
-701
-700
-700
-695
-693
-691
-685
-684
-681
-680
-680
-677
-676
-676
-672
-671
-671
-671
-670
-669
-662
-662
-661
-660
-660
-660
-659
-658
-654
-652
-651
-646
-645
-645
-642
-641
-641
-640
-636
-634
-632
-631
-627
-626
-625
-622
-621
-620
-617
-617
-614
-613
-611
-610
-609
-608
-608
-608
-605
-605
-603
-603
-598
-598
-597
-596
-596
-595
-594
-593
-592
-591
-589
-589
-587
-586
-583
-582
-575
-574
-572
-572
-572
-571
-568
-568
-563
-562
-562
-562
-562
-562
-561
-558
-558
-556
-550
-545
-544
-544
-539
-538
-533
-531
-529
-528
-527
-523
-517
-513
-512
-511
-511
-509
-500
-499
-496
-495
-488
-484
-481
-478
-477
-477
-474
-473
-473
-472
-470
-469
-466
-461
-459
-457
-455
-455
-450
-448
-446
-442
-440
-439
-438
-437
-436
-435
-429
-428
-428
-428
-425
-424
-420
-420
-417
-415
-413
-413
-412
-411
-410
-406
-404
-402
-401
-400
-399
-396
-396
-395
-395
-394
-393
-392
-391
-389
-385
-385
-384
-379
-377
-370
-369
-367
-363
-363
-362
-359
-357
-357
-356
-356
-356
-352
-348
-342
-340
-340
-338
-336
-335
-332
-327
-326
-321
-320
-319
-310
-309
-308
-301
-300
-298
-292
-291
-289
-288
-285
-282
-280
-278
-277
-273
-272
-269
-267
-265
-264
-260
-259
-258
-253
-252
-250
-244
-244
-244
-242
-241
-241
-240
-239
-238
-234
-233
-232
-232
-231
-231
-230
-228
-226
-225
-225
-221
-218
-213
-211
-210
-209
-205
-199
-197
-194
-192
-189
-188
-186
-183
-179
-178
-178
-173
-160
-160
-159
-158
-158
-158
-157
-155
-155
-152
-152
-148
-145
-144
-142
-141
-140
-139
-138
-132
-131
-129
-126
-126
-125
-125
-123
-117
-114
-114
-112
-112
-111
-111
-110
-110
-107
-106
-103
-102
-99
-98
-97
-96
-95
-94
-94
-93
-93
-93
-92
-90
-89
-88
-87
-87
-86
-85
-84
-83
-81
-79
-73
-71
-67
-61
-59
-54
-51
-50
-48
-48
-47
-44
-42
-42
-40
-35
-35
-33
-32
-27
-27
-24
-23
-22
-16
-14
-10
-8
-4
-1
2
3
4
4
5
5
7
7
7
9
10
11
12
12
12
12
15
18
18
20
22
23
27
33
34
38
38
40
46
46
47
48
49
49
51
52
55
55
56
57
63
65
67
67
68
71
71
73
74
75
81
85
87
88
89
89
89
91
94
96
101
103
103
104
105
105
108
112
113
117
122
122
123
128
131
136
136
142
149
149
155
157
159
163
164
165
171
171
173
173
173
174
174
176
177
177
181
184
185
186
186
189
195
197
199
202
202
203
203
207
208
213
218
222
222
224
227
231
232
237
240
241
241
241
247
248
248
251
252
253
264
264
266
266
266
267
268
268
268
272
274
275
276
276
279
283
285
287
289
291
295
296
297
304
305
307
319
320
323
324
327
328
328
328
334
335
335
335
337
341
342
344
345
347
347
348
350
351
356
357
357
358
359
360
363
365
365
372
374
376
385
387
389
392
392
392
393
395
396
396
398
401
403
406
408
408
410
413
414
416
417
418
420
421
421
424
425
426
428
430
430
434
434
439
441
441
443
444
445
445
447
448
450
453
456
456
459
462
464
465
466
469
469
470
472
472
474
476
476
479
481
486
488
492
496
498
499
500
502
505
506
509
509
509
509
510
510
515
519
521
522
524
527
530
530
537
539
544
544
546
549
551
554
556
559
560
563
564
565
566
566
570
572
575
576
581
581
582
583
587
588
591
595
605
607
609
609
609
614
615
617
617
617
621
624
628
628
634
644
652
653
658
661
661
662
663
663
663
664
665
668
669
670
672
672
676
676
677
681
681
685
686
691
694
696
697
698
699
703
706
707
707
710
712
722
728
734
737
747
750
755
758
759
759
761
764
764
765
768
768
770
770
774
777
778
779
780
781
787
789
789
790
790
792
796
800
807
810
811
820
823
827
830
833
834
837
838
840
848
848
851
852
853
854
855
858
859
860
861
863
865
866
866
868
869
870
872
878
884
885
886
887
887
889
889
890
893
893
897
898
900
900
900
904
906
908
911
914
918
923
924
929
929
934
936
937
937
937
940
940
941
942
944
946
949
949
950
951
952
954
959
960
972
976
977
978
979
980
983
987
987
989
989
990
991
993
994
997
999
1000
1000
1000