-1000
-996
-995
-994
-991
-990
-988
-983
-979
-978
-974
-973
-969
-967
-964
-963
-962
-960
-955
-955
-954
-953
-949
-948
-948
-946
-946
-944
-942
-938
-936
-931
-930
-925
-925
-923
-922
-921
-920
-917
-917
-913
-912
-911
-910
-910
-903
-897
-895
-893
-892
-889
-886
-885
-884
-882
-878
-875
-872
-868
-866
-864
-863
-861
-861
-859
-859
-858
-857
-857
-856
-853
-853
-850
-847
-845
-842
-839
-839
-837
-837
-837
-835
-831
-830
-826
-819
-817
-809
-809
-807
-807
-805
-805
-804
-803
-801
-800
-797
-795
-794
-790
-786
-785
-778
-771
-768
-767
-766
-766
-764
-763
-763
-758
-754
-754
-750
-746
-744
-738
-738
-730
-726
-721
-720
-718
-717
-716
-714
-711
-711
-709
-709
-707
-706
-706
-704
-703
-701
-697
-696
-696
-694
-694
-690
-690
-687
-687
-685
-685
-685
-683
-682
-678
-674
-671
-670
-669
-668
-666
-665
-665
-664
-661
-660
-660
-658
-653
-652
-646
-643
-643
-640
-632
-631
-625
-625
-624
-624
-620
-619
-614
-613
-613
-612
-612
-611
-609
-609
-607
-601
-600
-599
-599
-596
-595
-594
-593
-591
-590
-588
-586
-585
-581
-580
-580
-577
-576
-576
-573
-573
-570
-570
-565
-564
-563
-561
-559
-551
-548
-546
-544
-544
-542
-540
-538
-537
-536
-535
-532
-531
-529
-529
-522
-520
-514
-513
-512
-510
-508
-505
-503
-503
-496
-489
-482
-481
-481
-479
-474
-472
-472
-471
-469
-469
-465
-464
-459
-452
-449
-446
-445
-442
-441
-430
-428
-423
-418
-417
-417
-414
-414
-413
-413
-409
-408
-407
-407
-406
-406
-405
-402
-399
-399
-397
-395
-394
-389
-388
-387
-386
-384
-383
-382
-381
-379
-378
-374
-371
-371
-371
-371
-369
-368
-368
-366
-366
-365
-362
-361
-357
-357
-356
-349
-348
-348
-347
-347
-346
-345
-344
-343
-337
-336
-333
-329
-328
-325
-323
-323
-320
-316
-316
-313
-311
-309
-308
-307
-304
-303
-295
-294
-292
-289
-288
-284
-283
-279
-279
-279
-275
-275
-272
-269
-269
-267
-266
-266
-265
-265
-264
-263
-261
-260
-259
-256
-255
-255
-254
-253
-245
-241
-236
-235
-232
-230
-230
-229
-227
-227
-219
-218
-217
-216
-212
-208
-206
-202
-200
-199
-198
-195
-192
-192
-190
-183
-177
-175
-171
-169
-168
-168
-165
-158
-158
-156
-156
-155
-151
-150
-149
-149
-148
-147
-146
-143
-142
-139
-139
-138
-138
-137
-136
-135
-132
-131
-127
-127
-124
-123
-123
-122
-120
-118
-114
-114
-112
-110
-110
-109
-109
-109
-101
-101
-100
-95
-95
-93
-92
-79
-77
-72
-69
-68
-67
-63
-61
-61
-59
-53
-53
-52
-50
-46
-46
-45
-44
-39
-39
-36
-32
-31
-30
-27
-19
-19
-18
-14
-14
-9
-9
-8
-7
-3
1
1
4
4
6
8
11
11
12
14
14
14
15
16
18
19
22
23
24
24
25
26
27
31
40
41
43
43
44
44
48
49
50
50
53
53
57
60
62
63
64
64
64
68
70
72
73
74
74
76
76
76
78
79
81
83
83
84
88
88
91
91
95
98
103
105
105
108
113
116
119
120
122
122
122
123
130
141
141
142
143
147
148
150
151
151
153
155
156
157
157
157
161
162
162
167
168
170
170
171
175
175
177
181
181
181
182
182
184
184
185
192
192
194
194
195
197
199
201
202
204
212
217
218
218
221
223
223
227
228
228
229
230
231
232
233
234
235
240
246
247
248
248
248
248
251
253
256
256
258
263
264
265
265
266
267
267
268
269
269
270
271
272
278
278
286
286
290
291
295
300
300
302
303
306
311
312
316
316
317
318
321
321
322
324
325
327
329
330
332
333
336
336
342
345
346
347
349
350
354
355
356
358
358
359
360
362
362
365
366
368
371
376
376
376
378
387
387
390
391
393
393
393
395
395
404
406
408
408
411
416
422
423
423
427
429
432
435
438
438
439
440
442
442
443
449
450
451
459
460
461
463
465
466
468
470
474
475
476
477
477
477
483
489
490
491
491
493
495
498
499
499
501
501
503
506
507
508
509
512
513
514
515
517
519
520
523
525
532
532
536
536
537
537
543
544
554
559
561
562
563
564
566
566
567
570
570
572
576
578
578
579
581
583
585
585
586
587
588
589
591
594
594
595
600
603
606
607
609
610
612
616
618
619
622
622
624
624
624
625
628
629
632
633
634
636
636
636
648
652
654
657
659
661
661
662
665
666
667
669
675
676
679
680
682
683
688
695
696
697
700
701
701
703
704
706
709
711
713
715
719
720
722
726
727
727
732
734
743
743
744
746
747
748
748
752
754
754
757
758
758
759
763
764
766
767
771
773
774
774
779
780
782
784
785
790
791
792
794
807
814
814
814
817
818
818
819
820
820
821
824
826
831
834
835
836
836
838
838
840
845
845
845
849
850
854
856
857
857
858
862
864
866
869
870
872
872
877
878
879
879
880
882
885
886
887
893
893
901
904
907
907
908
908
909
913
917
917
917
920
920
922
922
924
928
928
931
933
934
939
943
944
945
945
947
950
950
952
956
964
965
965
968
970
972
972
976
977
978
987
991
993
994
996
997
997