-996
-996
-993
-993
-993
-990
-989
-987
-985
-984
-983
-982
-981
-979
-976
-975
-974
-968
-967
-967
-966
-965
-965
-964
-960
-953
-952
-949
-948
-948
-946
-945
-943
-943
-942
-942
-936
-933
-928
-927
-926
-926
-923
-920
-917
-914
-913
-908
-906
-903
-901
-898
-896
-892
-892
-890
-887
-886
-879
-877
-877
-876
-876
-876
-874
-873
-872
-871
-870
-861
-861
-859
-858
-856
-854
-853
-853
-853
-850
-848
-843
-837
-836
-836
-834
-833
-826
-823
-822
-820
-819
-812
-811
-808
-808
-806
-805
-805
-805
-804
-804
-802
-799
-798
-794
-792
-790
-790
-790
-788
-788
-786
-779
-778
-778
-773
-770
-770
-767
-767
-766
-765
-764
-763
-761
-757
-756
-752
-751
-748
-745
-743
-738
-732
-727
-725
-723
-723
-722
-721
-720
-719
-715
-714
-711
-710
-708
-707
-707
-706
-706
-704
-702
-701
-697
-692
-691
-691
-688
-685
-679
-676
-674
-673
-668
-668
-662
-659
-654
-653
-648
-648
-646
-645
-643
-640
-640
-639
-638
-635
-634
-630
-629
-628
-626
-625
-625
-623
-622
-620
-619
-612
-612
-612
-606
-604
-603
-602
-602
-601
-598
-597
-597
-597
-595
-591
-588
-585
-583
-582
-581
-580
-576
-576
-575
-575
-574
-574
-574
-574
-570
-568
-567
-566
-565
-565
-564
-562
-557
-557
-555
-554
-547
-547
-546
-546
-546
-543
-543
-541
-541
-540
-537
-536
-528
-527
-526
-520
-517
-517
-516
-512
-510
-510
-508
-507
-505
-504
-504
-500
-499
-492
-491
-490
-488
-487
-487
-484
-482
-480
-466
-465
-456
-456
-453
-451
-451
-448
-445
-444
-443
-443
-439
-436
-430
-430
-429
-428
-428
-425
-425
-420
-416
-415
-414
-411
-410
-409
-408
-408
-405
-403
-402
-402
-402
-400
-399
-398
-397
-397
-396
-391
-390
-390
-388
-387
-387
-384
-378
-378
-376
-372
-371
-369
-366
-363
-360
-359
-357
-353
-350
-350
-349
-345
-345
-344
-334
-330
-329
-326
-326
-325
-325
-322
-319
-317
-315
-310
-309
-307
-305
-304
-302
-297
-296
-294
-293
-291
-289
-289
-288
-286
-285
-284
-284
-284
-281
-281
-280
-279
-277
-276
-274
-273
-272
-268
-259
-257
-255
-253
-251
-244
-242
-242
-239
-239
-239
-237
-236
-236
-235
-235
-235
-232
-232
-230
-227
-226
-225
-223
-221
-221
-218
-217
-217
-216
-215
-214
-214
-213
-207
-206
-200
-197
-196
-195
-195
-194
-194
-193
-192
-191
-190
-189
-188
-188
-183
-183
-181
-181
-177
-177
-175
-174
-172
-171
-169
-162
-159
-156
-152
-151
-147
-144
-141
-137
-136
-132
-128
-128
-126
-126
-125
-118
-117
-114
-114
-112
-112
-112
-111
-108
-107
-103
-102
-102
-101
-99
-96
-87
-87
-87
-86
-83
-83
-82
-82
-82
-81
-80
-80
-79
-79
-78
-76
-75
-71
-69
-69
-68
-68
-66
-66
-62
-59
-54
-52
-51
-51
-50
-40
-40
-39
-37
-35
-33
-32
-32
-31
-29
-29
-27
-24
-22
-22
-19
-16
-16
-14
-14
-13
-6
-6
0
2
3
4
4
4
4
7
7
8
14
14
15
15
15
17
18
21
22
22
23
25
26
27
28
30
31
32
33
36
38
42
45
51
52
57
67
68
74
77
77
80
81
83
84
85
88
89
90
90
91
92
97
99
101
101
101
101
102
102
103
106
109
113
114
115
117
120
123
126
128
129
129
130
130
131
132
133
133
134
135
137
138
139
143
144
148
148
149
150
150
157
158
158
162
162
162
163
165
165
168
169
170
170
178
180
184
184
185
185
190
190
191
192
192
198
199
199
201
204
207
210
210
212
217
218
218
221
224
232
244
244
247
247
252
255
255
256
268
272
274
274
280
285
285
290
292
293
294
296
297
300
301
303
304
305
306
308
308
311
316
319
319
320
323
326
327
327
331
333
333
333
340
344
345
346
347
354
355
355
356
362
366
369
369
370
375
375
375
378
382
387
390
391
392
392
395
396
397
398
399
400
405
408
409
410
411
412
412
413
413
419
423
431
434
435
436
437
446
448
452
453
455
457
458
459
460
460
460
462
463
463
467
468
469
470
472
473
476
477
479
482
482
486
486
487
490
492
495
496
501
509
509
510
510
511
511
514
520
522
527
531
532
533
536
538
539
540
544
546
556
557
558
561
566
567
570
571
572
572
572
572
573
578
582
583
584
589
590
591
592
593
596
597
599
599
603
604
606
607
610
613
613
615
619
619
622
623
626
626
627
631
632
635
644
645
646
647
648
650
652
652
654
655
655
657
659
661
663
672
674
678
678
680
684
686
686
690
691
692
698
699
700
700
701
706
707
709
712
715
715
716
716
721
723
725
733
735
737
739
740
740
742
746
747
753
754
754
755
755
758
759
760
763
769
773
782
783
788
789
789
791
791
795
795
799
802
809
810
810
811
813
815
816
818
820
823
825
825
825
828
831
835
836
837
837
841
843
844
844
845
849
853
858
858
859
860
860
864
865
865
869
881
882
885
885
886
895
900
900
906
912
913
914
917
917
918
919
919
921
923
923
923
925
930
932
934
936
936
941
942
945
949
950
951
952
959
962
962
965
968
969
971
973
974
975
978
980
982
985
988
988
992
992
996
997
1000