-999
-997
-996
-993
-992
-990
-986
-985
-983
-982
-979
-979
-977
-975
-974
-974
-972
-972
-970
-970
-966
-965
-961
-959
-957
-953
-953
-950
-948
-947
-947
-945
-945
-943
-943
-938
-934
-932
-928
-926
-925
-923
-922
-922
-921
-919
-919
-912
-911
-909
-908
-907
-906
-905
-902
-902
-896
-895
-894
-893
-891
-889
-889
-887
-884
-883
-881
-880
-877
-876
-875
-874
-874
-873
-870
-867
-867
-866
-865
-863
-862
-862
-862
-859
-859
-857
-855
-852
-849
-849
-848
-848
-848
-845
-845
-844
-843
-842
-838
-834
-833
-831
-830
-828
-827
-827
-820
-815
-814
-814
-812
-811
-810
-805
-804
-800
-797
-796
-796
-796
-794
-790
-787
-786
-782
-781
-781
-777
-776
-775
-767
-766
-765
-760
-759
-759
-759
-756
-754
-754
-752
-749
-748
-747
-744
-743
-738
-733
-730
-730
-727
-724
-723
-723
-722
-721
-718
-717
-715
-714
-713
-713
-707
-707
-705
-705
-703
-702
-698
-697
-695
-693
-690
-687
-685
-685
-682
-679
-678
-677
-675
-674
-673
-671
-670
-670
-668
-668
-662
-661
-660
-659
-655
-654
-649
-648
-647
-645
-643
-642
-640
-635
-634
-632
-632
-632
-628
-620
-614
-614
-609
-606
-606
-605
-603
-598
-597
-596
-595
-592
-589
-588
-588
-586
-585
-583
-582
-582
-580
-580
-579
-576
-575
-575
-573
-571
-571
-569
-566
-559
-552
-552
-551
-551
-550
-547
-545
-543
-536
-536
-533
-533
-530
-525
-525
-522
-521
-520
-520
-517
-517
-508
-505
-504
-504
-501
-501
-498
-497
-496
-489
-489
-485
-484
-483
-477
-476
-474
-473
-470
-469
-469
-468
-468
-465
-464
-461
-459
-458
-457
-454
-452
-451
-451
-449
-448
-448
-447
-439
-437
-436
-434
-432
-429
-428
-423
-422
-418
-416
-414
-413
-411
-408
-405
-402
-401
-401
-398
-396
-395
-394
-388
-388
-387
-387
-381
-380
-379
-378
-372
-371
-368
-368
-364
-362
-360
-359
-354
-353
-351
-349
-348
-347
-345
-345
-344
-338
-337
-335
-333
-333
-333
-333
-332
-327
-326
-323
-323
-321
-318
-317
-313
-309
-309
-306
-306
-302
-301
-296
-295
-293
-289
-288
-287
-287
-284
-283
-281
-281
-278
-276
-272
-269
-266
-265
-259
-258
-257
-257
-254
-251
-243
-241
-237
-235
-231
-230
-229
-228
-228
-227
-225
-223
-220
-218
-218
-215
-212
-212
-212
-208
-207
-206
-206
-205
-204
-203
-203
-201
-200
-199
-199
-196
-195
-195
-193
-191
-189
-186
-186
-183
-182
-181
-179
-179
-177
-175
-172
-169
-166
-159
-159
-154
-153
-152
-148
-148
-147
-143
-140
-140
-138
-138
-136
-135
-135
-134
-132
-129
-129
-126
-126
-124
-123
-123
-123
-121
-120
-120
-113
-113
-110
-109
-105
-105
-101
-100
-93
-92
-91
-90
-89
-87
-87
-85
-83
-79
-74
-74
-72
-71
-68
-67
-67
-66
-64
-63
-62
-62
-59
-58
-53
-52
-51
-50
-50
-49
-46
-43
-43
-42
-37
-34
-33
-32
-31
-30
-29
-26
-25
-25
-23
-20
-13
-11
-6
-4
-3
-2
-2
-1
1
2
3
3
5
5
9
10
16
19
21
23
25
25
26
27
27
32
35
36
37
38
40
45
45
45
46
46
54
57
57
58
59
60
63
65
66
69
72
74
75
75
79
79
83
84
92
94
96
99
99
99
104
109
110
112
112
114
115
116
121
121
122
125
125
129
129
130
131
132
132
134
136
140
140
143
145
146
146
147
148
151
155
156
156
157
164
164
166
177
181
181
181
184
185
186
186
187
191
194
199
202
202
203
204
205
207
217
218
222
230
230
230
232
232
233
233
234
235
236
239
246
248
248
251
251
252
252
253
263
268
269
273
273
277
278
278
280
280
281
283
285
287
288
289
290
294
297
298
302
308
311
313
313
316
318
322
323
324
324
325
325
325
327
329
332
341
343
343
349
350
351
355
355
356
358
361
362
363
364
365
368
370
372
373
377
381
381
384
385
386
387
390
392
392
394
395
396
396
398
400
400
402
403
405
405
408
411
411
416
419
419
420
420
421
422
430
431
432
433
436
447
447
450
456
458
459
462
464
466
466
467
468
468
474
474
474
479
479
479
482
485
486
491
492
495
500
500
500
500
507
509
511
512
521
528
528
531
531
531
533
534
534
541
542
544
548
555
557
558
559
560
564
565
565
565
566
569
569
573
575
579
580
582
585
591
592
593
597
597
600
602
604
608
608
608
609
614
615
617
618
620
620
624
634
635
635
637
641
641
643
643
645
646
650
650
652
655
656
658
660
664
665
665
671
672
680
681
683
685
689
689
690
695
695
697
701
702
703
704
706
708
710
710
711
714
716
717
718
721
724
725
728
728
730
731
737
738
739
741
742
742
744
745
746
746
750
750
751
752
755
756
760
770
771
772
772
772
776
777
785
786
790
792
792
794
798
801
807
807
812
813
813
814
820
820
823
825
827
830
832
835
840
841
841
842
853
854
854
855
856
862
864
865
867
869
877
879
885
888
889
895
895
902
904
904
910
910
911
912
912
913
914
914
916
917
918
924
929
930
937
941
946
946
946
947
953
954
958
958
962
968
971
975
976
977
979
981
985
985
989
989
990
990
991
992
995
997
998