-1000
-1000
-998
-990
-961
-953
-951
-936
-929
-927
-922
-914
-891
-887
-876
-876
-873
-857
-855
-852
-841
-834
-830
-793
-790
-790
-788
-773
-771
-760
-756
-755
-753
-726
-719
-718
-717
-702
-694
-640
-629
-622
-591
-577
-567
-557
-542
-529
-527
-491
-485
-475
-450
-441
-436
-404
-382
-367
-366
-365
-350
-335
-326
-321
-320
-304
-300
-291
-271
-251
-241
-236
-236
-236
-229
-220
-203
-181
-180
-173
-163
-158
-146
-122
-121
-113
-109
-95
-91
-72
-67
-66
-64
-44
-42
-42
-28
-6
-2
19
20
37
37
43
72
77
79
87
98
102
122
126
131
139
146
155
163
172
174
192
204
215
224
225
230
235
236
238
248
266
270
272
272
297
337
341
351
362
364
386
391
404
412
420
424
427
428
442
442
447
457
471
493
493
509
510
524
546
567
574
576
591
594
604
606
615
620
639
641
646
653
656
664
669
671
676
683
691
693
720
734
738
746
752
755
757
758
765
775
778
817
838
850
857
861
880
900
906
921
921
947
973
992
993
996
998
1000