-1000
-999
-998
-994
-992
-992
-991
-988
-986
-985
-984
-983
-980
-973
-972
-971
-970
-967
-967
-965
-965
-965
-964
-963
-960
-957
-957
-953
-949
-949
-947
-947
-945
-942
-942
-942
-941
-932
-931
-931
-929
-927
-925
-924
-923
-921
-918
-918
-918
-917
-916
-912
-912
-909
-908
-906
-905
-903
-899
-897
-896
-895
-894
-893
-892
-888
-887
-882
-878
-878
-877
-874
-873
-871
-871
-865
-860
-859
-859
-859
-858
-858
-856
-855
-849
-844
-835
-833
-833
-831
-823
-823
-820
-819
-817
-817
-814
-812
-809
-809
-809
-808
-800
-799
-797
-796
-795
-795
-793
-792
-789
-788
-788
-784
-782
-781
-781
-776
-775
-772
-772
-772
-764
-764
-763
-763
-762
-761
-758
-756
-750
-748
-744
-741
-738
-738
-737
-736
-735
-727
-726
-722
-721
-721
-719
-717
-717
-715
-714
-710
-708
-707
-707
-707
-704
-704
-703
-701
-694
-693
-693
-693
-692
-692
-684
-683
-682
-682
-680
-675
-675
-675
-675
-674
-674
-672
-670
-668
-659
-659
-655
-654
-651
-651
-650
-646
-641
-639
-636
-630
-629
-628
-622
-621
-621
-620
-619
-618
-614
-614
-614
-613
-609
-608
-607
-602
-591
-591
-590
-588
-588
-586
-585
-580
-576
-576
-573
-570
-568
-565
-564
-560
-553
-551
-547
-544
-542
-541
-541
-541
-540
-538
-537
-536
-520
-517
-515
-515
-514
-514
-513
-510
-509
-509
-508
-504
-503
-501
-501
-500
-497
-497
-489
-488
-484
-484
-478
-477
-473
-470
-465
-462
-462
-461
-461
-459
-459
-458
-457
-455
-454
-453
-451
-448
-447
-446
-445
-443
-442
-440
-440
-437
-437
-436
-436
-432
-431
-427
-427
-422
-420
-419
-416
-416
-410
-410
-408
-407
-407
-407
-404
-403
-402
-402
-401
-401
-399
-396
-389
-388
-385
-385
-382
-381
-380
-376
-375
-372
-369
-364
-361
-357
-353
-351
-347
-344
-342
-338
-336
-333
-332
-330
-329
-326
-323
-323
-319
-319
-314
-313
-308
-307
-305
-295
-295
-292
-288
-288
-286
-285
-285
-285
-277
-276
-272
-271
-270
-269
-269
-267
-264
-262
-258
-255
-255
-254
-249
-246
-242
-241
-240
-240
-233
-232
-228
-227
-224
-222
-219
-218
-215
-214
-214
-212
-211
-211
-208
-208
-207
-203
-202
-198
-194
-191
-189
-184
-182
-181
-181
-180
-173
-173
-171
-171
-170
-170
-168
-158
-157
-152
-150
-149
-149
-149
-149
-146
-145
-144
-144
-142
-141
-139
-137
-137
-132
-131
-130
-129
-126
-124
-120
-120
-120
-119
-118
-113
-111
-110
-108
-107
-107
-107
-105
-100
-97
-96
-95
-92
-90
-89
-88
-85
-84
-82
-79
-72
-70
-69
-66
-65
-62
-60
-59
-55
-54
-52
-47
-45
-44
-43
-40
-39
-37
-35
-34
-34
-31
-29
-25
-25
-24
-20
-16
-15
-10
-6
-6
-3
-2
3
5
6
7
8
9
9
9
13
16
17
19
23
25
27
30
30
34
37
39
45
46
46
49
52
53
55
56
57
58
58
59
61
61
63
67
67
68
69
71
74
81
82
84
86
86
87
88
90
90
92
99
100
103
108
111
111
112
113
115
117
119
120
120
123
123
123
131
132
135
139
139
141
143
144
149
149
150
153
160
161
165
166
172
173
174
175
177
177
177
178
180
181
183
183
183
184
185
187
188
188
190
190
193
198
199
201
203
204
209
213
214
214
215
216
217
218
218
220
220
222
225
226
226
227
229
229
231
236
236
237
239
240
242
243
249
250
250
258
259
262
266
267
268
268
268
269
271
274
275
275
276
278
278
279
283
283
285
302
302
303
305
307
308
312
314
314
315
316
316
316
320
320
322
325
326
328
329
329
333
338
340
350
354
357
358
359
360
364
365
365
368
368
375
378
381
383
384
385
386
386
387
388
389
391
391
394
400
402
403
403
407
407
409
409
410
413
413
419
422
423
426
428
428
430
430
431
431
436
436
436
439
440
442
443
444
445
448
449
454
457
459
459
464
468
472
476
478
479
480
484
484
484
485
488
488
490
492
495
497
497
499
501
503
503
504
513
516
516
517
518
523
524
525
525
530
532
534
535
537
538
539
539
546
548
551
551
552
552
555
556
556
560
561
562
562
568
570
572
572
574
575
575
577
578
579
581
584
585
586
591
591
592
593
594
600
604
605
607
609
615
616
616
617
623
624
626
626
628
631
631
633
636
640
640
641
643
644
646
646
647
648
649
653
655
669
673
675
676
679
679
686
686
690
691
691
692
693
694
695
696
706
708
716
716
717
718
719
720
722
727
729
729
735
735
736
739
740
741
741
742
743
747
749
751
760
762
762
764
767
768
770
771
771
773
774
776
777
779
781
785
790
791
800
800
803
803
806
808
811
811
815
817
818
820
821
821
822
824
824
825
826
828
832
837
838
842
844
845
845
848
848
849
853
855
859
862
870
871
871
872
873
874
874
874
880
881
884
889
890
891
892
896
901
907
913
918
921
921
922
925
925
926
926
927
927
929
930
935
937
937
937
938
939
941
944
944
949
950
950
955
955
956
957
957
959
959
960
960
961
968
970
970
970
974
981
981
981
982
983
983
985
985
985
986
989
989
995
997
998
1000