-1000
-996
-990
-985
-982
-980
-979
-979
-978
-978
-978
-977
-976
-974
-972
-970
-969
-969
-968
-967
-965
-964
-964
-962
-962
-961
-959
-959
-956
-954
-954
-952
-949
-948
-943
-943
-941
-941
-941
-940
-938
-937
-935
-929
-929
-927
-926
-924
-922
-922
-920
-916
-915
-915
-914
-913
-911
-909
-907
-904
-904
-903
-902
-902
-900
-897
-894
-894
-893
-887
-886
-880
-879
-879
-878
-878
-877
-875
-874
-871
-869
-865
-863
-862
-853
-850
-850
-842
-842
-836
-819
-817
-817
-815
-814
-809
-807
-805
-804
-799
-798
-798
-795
-793
-787
-786
-786
-782
-781
-778
-777
-776
-776
-771
-770
-768
-764
-763
-750
-748
-746
-741
-737
-735
-732
-730
-726
-725
-724
-724
-721
-720
-718
-716
-715
-715
-713
-710
-707
-706
-701
-700
-698
-698
-695
-694
-691
-690
-690
-687
-686
-686
-685
-684
-682
-681
-662
-662
-661
-658
-658
-657
-655
-654
-653
-651
-647
-645
-641
-640
-639
-631
-628
-628
-628
-626
-622
-622
-619
-618
-618
-615
-613
-611
-610
-609
-609
-607
-605
-600
-598
-597
-591
-591
-590
-588
-587
-585
-581
-578
-577
-575
-575
-574
-573
-571
-571
-570
-569
-567
-563
-556
-556
-555
-551
-548
-544
-544
-542
-542
-542
-541
-537
-531
-524
-522
-521
-508
-507
-505
-504
-504
-502
-499
-495
-494
-492
-491
-481
-481
-480
-477
-468
-466
-464
-464
-464
-461
-460
-456
-456
-454
-454
-452
-450
-449
-445
-444
-443
-443
-443
-442
-441
-440
-440
-439
-438
-437
-436
-435
-435
-433
-431
-427
-426
-425
-419
-417
-417
-411
-411
-411
-410
-410
-408
-406
-402
-401
-399
-394
-393
-393
-393
-392
-385
-384
-381
-381
-377
-374
-371
-368
-367
-365
-363
-362
-361
-361
-360
-360
-359
-356
-356
-355
-353
-351
-350
-349
-349
-349
-348
-348
-348
-346
-344
-337
-335
-335
-333
-324
-321
-319
-319
-318
-316
-314
-314
-313
-312
-311
-311
-310
-309
-307
-305
-301
-298
-295
-295
-293
-282
-273
-273
-271
-270
-268
-268
-268
-267
-265
-264
-261
-251
-250
-249
-248
-247
-247
-246
-246
-245
-244
-241
-235
-232
-231
-229
-229
-228
-227
-227
-221
-221
-219
-216
-216
-214
-213
-211
-211
-207
-199
-196
-195
-192
-189
-186
-185
-185
-184
-180
-176
-176
-173
-167
-167
-166
-165
-164
-162
-159
-156
-154
-153
-152
-148
-145
-142
-141
-141
-140
-137
-134
-133
-128
-124
-124
-124
-122
-121
-121
-114
-113
-112
-109
-107
-106
-99
-99
-97
-97
-92
-91
-91
-90
-84
-84
-82
-79
-75
-69
-68
-67
-64
-61
-60
-60
-59
-56
-55
-54
-52
-49
-49
-49
-47
-45
-44
-44
-42
-41
-40
-36
-31
-30
-26
-20
-11
-9
-8
-8
-8
-7
-5
-1
2
4
8
8
11
13
13
16
17
17
22
26
26
28
29
30
39
40
40
40
44
52
56
57
59
61
62
63
63
65
65
70
71
71
72
72
74
80
81
81
82
84
87
89
89
90
91
93
94
95
95
95
108
108
108
109
110
110
113
113
116
118
120
123
123
125
125
126
128
132
132
135
138
139
139
140
142
146
147
147
148
150
151
154
161
163
167
168
170
174
175
178
179
179
179
185
186
190
191
192
197
200
200
202
206
206
206
208
213
214
219
219
219
220
220
224
224
233
238
240
240
241
245
248
248
249
250
253
254
257
265
265
269
273
274
276
279
281
281
283
284
284
284
284
286
287
289
290
290
291
291
292
293
296
297
300
303
309
311
312
313
319
319
320
322
323
323
324
324
327
330
334
335
336
338
341
343
344
346
346
353
355
357
361
362
365
368
368
371
377
380
381
382
382
383
384
384
385
385
387
389
391
391
392
394
394
400
400
400
402
405
406
413
413
419
419
420
422
422
422
422
425
426
427
428
433
434
434
434
436
436
439
439
440
441
448
448
450
450
451
453
455
456
457
457
459
460
465
472
474
474
475
475
476
478
479
489
493
494
495
495
496
496
501
502
502
503
503
504
504
511
514
515
515
520
525
528
528
529
537
540
541
544
545
545
548
549
551
552
553
559
563
563
566
569
570
570
572
573
574
576
579
581
581
582
588
589
594
597
598
599
599
603
604
605
608
613
618
622
622
622
622
623
623
626
626
627
631
643
643
644
644
647
649
653
653
654
654
658
658
663
666
667
669
672
673
673
675
676
678
679
681
682
682
684
685
685
687
688
690
703
704
707
707
709
711
712
712
712
715
715
716
722
723
724
724
724
724
726
727
728
729
730
732
733
736
741
742
745
745
751
754
756
765
767
769
772
773
774
776
778
780
780
787
787
787
793
793
793
799
800
802
805
806
812
814
814
815
815
816
818
821
823
829
831
831
832
833
834
834
837
840
841
841
847
848
848
849
851
859
861
862
865
869
870
871
872
872
872
872
876
876
878
878
878
881
883
884
888
890
890
890
891
897
898
899
899
901
905
909
910
911
912
916
916
916
918
921
923
926
928
928
929
930
934
938
939
939
940
941
942
946
952
956
957
960
961
963
963
965
968
972
972
973
973
975
984
985
995
995
995
995
997
998
999