-997
-995
-993
-989
-987
-986
-984
-983
-981
-977
-971
-966
-965
-965
-963
-959
-955
-954
-951
-950
-949
-943
-942
-941
-938
-938
-935
-934
-932
-932
-931
-931
-930
-927
-926
-924
-923
-922
-918
-909
-905
-903
-902
-901
-895
-895
-894
-893
-889
-889
-886
-881
-881
-879
-878
-877
-875
-874
-872
-872
-868
-866
-865
-862
-859
-859
-858
-856
-855
-855
-850
-850
-847
-846
-846
-843
-841
-839
-837
-836
-833
-832
-830
-826
-825
-824
-824
-820
-819
-818
-816
-815
-814
-813
-813
-813
-812
-809
-809
-808
-807
-807
-805
-805
-804
-790
-789
-788
-787
-784
-780
-767
-766
-764
-762
-761
-761
-760
-760
-760
-760
-758
-755
-752
-752
-750
-749
-748
-746
-743
-740
-740
-739
-737
-732
-731
-730
-725
-725
-720
-718
-715
-714
-711
-706
-706
-703
-702
-702
-701
-700
-700
-700
-697
-693
-684
-684
-681
-680
-679
-678
-678
-677
-674
-673
-666
-665
-663
-662
-662
-661
-658
-658
-654
-649
-649
-641
-639
-639
-638
-635
-629
-624
-622
-620
-620
-619
-617
-615
-615
-614
-613
-612
-610
-609
-608
-607
-606
-606
-597
-597
-596
-593
-592
-587
-587
-584
-583
-583
-582
-581
-579
-575
-575
-572
-572
-571
-568
-567
-563
-560
-556
-553
-553
-551
-551
-542
-539
-539
-536
-534
-521
-514
-514
-513
-512
-510
-509
-500
-499
-499
-498
-498
-495
-492
-490
-489
-479
-478
-477
-474
-465
-464
-462
-460
-459
-456
-456
-455
-455
-449
-448
-448
-445
-444
-443
-442
-442
-436
-434
-433
-431
-429
-429
-428
-428
-427
-426
-426
-425
-424
-424
-424
-418
-416
-416
-411
-404
-403
-402
-393
-390
-390
-390
-389
-384
-383
-381
-378
-376
-373
-365
-364
-361
-360
-359
-357
-356
-356
-347
-344
-344
-341
-339
-335
-333
-333
-332
-332
-331
-330
-326
-324
-318
-311
-310
-310
-310
-309
-308
-307
-306
-300
-298
-296
-296
-293
-292
-291
-290
-289
-287
-287
-286
-285
-280
-280
-280
-279
-276
-276
-275
-274
-274
-266
-265
-264
-263
-263
-260
-260
-259
-258
-257
-257
-255
-252
-249
-248
-236
-234
-234
-233
-231
-230
-221
-219
-217
-215
-209
-208
-208
-208
-206
-202
-201
-196
-192
-188
-182
-180
-178
-177
-176
-172
-169
-169
-168
-163
-163
-160
-160
-155
-153
-151
-149
-147
-142
-138
-136
-136
-135
-131
-131
-131
-131
-131
-130
-129
-129
-129
-125
-125
-123
-121
-120
-117
-116
-116
-113
-112
-107
-107
-98
-97
-96
-94
-93
-89
-89
-88
-78
-78
-77
-75
-72
-71
-67
-67
-66
-60
-59
-58
-57
-54
-53
-50
-49
-44
-42
-42
-40
-34
-31
-31
-30
-30
-28
-27
-26
-25
-25
-24
-23
-23
-22
-20
-17
-17
-16
-15
-14
-14
-13
-13
-10
-8
-5
-3
-1
1
1
7
11
12
13
14
15
16
16
19
25
27
32
35
35
37
38
38
40
43
43
44
45
50
56
56
59
61
64
65
68
69
71
73
75
77
80
82
85
87
87
88
92
93
96
99
99
100
105
112
112
115
117
119
120
125
125
129
130
131
131
136
137
138
141
143
144
145
148
148
149
149
151
153
154
156
156
158
159
159
161
161
178
181
184
185
189
195
195
196
197
198
199
200
206
206
210
214
214
215
215
220
221
222
223
223
224
225
226
228
228
228
235
235
236
237
239
243
245
247
248
249
249
251
255
260
262
263
263
263
264
267
268
268
271
273
274
279
279
281
284
287
289
289
291
292
292
294
296
297
297
299
300
301
305
306
314
315
317
323
325
326
326
326
332
332
333
343
344
345
345
351
353
363
363
366
368
371
371
372
377
377
379
380
381
385
387
387
388
390
394
399
399
400
403
404
404
405
406
406
408
408
408
409
410
414
415
416
416
419
421
423
427
428
430
432
435
441
444
444
448
449
451
452
454
457
457
461
461
463
464
464
472
473
473
474
475
477
483
493
494
494
498
501
502
506
512
513
513
514
515
521
524
524
525
526
526
530
531
531
532
536
537
542
544
544
545
547
549
551
553
553
553
554
558
558
559
560
562
562
565
567
567
568
572
572
572
573
574
578
578
579
579
580
581
584
586
588
588
592
593
594
595
596
598
602
602
613
615
616
617
621
622
623
624
628
628
628
628
629
629
633
635
638
644
645
655
656
657
658
662
663
667
669
672
672
675
682
685
685
685
686
689
690
691
691
698
698
698
699
701
702
703
707
711
712
714
714
714
716
718
722
723
723
728
728
729
734
735
736
738
740
740
742
742
743
746
747
750
754
755
755
757
759
760
760
764
766
766
766
768
771
774
774
775
775
775
775
776
776
777
780
783
783
791
794
795
797
802
803
806
806
806
807
810
811
814
816
819
823
823
827
828
828
828
830
832
839
841
846
848
848
850
852
855
856
856
860
860
863
863
869
869
869
869
880
881
882
884
886
890
890
894
894
895
897
897
899
899
903
905
906
906
907
907
909
913
914
914
916
917
917
920
924
927
928
930
932
940
942
942
948
948
949
950
956
956
959
960
963
966
967
968
972
976
979
981
986
986
988
989
994
994
995
995
996
997
1000
1000