-1000
-1000
-1000
-998
-997
-992
-989
-985
-982
-981
-980
-980
-979
-976
-971
-968
-967
-967
-964
-963
-963
-962
-952
-949
-949
-947
-946
-946
-946
-945
-943
-942
-939
-935
-934
-934
-933
-927
-925
-923
-923
-923
-921
-920
-904
-897
-889
-888
-886
-885
-883
-882
-882
-882
-880
-872
-871
-863
-863
-860
-858
-853
-852
-852
-841
-841
-837
-837
-837
-836
-836
-836
-834
-834
-833
-833
-831
-830
-829
-829
-829
-828
-828
-826
-820
-819
-816
-816
-814
-813
-813
-809
-804
-804
-803
-803
-802
-800
-799
-799
-798
-798
-792
-790
-790
-787
-786
-776
-774
-774
-773
-770
-767
-767
-766
-764
-764
-762
-760
-756
-755
-755
-752
-749
-747
-747
-747
-740
-739
-738
-737
-737
-731
-728
-726
-722
-713
-704
-701
-699
-699
-696
-696
-694
-692
-690
-689
-688
-688
-686
-682
-681
-680
-680
-679
-678
-675
-672
-672
-672
-672
-671
-671
-669
-666
-666
-664
-655
-654
-654
-652
-650
-650
-646
-644
-642
-638
-636
-635
-625
-625
-624
-620
-616
-615
-615
-612
-608
-608
-607
-607
-598
-597
-596
-593
-593
-590
-589
-588
-587
-587
-585
-584
-584
-583
-583
-582
-581
-581
-580
-580
-578
-577
-577
-575
-569
-569
-566
-564
-561
-561
-556
-554
-549
-548
-547
-543
-542
-538
-536
-534
-534
-529
-527
-525
-524
-521
-512
-508
-508
-506
-505
-503
-498
-497
-494
-493
-492
-491
-489
-488
-487
-485
-484
-480
-473
-472
-470
-470
-469
-468
-466
-465
-460
-459
-458
-454
-452
-451
-449
-449
-448
-446
-445
-444
-443
-439
-436
-436
-435
-434
-432
-432
-431
-428
-427
-425
-425
-424
-422
-420
-414
-413
-412
-412
-409
-408
-407
-405
-404
-394
-388
-387
-385
-384
-384
-380
-380
-378
-378
-377
-377
-368
-367
-367
-364
-363
-360
-359
-349
-346
-345
-343
-342
-342
-341
-337
-334
-334
-332
-331
-331
-330
-330
-329
-328
-328
-327
-327
-327
-323
-323
-321
-319
-317
-314
-314
-313
-312
-309
-308
-301
-299
-295
-290
-286
-284
-275
-270
-264
-260
-260
-257
-256
-254
-251
-250
-249
-249
-248
-242
-241
-240
-239
-238
-236
-235
-233
-232
-232
-229
-224
-223
-219
-219
-218
-218
-216
-214
-210
-209
-209
-208
-205
-205
-202
-201
-201
-200
-199
-196
-194
-194
-191
-191
-186
-186
-180
-178
-177
-176
-175
-172
-167
-166
-166
-163
-162
-162
-161
-161
-161
-156
-154
-152
-149
-146
-146
-144
-144
-144
-143
-143
-142
-141
-139
-139
-139
-139
-133
-133
-132
-131
-129
-128
-128
-127
-126
-125
-125
-114
-102
-101
-101
-100
-96
-95
-94
-92
-92
-87
-83
-83
-82
-80
-77
-74
-74
-67
-59
-58
-57
-57
-57
-57
-54
-54
-52
-50
-49
-43
-37
-33
-32
-32
-24
-23
-18
-9
-9
-8
-7
-6
-6
-2
-1
1
1
1
3
7
8
12
12
21
23
25
26
27
29
34
34
35
39
40
44
44
44
47
48
51
51
55
56
57
58
59
61
65
65
65
66
66
68
70
71
72
79
80
80
82
82
83
89
97
97
98
99
106
108
109
113
117
120
121
122
124
128
128
128
130
131
133
134
139
140
141
144
154
156
156
159
165
175
177
178
180
183
184
186
187
187
192
194
194
195
195
196
199
204
205
207
209
209
211
212
214
214
214
217
218
218
223
224
226
226
228
228
229
236
242
243
254
255
255
255
258
259
260
261
264
266
267
269
270
272
273
278
281
282
282
283
286
287
289
289
291
292
292
293
296
297
299
302
306
307
309
313
315
317
320
329
329
331
332
338
341
342
343
352
354
354
356
359
362
365
373
374
375
376
379
379
381
381
381
385
386
386
388
388
396
399
405
408
412
415
417
418
421
426
426
427
429
432
432
434
434
438
445
446
447
447
449
450
450
452
456
457
459
460
461
463
467
467
469
471
477
477
483
484
485
488
491
492
492
493
493
497
500
501
503
503
503
504
506
507
508
511
512
512
517
519
520
521
521
522
522
523
525
527
529
530
531
532
536
537
538
539
540
541
542
547
547
547
547
547
548
549
552
556
559
559
565
569
570
572
575
575
577
577
578
580
590
592
593
596
598
599
599
600
604
606
607
608
608
610
611
619
619
620
620
621
623
623
624
625
626
627
627
628
628
628
629
632
632
632
633
634
642
643
643
643
645
645
647
647
651
654
656
657
657
659
661
663
664
665
665
668
669
671
671
672
675
678
678
680
682
683
683
684
689
689
693
695
698
698
701
702
703
708
709
712
716
721
721
725
727
735
736
736
737
737
741
743
744
744
745
747
750
752
754
754
755
766
767
770
776
780
782
783
783
788
796
797
800
801
801
803
805
807
809
809
810
811
812
816
817
823
825
828
829
831
831
833
838
844
845
849
855
855
858
864
866
866
868
872
872
874
876
877
877
878
880
880
880
884
886
887
889
891
892
892
892
893
894
896
899
905
907
908
910
910
912
912
913
913
913
915
919
920
922
924
929
930
934
941
943
944
944
946
946
948
953
955
960
962
962
966
969
969
971
971
972
973
974
974
977
979
981
981
982
984
985
989
990
991
991
999
999
1000