-1000
-996
-996
-994
-993
-988
-988
-986
-986
-986
-986
-984
-983
-982
-977
-975
-975
-970
-969
-965
-965
-961
-956
-954
-952
-950
-950
-949
-949
-948
-946
-939
-939
-938
-937
-936
-935
-930
-930
-922
-921
-920
-918
-917
-917
-917
-916
-909
-904
-902
-902
-895
-892
-890
-890
-886
-886
-882
-879
-879
-877
-876
-875
-872
-871
-861
-861
-860
-860
-859
-856
-855
-854
-854
-849
-846
-846
-845
-845
-842
-838
-836
-835
-834
-833
-831
-827
-826
-825
-824
-824
-823
-822
-819
-816
-815
-809
-806
-806
-804
-803
-796
-791
-786
-785
-780
-778
-776
-775
-772
-766
-764
-764
-761
-760
-759
-759
-759
-754
-754
-752
-749
-747
-745
-744
-743
-742
-741
-739
-729
-728
-726
-718
-716
-716
-715
-712
-707
-705
-703
-700
-699
-699
-699
-698
-697
-694
-692
-691
-688
-686
-686
-684
-683
-682
-681
-669
-668
-668
-668
-661
-660
-658
-652
-648
-644
-644
-643
-638
-637
-636
-636
-636
-635
-633
-632
-630
-626
-626
-624
-624
-623
-623
-620
-619
-618
-618
-616
-612
-608
-606
-603
-600
-593
-593
-591
-590
-587
-585
-579
-576
-574
-569
-562
-562
-560
-559
-555
-554
-553
-551
-551
-549
-548
-547
-544
-544
-542
-542
-540
-539
-539
-538
-535
-529
-525
-524
-523
-522
-517
-516
-514
-513
-513
-513
-512
-511
-510
-506
-504
-504
-499
-498
-494
-491
-491
-491
-489
-488
-485
-481
-480
-479
-477
-475
-475
-474
-473
-469
-467
-467
-465
-460
-459
-459
-455
-454
-454
-454
-453
-450
-446
-442
-437
-437
-436
-436
-430
-430
-429
-426
-425
-423
-423
-420
-420
-418
-415
-415
-410
-404
-404
-403
-402
-398
-398
-395
-395
-394
-390
-387
-386
-385
-385
-385
-384
-383
-377
-376
-374
-373
-360
-357
-354
-349
-349
-348
-347
-343
-343
-340
-339
-331
-326
-324
-324
-324
-315
-313
-312
-311
-311
-310
-309
-308
-308
-307
-306
-305
-305
-303
-302
-299
-299
-298
-296
-289
-285
-284
-277
-275
-275
-272
-271
-269
-267
-266
-261
-261
-259
-259
-256
-255
-253
-247
-245
-243
-241
-234
-233
-232
-231
-230
-230
-227
-226
-225
-225
-223
-222
-221
-220
-217
-215
-215
-211
-211
-209
-207
-206
-206
-200
-196
-195
-189
-186
-186
-184
-184
-180
-175
-175
-172
-169
-168
-167
-164
-156
-153
-153
-147
-147
-146
-146
-144
-141
-140
-138
-138
-135
-134
-129
-128
-128
-124
-123
-123
-122
-121
-120
-118
-114
-114
-113
-109
-103
-101
-100
-97
-97
-94
-91
-91
-91
-87
-80
-75
-74
-72
-71
-69
-68
-66
-65
-65
-64
-63
-57
-53
-52
-51
-50
-49
-49
-49
-45
-37
-37
-36
-33
-33
-31
-30
-29
-26
-24
-24
-20
-20
-18
-17
-15
-14
-13
-12
-11
-10
-9
-9
-6
-5
-4
-3
-3
-2
0
3
4
5
8
12
15
15
18
19
23
23
23
24
28
35
35
39
41
41
43
46
50
52
54
56
57
60
65
65
66
69
71
76
78
79
80
84
85
87
90
91
93
96
97
98
99
100
103
108
112
113
114
115
115
116
119
120
121
122
124
126
129
130
131
133
135
135
136
137
140
141
141
142
142
143
145
149
149
152
153
154
157
158
159
161
166
175
176
179
180
180
185
188
191
192
193
193
194
197
200
205
206
206
207
207
208
212
213
217
218
218
219
220
223
224
225
230
231
237
250
251
251
252
253
254
256
256
262
263
266
271
272
273
276
281
288
290
292
294
294
295
297
301
301
302
302
305
305
317
320
321
322
322
324
325
328
330
333
334
340
343
343
348
348
350
350
351
353
353
354
358
358
361
362
364
366
368
368
371
371
374
374
375
377
377
383
385
386
388
388
391
391
391
396
399
404
404
405
405
409
410
413
414
416
420
420
423
425
431
431
432
434
435
438
439
441
443
455
456
456
458
458
458
459
459
461
462
462
467
471
477
479
480
481
484
486
487
489
491
492
494
498
498
500
506
506
510
513
513
516
517
517
519
519
519
520
520
528
529
529
532
535
536
538
539
540
541
541
542
543
543
545
547
548
548
548
548
550
551
555
565
565
573
577
579
581
583
583
584
584
586
591
595
597
598
599
602
603
603
605
606
606
608
608
608
611
612
617
617
618
621
623
626
628
629
630
631
632
635
644
645
648
648
650
650
650
652
653
653
654
661
661
666
667
668
669
672
673
679
681
682
682
682
685
685
688
696
697
697
697
698
700
700
701
704
705
711
712
713
713
713
717
719
724
724
725
726
729
729
732
734
736
738
738
740
740
741
743
744
747
752
754
755
756
756
757
761
762
763
763
769
771
772
773
780
780
781
784
785
787
789
793
794
795
797
799
802
804
804
806
809
810
815
818
819
820
820
821
822
822
823
826
826
827
833
834
835
836
837
839
843
843
846
849
850
852
857
857
857
860
862
862
867
875
876
876
878
879
880
881
883
890
891
893
896
897
900
902
902
903
905
906
911
912
913
914
915
920
921
925
928
937
939
939
941
941
943
944
945
946
948
951
952
956
957
958
959
964
966
967
972
974
980
981
982
982
984
985
988
993
994
995
1000
1000