-994
-992
-991
-988
-987
-986
-984
-983
-982
-981
-981
-980
-979
-976
-974
-974
-973
-967
-965
-961
-959
-958
-956
-956
-952
-948
-948
-945
-943
-941
-940
-937
-934
-933
-933
-929
-928
-928
-925
-923
-916
-915
-911
-907
-900
-899
-894
-891
-886
-884
-882
-879
-878
-878
-877
-874
-868
-866
-865
-865
-864
-862
-861
-855
-852
-851
-851
-849
-843
-840
-835
-829
-829
-823
-822
-820
-809
-809
-808
-807
-804
-804
-796
-794
-790
-788
-787
-785
-784
-782
-780
-776
-776
-773
-772
-768
-765
-760
-760
-759
-757
-756
-753
-749
-746
-745
-744
-744
-742
-741
-741
-738
-735
-734
-733
-733
-732
-731
-730
-725
-724
-723
-721
-721
-720
-719
-717
-714
-712
-710
-706
-704
-704
-702
-698
-691
-690
-687
-685
-683
-682
-680
-680
-680
-679
-679
-679
-673
-673
-672
-671
-665
-664
-663
-660
-658
-658
-658
-657
-657
-657
-655
-654
-654
-649
-646
-643
-642
-641
-641
-636
-635
-634
-632
-631
-622
-618
-617
-614
-613
-611
-609
-607
-606
-606
-605
-604
-599
-598
-592
-592
-592
-590
-589
-587
-584
-584
-583
-581
-580
-578
-577
-574
-571
-571
-571
-570
-567
-558
-557
-556
-549
-548
-546
-545
-542
-540
-540
-539
-537
-535
-532
-527
-524
-522
-521
-521
-518
-518
-517
-513
-510
-506
-501
-498
-490
-490
-490
-489
-486
-485
-483
-476
-474
-470
-465
-462
-462
-462
-459
-457
-456
-455
-453
-453
-449
-449
-444
-443
-441
-441
-439
-439
-437
-434
-433
-431
-430
-426
-424
-424
-423
-421
-420
-416
-413
-413
-412
-410
-406
-405
-404
-402
-402
-400
-399
-396
-389
-389
-388
-387
-386
-380
-375
-373
-372
-371
-370
-368
-367
-366
-364
-364
-362
-360
-360
-355
-353
-349
-348
-348
-343
-343
-341
-340
-339
-338
-337
-336
-330
-330
-328
-325
-323
-321
-320
-319
-319
-317
-316
-316
-315
-315
-315
-313
-311
-309
-309
-298
-293
-293
-293
-292
-292
-292
-289
-288
-274
-274
-273
-267
-266
-265
-264
-261
-260
-260
-259
-253
-250
-248
-248
-247
-246
-245
-245
-245
-243
-236
-236
-235
-232
-231
-222
-221
-217
-215
-212
-211
-209
-209
-208
-208
-207
-206
-204
-202
-198
-197
-189
-185
-185
-182
-181
-180
-180
-178
-177
-175
-173
-173
-172
-170
-166
-164
-161
-158
-157
-152
-152
-147
-146
-143
-140
-133
-131
-128
-127
-124
-122
-121
-121
-119
-118
-118
-117
-114
-111
-110
-105
-105
-104
-104
-103
-103
-102
-100
-100
-99
-98
-95
-95
-92
-88
-80
-75
-75
-73
-73
-70
-69
-66
-65
-63
-60
-59
-56
-55
-53
-48
-45
-37
-35
-35
-34
-29
-24
-19
-18
-15
-14
-10
-8
-7
-5
-5
-4
-3
-3
-3
-2
-2
-1
3
4
6
7
9
9
9
10
10
11
13
14
14
20
20
21
21
21
25
25
31
32
35
36
38
38
39
40
41
46
48
51
54
56
60
60
62
63
63
66
67
69
72
74
74
82
88
93
95
102
107
107
116
116
118
119
119
123
123
124
125
127
130
131
132
135
139
140
141
144
145
149
149
150
152
153
153
154
158
161
161
165
168
169
169
171
171
171
172
173
173
177
183
184
184
186
187
188
190
190
191
191
194
199
202
203
206
207
207
208
210
212
215
217
220
221
221
225
226
226
227
227
228
230
235
241
247
248
248
248
248
249
254
257
258
264
271
275
277
279
279
280
281
282
283
285
285
289
290
293
294
295
298
303
303
303
303
303
303
304
305
307
309
309
309
313
313
314
315
315
315
316
316
316
319
320
321
322
322
323
324
325
329
331
332
334
337
338
339
341
341
342
342
343
343
346
348
350
352
356
358
360
364
370
371
376
377
378
378
379
386
387
387
388
389
390
391
396
399
402
403
403
405
405
406
409
410
417
423
423
424
427
429
431
431
432
434
437
439
444
446
449
452
455
455
456
458
461
462
463
465
468
468
470
473
477
482
486
486
487
488
489
492
494
494
494
495
500
505
505
505
509
511
512
513
520
522
523
528
529
531
532
533
537
538
538
539
539
541
542
544
548
548
550
550
553
555
555
555
560
562
563
565
566
566
567
567
570
570
580
582
583
586
587
588
588
590
590
598
603
605
607
607
608
609
612
614
617
622
622
623
624
624
625
625
626
628
628
630
632
632
636
638
639
640
641
644
646
646
647
647
648
650
650
651
652
654
657
658
660
661
664
666
667
668
669
669
670
681
683
684
684
686
686
688
688
689
693
697
697
697
698
700
702
703
708
708
709
710
713
714
715
718
721
722
723
730
737
738
740
743
750
752
753
756
759
759
763
766
767
768
768
774
780
780
781
782
788
791
792
800
802
803
805
810
810
816
816
816
818
819
820
820
825
825
828
829
831
835
837
837
837
839
839
840
840
841
841
850
853
856
860
870
872
877
878
881
882
882
886
887
888
888
892
896
896
899
899
899
899
901
902
905
909
909
917
920
921
929
933
934
934
938
938
938
940
941
943
947
949
952
952
954
956
957
958
960
963
967
967
967
968
970
973
973
974
975
977
981
982
983
983
989
990
996
997
1000