-995
-990
-988
-988
-980
-975
-973
-972
-971
-969
-969
-968
-968
-965
-964
-962
-959
-958
-957
-956
-953
-953
-953
-951
-951
-948
-948
-947
-943
-942
-939
-934
-931
-930
-928
-927
-927
-923
-922
-916
-914
-909
-905
-901
-899
-894
-893
-886
-885
-884
-878
-877
-876
-870
-868
-866
-861
-861
-860
-857
-854
-852
-850
-847
-846
-843
-842
-838
-833
-833
-832
-829
-829
-827
-826
-825
-824
-822
-821
-820
-817
-814
-813
-812
-811
-810
-808
-807
-806
-802
-801
-800
-794
-792
-791
-790
-788
-786
-785
-785
-784
-784
-782
-779
-773
-772
-771
-767
-767
-761
-759
-759
-757
-755
-753
-751
-750
-748
-745
-744
-739
-737
-737
-728
-728
-726
-724
-719
-719
-716
-715
-713
-713
-712
-710
-708
-708
-707
-704
-704
-703
-703
-699
-698
-698
-697
-695
-692
-691
-685
-684
-684
-684
-684
-682
-682
-680
-677
-677
-675
-675
-675
-674
-670
-670
-669
-666
-666
-665
-662
-662
-661
-654
-650
-650
-647
-646
-646
-643
-643
-640
-639
-639
-639
-636
-636
-631
-631
-629
-629
-628
-625
-625
-624
-622
-620
-617
-615
-613
-611
-607
-605
-604
-602
-602
-600
-600
-599
-598
-596
-596
-595
-591
-590
-588
-587
-586
-584
-579
-577
-575
-575
-573
-572
-569
-568
-567
-566
-566
-566
-564
-560
-557
-556
-553
-551
-549
-546
-545
-544
-544
-542
-541
-537
-537
-532
-525
-522
-518
-511
-511
-511
-510
-510
-507
-506
-501
-500
-497
-497
-494
-493
-489
-488
-486
-484
-483
-483
-482
-481
-480
-478
-477
-472
-471
-469
-469
-466
-464
-461
-460
-455
-453
-453
-449
-443
-443
-443
-442
-441
-440
-436
-434
-434
-429
-429
-424
-424
-421
-418
-409
-405
-401
-400
-399
-397
-396
-394
-394
-393
-390
-390
-390
-389
-389
-388
-384
-381
-381
-380
-378
-376
-373
-373
-369
-367
-365
-360
-359
-354
-353
-353
-349
-348
-348
-348
-345
-344
-344
-342
-342
-339
-337
-336
-336
-335
-330
-330
-329
-328
-326
-323
-323
-321
-320
-318
-318
-317
-315
-314
-309
-306
-306
-294
-293
-290
-288
-281
-281
-279
-272
-270
-270
-270
-268
-268
-266
-260
-256
-253
-252
-249
-247
-246
-246
-245
-243
-242
-242
-238
-234
-233
-233
-230
-229
-229
-229
-228
-227
-223
-221
-215
-214
-214
-208
-206
-205
-205
-204
-200
-199
-198
-198
-197
-196
-195
-194
-192
-191
-191
-190
-187
-181
-181
-181
-177
-177
-176
-176
-176
-176
-175
-172
-169
-166
-166
-160
-159
-157
-154
-150
-148
-146
-143
-137
-137
-129
-129
-116
-115
-110
-109
-109
-107
-106
-105
-104
-101
-96
-94
-93
-91
-90
-89
-87
-86
-86
-86
-83
-81
-80
-74
-64
-63
-62
-56
-54
-54
-52
-50
-49
-49
-48
-48
-45
-42
-41
-41
-38
-36
-35
-34
-29
-29
-29
-28
-24
-23
-23
-21
-19
-18
-16
-16
-14
-12
-11
-7
-7
-7
-4
-3
-2
0
3
5
9
12
16
18
18
23
33
37
37
44
45
46
46
47
47
48
51
51
51
57
59
62
63
63
64
65
68
68
68
72
80
80
80
83
87
87
87
88
92
97
99
102
104
111
116
116
117
117
119
120
122
127
130
130
131
132
133
134
135
136
137
139
139
142
145
149
153
160
161
162
163
164
177
180
182
185
187
189
190
193
194
195
196
199
200
200
201
203
205
206
206
207
207
208
212
213
213
214
225
227
230
231
232
232
236
239
243
244
249
251
253
253
256
257
259
260
263
265
265
270
272
282
282
283
283
286
292
301
306
307
308
309
312
316
317
319
319
325
326
327
328
328
332
334
336
338
339
340
340
347
348
351
352
357
360
360
361
361
362
363
363
364
367
370
374
375
376
377
378
379
381
384
388
388
391
393
395
398
399
400
400
403
403
403
404
405
407
414
414
415
415
416
419
420
425
428
429
430
430
431
435
436
445
446
447
447
449
453
454
454
455
455
456
457
457
457
458
468
468
471
476
483
484
485
486
487
488
491
492
492
496
497
500
500
501
501
504
504
506
506
507
507
508
510
511
512
514
520
522
526
527
530
530
531
533
534
535
540
543
543
547
549
551
555
557
559
567
568
570
571
575
580
584
585
586
587
588
589
593
595
597
599
599
600
601
606
607
608
609
611
611
613
613
613
614
615
615
617
619
621
623
628
629
629
629
632
633
635
635
637
638
638
639
641
645
645
647
650
650
650
651
653
654
657
669
670
670
673
678
684
687
689
691
692
692
694
695
696
699
702
704
706
707
711
713
715
717
717
720
720
722
725
725
732
733
734
736
739
742
745
750
751
751
757
758
762
762
766
769
770
771
775
775
777
778
780
782
783
785
786
792
793
794
794
795
798
800
803
806
806
809
811
813
819
821
821
824
824
827
828
831
832
834
835
835
835
842
848
848
853
854
854
855
857
858
860
861
862
864
864
865
873
873
874
875
882
884
885
886
892
892
893
899
899
900
903
905
906
906
910
911
913
915
915
917
919
919
921
924
928
930
931
932
936
940
945
947
951
951
952
955
955
956
961
963
968
969
970
970
971
972
974
977
977
978
978
983
985
986
986
987
992
995
999