-1000
-1000
-999
-998
-991
-991
-985
-984
-978
-978
-976
-969
-963
-961
-961
-961
-959
-957
-956
-951
-950
-946
-942
-935
-935
-934
-926
-926
-926
-916
-916
-912
-908
-907
-906
-904
-903
-898
-897
-896
-896
-892
-887
-887
-886
-886
-885
-879
-878
-877
-875
-873
-870
-868
-865
-864
-854
-849
-843
-842
-841
-841
-841
-840
-838
-836
-835
-832
-824
-819
-815
-814
-807
-806
-806
-806
-805
-802
-797
-796
-794
-792
-791
-790
-787
-787
-783
-783
-781
-777
-777
-776
-775
-768
-765
-761
-760
-760
-760
-760
-756
-755
-754
-754
-750
-750
-749
-746
-741
-734
-734
-733
-732
-731
-726
-725
-723
-721
-719
-719
-716
-716
-714
-714
-707
-706
-703
-701
-700
-700
-690
-689
-682
-681
-678
-675
-674
-672
-672
-669
-666
-666
-663
-663
-660
-659
-658
-651
-650
-646
-644
-641
-640
-637
-634
-633
-629
-629
-624
-624
-620
-620
-615
-613
-612
-612
-611
-611
-610
-609
-605
-604
-604
-600
-600
-599
-598
-597
-596
-594
-594
-594
-591
-590
-589
-587
-586
-578
-575
-574
-573
-558
-554
-551
-550
-539
-538
-536
-532
-532
-529
-527
-522
-522
-521
-519
-517
-516
-515
-512
-511
-510
-510
-510
-509
-506
-506
-505
-502
-501
-501
-498
-496
-494
-494
-492
-491
-490
-488
-488
-482
-480
-479
-477
-476
-475
-473
-472
-468
-465
-462
-461
-458
-452
-449
-447
-446
-442
-438
-437
-437
-432
-429
-428
-428
-426
-424
-424
-422
-422
-419
-419
-418
-418
-417
-416
-414
-414
-406
-404
-403
-402
-401
-399
-398
-398
-397
-397
-396
-396
-394
-394
-393
-392
-391
-387
-387
-382
-381
-381
-377
-376
-376
-374
-374
-372
-372
-371
-366
-363
-357
-355
-355
-349
-348
-347
-347
-346
-345
-344
-341
-340
-337
-336
-335
-335
-335
-333
-333
-331
-329
-325
-322
-320
-319
-318
-306
-306
-306
-299
-299
-298
-298
-294
-294
-293
-292
-291
-290
-286
-284
-283
-282
-280
-279
-278
-278
-278
-273
-269
-268
-262
-261
-261
-260
-258
-255
-251
-250
-240
-240
-239
-238
-237
-235
-235
-227
-227
-226
-225
-223
-223
-222
-219
-217
-211
-211
-209
-204
-203
-201
-196
-195
-194
-193
-190
-189
-189
-187
-187
-182
-182
-181
-179
-179
-177
-176
-175
-174
-173
-172
-169
-169
-169
-168
-165
-164
-164
-163
-162
-162
-158
-157
-155
-153
-150
-147
-144
-144
-141
-141
-141
-141
-140
-140
-139
-135
-131
-130
-130
-126
-125
-124
-123
-122
-116
-113
-110
-110
-109
-108
-105
-105
-104
-102
-101
-101
-100
-95
-95
-93
-90
-90
-86
-86
-81
-80
-76
-75
-72
-69
-68
-66
-56
-51
-49
-45
-44
-43
-41
-38
-34
-34
-33
-28
-25
-25
-22
-21
-20
-16
-14
-13
-13
-7
-7
-7
-6
-3
2
3
3
7
9
9
12
18
22
27
27
30
35
37
41
42
46
47
49
50
52
55
59
59
62
64
69
75
75
78
84
84
87
87
89
90
90
91
93
94
100
103
103
106
109
110
110
113
115
115
119
119
120
121
125
125
126
127
137
137
139
140
141
148
149
152
156
162
163
165
165
168
170
170
177
179
179
179
180
186
187
187
189
190
193
200
201
201
201
206
209
209
210
211
211
215
219
219
220
224
225
229
232
236
238
239
241
241
241
243
244
248
249
251
252
254
256
257
257
258
261
261
264
265
266
267
271
271
271
277
278
279
279
280
282
284
286
286
292
292
295
296
298
299
302
304
305
306
307
308
312
315
320
320
328
328
328
328
329
329
334
342
347
349
350
352
352
354
358
360
362
363
367
368
370
371
376
377
378
379
381
384
385
387
392
394
396
396
397
399
400
400
400
402
405
405
405
409
412
417
432
434
436
437
438
439
440
443
444
444
445
447
450
450
451
454
458
461
461
462
462
463
465
465
476
477
478
479
479
480
482
483
486
487
490
491
492
492
494
496
497
498
499
500
501
501
503
503
506
509
510
511
513
516
516
516
519
520
520
521
521
526
528
532
533
534
535
537
537
537
538
538
539
541
548
548
551
553
553
554
557
559
560
563
564
567
574
574
575
576
576
577
582
583
584
587
588
589
592
592
595
605
609
610
611
611
612
612
612
614
617
620
622
622
623
626
626
626
627
632
633
633
634
635
638
639
640
641
641
642
643
644
645
653
653
655
655
657
661
662
664
665
667
668
669
669
672
673
674
677
677
678
680
681
692
707
711
716
718
720
720
721
722
724
725
725
730
732
732
733
734
735
738
739
740
741
744
747
751
757
759
760
762
762
765
769
770
774
774
775
776
777
778
778
781
786
786
786
787
790
792
793
793
795
798
800
805
808
812
812
814
815
817
818
821
822
825
826
826
827
828
828
834
834
847
847
848
849
850
852
854
856
858
864
865
867
869
871
872
876
877
877
880
882
883
884
886
887
888
888
890
891
891
895
899
899
901
901
904
906
908
910
911
913
913
913
915
922
925
926
927
928
930
931
932
933
935
938
939
940
941
943
944
947
951
951
953
953
956
966
967
967
972
972
977
977
980
981
983
983
987
988
988
989
992
994
994
994
996
997
999