-1000
-989
-988
-987
-986
-986
-983
-981
-980
-977
-975
-973
-970
-969
-967
-967
-966
-964
-964
-963
-963
-960
-959
-959
-958
-956
-951
-950
-950
-949
-946
-943
-942
-940
-938
-931
-930
-929
-923
-921
-921
-920
-920
-917
-916
-916
-913
-913
-913
-910
-909
-907
-903
-899
-898
-895
-892
-892
-887
-885
-885
-884
-881
-879
-879
-878
-876
-869
-869
-869
-864
-863
-863
-862
-857
-855
-854
-852
-851
-851
-850
-840
-839
-834
-833
-832
-831
-827
-826
-820
-820
-819
-819
-817
-816
-815
-810
-810
-809
-809
-806
-805
-804
-803
-802
-802
-801
-800
-800
-799
-799
-798
-796
-795
-794
-789
-788
-786
-786
-784
-784
-783
-783
-778
-776
-776
-776
-774
-774
-774
-772
-770
-761
-760
-756
-751
-748
-747
-747
-746
-736
-735
-733
-730
-729
-726
-723
-715
-714
-713
-713
-712
-709
-707
-706
-700
-694
-692
-692
-692
-690
-690
-689
-687
-686
-685
-685
-683
-679
-678
-675
-673
-670
-662
-662
-654
-654
-652
-651
-651
-648
-648
-645
-642
-629
-629
-629
-623
-622
-619
-616
-616
-613
-612
-610
-604
-604
-603
-603
-601
-601
-599
-597
-588
-588
-579
-576
-576
-570
-569
-566
-558
-556
-554
-548
-547
-542
-542
-540
-538
-534
-530
-529
-526
-524
-523
-522
-519
-514
-514
-513
-510
-509
-494
-490
-490
-485
-483
-480
-478
-470
-466
-465
-464
-463
-462
-461
-458
-456
-456
-454
-452
-450
-450
-450
-447
-445
-440
-438
-437
-433
-430
-430
-428
-427
-426
-422
-422
-420
-417
-416
-415
-413
-413
-410
-410
-407
-402
-400
-400
-400
-399
-394
-391
-391
-389
-389
-388
-384
-376
-374
-373
-373
-371
-369
-368
-367
-362
-360
-360
-359
-359
-357
-354
-348
-347
-347
-346
-343
-343
-339
-335
-334
-333
-333
-329
-327
-326
-326
-324
-322
-320
-317
-315
-315
-314
-311
-310
-310
-308
-308
-302
-302
-301
-300
-299
-293
-288
-286
-278
-277
-275
-274
-273
-269
-268
-261
-259
-258
-255
-250
-247
-245
-243
-241
-239
-238
-233
-231
-228
-225
-220
-220
-219
-217
-217
-213
-213
-212
-211
-210
-210
-207
-207
-207
-206
-202
-200
-200
-198
-196
-192
-192
-191
-189
-187
-186
-186
-183
-182
-182
-182
-179
-178
-178
-178
-176
-174
-174
-169
-165
-164
-162
-159
-157
-156
-156
-155
-154
-153
-151
-150
-148
-147
-145
-145
-144
-142
-140
-138
-137
-136
-132
-131
-130
-128
-123
-122
-121
-118
-115
-112
-112
-101
-101
-100
-99
-98
-94
-93
-91
-90
-84
-84
-81
-79
-74
-72
-71
-67
-65
-61
-57
-57
-53
-50
-48
-43
-41
-36
-35
-32
-31
-29
-29
-28
-26
-19
-19
-18
-18
-17
-15
-5
-3
0
3
4
5
9
9
10
11
14
15
16
16
17
20
21
23
27
28
28
29
30
33
33
36
42
42
44
48
50
50
50
51
53
53
53
61
62
63
66
70
71
71
74
75
75
75
77
78
81
84
84
87
89
89
90
90
91
92
93
93
96
96
97
97
99
100
102
102
109
113
115
116
117
120
120
121
124
129
131
132
134
134
138
139
140
142
144
149
149
151
153
154
154
155
158
160
160
161
162
163
165
167
170
171
171
171
176
178
182
188
189
192
202
203
206
209
213
215
215
215
216
217
217
218
220
222
223
225
226
230
230
234
234
236
236
237
237
238
240
242
243
245
248
249
250
253
257
258
263
266
271
275
278
280
281
283
286
288
290
291
291
292
292
294
295
297
302
304
305
307
309
311
315
318
321
322
322
323
323
326
326
330
331
332
333
334
336
337
342
342
344
344
347
353
360
363
363
364
365
366
366
367
371
372
372
372
372
373
374
376
377
378
378
379
386
387
390
394
395
399
400
402
403
406
408
409
409
413
416
425
428
432
433
436
440
440
444
444
446
446
446
447
449
458
459
466
468
469
469
470
471
473
474
475
475
478
481
482
488
492
493
499
505
507
511
515
517
520
523
523
527
528
529
530
534
534
535
535
541
543
545
549
549
551
552
553
553
553
554
557
557
559
561
564
565
568
573
578
578
584
585
586
587
591
593
597
598
603
603
606
611
614
615
617
617
618
620
624
626
627
629
629
630
633
634
634
642
644
645
648
654
658
661
661
663
664
672
676
678
680
683
685
687
688
689
692
695
696
698
699
700
700
703
707
707
709
714
715
716
717
717
718
718
718
719
720
720
721
727
729
730
736
737
739
739
739
740
741
742
744
749
749
749
752
754
754
756
757
761
762
766
768
768
769
772
773
774
777
778
779
781
781
783
788
788
789
790
790
791
792
793
795
797
797
799
799
799
799
815
822
823
826
826
831
831
833
833
838
841
843
845
847
847
848
851
853
854
855
856
857
858
863
864
865
865
869
870
870
871
872
872
875
876
878
879
880
880
882
882
883
883
887
891
891
894
896
896
896
897
899
900
901
902
905
906
907
907
908
909
912
913
928
928
928
928
928
935
935
936
938
939
940
941
950
953
954
954
956
956
958
960
961
962
962
964
964
965
965
973
974
976
977
979
982
985
986
989
989
992
992
993
995
998
999
1000