-1000
-998
-998
-996
-994
-991
-991
-989
-988
-984
-983
-980
-980
-980
-980
-977
-973
-973
-972
-972
-969
-969
-967
-966
-966
-965
-960
-958
-957
-953
-948
-942
-941
-926
-922
-920
-917
-914
-911
-911
-911
-907
-906
-903
-892
-891
-890
-887
-883
-877
-876
-876
-875
-875
-873
-872
-871
-870
-870
-869
-868
-866
-865
-864
-864
-860
-859
-857
-856
-854
-847
-845
-845
-842
-840
-840
-837
-834
-829
-824
-824
-823
-821
-818
-817
-817
-814
-811
-811
-811
-809
-808
-807
-800
-796
-794
-793
-791
-791
-790
-788
-781
-776
-776
-774
-772
-769
-768
-766
-764
-758
-757
-756
-756
-748
-748
-747
-745
-739
-735
-735
-734
-730
-728
-726
-720
-720
-720
-718
-717
-713
-712
-711
-711
-710
-709
-709
-709
-708
-707
-707
-704
-702
-701
-700
-696
-695
-692
-689
-688
-686
-684
-684
-677
-676
-675
-673
-671
-670
-669
-662
-662
-661
-660
-660
-660
-659
-657
-656
-653
-652
-652
-652
-649
-648
-646
-646
-645
-640
-635
-634
-634
-633
-630
-630
-625
-625
-625
-623
-621
-619
-619
-615
-614
-613
-606
-606
-604
-603
-597
-596
-587
-586
-579
-578
-574
-573
-572
-571
-568
-567
-566
-566
-563
-562
-557
-555
-555
-555
-553
-552
-551
-548
-548
-546
-546
-544
-542
-541
-538
-537
-536
-532
-529
-526
-524
-523
-522
-520
-516
-511
-507
-506
-503
-500
-500
-500
-499
-498
-492
-488
-483
-480
-478
-477
-475
-473
-473
-472
-469
-469
-462
-462
-460
-459
-454
-454
-453
-452
-451
-451
-450
-450
-449
-448
-447
-446
-445
-444
-441
-440
-435
-435
-435
-432
-431
-430
-427
-427
-426
-426
-424
-423
-420
-418
-416
-415
-413
-412
-411
-409
-406
-405
-403
-394
-394
-392
-391
-390
-387
-383
-379
-377
-373
-373
-371
-370
-370
-369
-360
-360
-359
-359
-352
-349
-348
-348
-347
-340
-340
-338
-334
-330
-326
-326
-323
-323
-319
-319
-318
-316
-314
-314
-309
-306
-306
-304
-304
-302
-296
-291
-288
-286
-283
-282
-278
-277
-276
-276
-273
-261
-259
-259
-258
-256
-255
-251
-250
-248
-246
-243
-243
-242
-239
-239
-238
-236
-234
-230
-229
-226
-225
-224
-223
-221
-221
-221
-219
-216
-212
-210
-207
-204
-204
-203
-202
-197
-195
-194
-192
-192
-190
-190
-184
-179
-176
-175
-174
-171
-170
-168
-164
-162
-161
-155
-154
-154
-154
-153
-152
-149
-144
-144
-141
-140
-139
-138
-121
-120
-118
-116
-110
-109
-109
-107
-105
-104
-104
-103
-101
-99
-98
-97
-96
-91
-81
-75
-73
-69
-59
-58
-56
-56
-54
-54
-54
-52
-50
-50
-47
-44
-43
-42
-42
-40
-40
-38
-35
-34
-33
-29
-25
-25
-24
-20
-15
-12
-8
-4
-4
-2
-1
0
1
2
4
5
6
7
7
13
14
14
18
20
20
20
23
29
31
31
31
32
34
38
38
46
47
49
55
57
58
59
60
61
63
67
68
69
74
75
77
77
82
82
83
85
87
89
90
91
93
93
94
94
98
99
101
101
101
104
105
106
107
109
110
116
122
123
125
125
127
129
130
130
132
133
137
139
139
141
144
149
156
156
160
162
167
173
173
173
173
174
174
175
180
181
182
188
189
191
193
196
196
197
199
203
203
205
205
207
208
208
214
218
220
222
226
227
228
229
230
231
237
238
240
240
242
243
245
246
249
251
253
253
256
259
262
262
264
266
266
269
275
279
283
286
289
290
296
300
302
302
303
306
313
316
316
318
322
323
329
331
331
332
332
337
338
340
341
341
345
347
348
349
349
349
354
355
356
358
361
363
369
373
373
375
377
381
387
388
390
393
394
398
400
402
402
402
405
406
407
408
409
410
417
417
417
419
419
420
420
427
429
430
436
440
441
442
443
444
444
451
457
458
459
460
461
462
472
476
478
481
487
488
488
495
496
497
498
499
501
506
506
510
510
511
511
511
512
513
515
515
517
519
521
527
527
527
527
528
529
529
531
535
539
542
543
543
544
545
548
549
549
551
552
554
554
555
557
558
558
558
563
565
565
566
569
570
572
573
574
577
579
583
583
583
584
586
587
591
598
598
599
601
604
605
606
606
608
610
611
611
613
614
616
618
620
624
624
625
627
628
629
630
631
631
633
634
638
644
646
647
649
651
652
653
656
656
657
660
663
665
669
669
671
674
674
675
677
679
680
682
682
685
686
688
690
694
700
707
708
709
711
713
714
715
717
717
721
722
722
725
725
729
729
733
734
737
739
739
740
744
744
744
747
747
751
756
756
763
765
767
772
772
778
781
781
782
783
785
788
789
789
789
793
794
795
796
796
798
807
809
809
814
814
815
816
816
817
819
820
820
821
821
821
825
826
829
831
834
838
839
842
844
846
848
851
854
854
857
862
865
868
869
871
877
878
878
879
880
882
882
884
886
888
892
893
893
895
896
897
898
900
900
901
902
904
904
905
906
906
911
912
915
918
920
921
924
924
929
930
933
934
938
938
943
944
944
946
948
952
954
956
957
958
959
960
961
962
964
964
965
967
968
975
977
978
980
980
987
987
989
992
992
992
994
995
998
999