-997
-996
-996
-993
-992
-991
-991
-988
-988
-987
-984
-984
-984
-981
-980
-980
-973
-973
-968
-967
-965
-965
-964
-960
-958
-953
-952
-949
-948
-947
-946
-945
-940
-940
-938
-938
-938
-930
-926
-924
-922
-920
-918
-916
-916
-911
-904
-898
-896
-895
-895
-889
-889
-887
-886
-885
-881
-881
-880
-879
-879
-876
-871
-871
-871
-870
-863
-862
-862
-855
-850
-849
-847
-844
-841
-841
-831
-831
-827
-827
-824
-821
-818
-818
-818
-818
-816
-815
-813
-813
-812
-812
-812
-806
-801
-797
-795
-792
-790
-788
-787
-780
-779
-777
-776
-775
-769
-767
-767
-766
-763
-761
-761
-758
-756
-754
-754
-751
-749
-745
-744
-743
-741
-737
-736
-733
-732
-731
-731
-726
-724
-722
-721
-720
-720
-719
-719
-717
-713
-712
-711
-711
-707
-705
-705
-705
-702
-701
-698
-696
-696
-687
-678
-678
-677
-677
-676
-669
-669
-668
-668
-665
-661
-659
-658
-654
-654
-652
-644
-644
-643
-634
-630
-628
-626
-621
-619
-617
-617
-616
-614
-611
-611
-610
-606
-606
-605
-604
-603
-600
-595
-589
-585
-581
-579
-579
-578
-578
-576
-575
-575
-572
-569
-565
-561
-559
-558
-558
-557
-556
-554
-554
-550
-549
-549
-546
-545
-544
-544
-543
-539
-537
-537
-534
-533
-531
-531
-528
-527
-525
-523
-523
-520
-517
-516
-515
-515
-511
-510
-506
-503
-502
-500
-500
-499
-498
-493
-490
-488
-487
-486
-484
-484
-480
-477
-477
-475
-473
-472
-472
-471
-470
-469
-465
-463
-462
-458
-455
-455
-454
-453
-453
-452
-444
-443
-441
-439
-439
-436
-434
-427
-427
-426
-425
-422
-421
-420
-419
-418
-417
-413
-410
-409
-405
-404
-400
-398
-385
-384
-378
-378
-378
-377
-376
-375
-374
-373
-368
-366
-365
-362
-358
-355
-355
-351
-349
-346
-342
-341
-337
-337
-335
-334
-333
-328
-328
-328
-326
-325
-323
-321
-320
-318
-317
-316
-315
-314
-312
-308
-305
-303
-302
-300
-299
-298
-297
-294
-294
-291
-290
-283
-283
-283
-280
-279
-274
-274
-266
-265
-265
-242
-242
-241
-240
-239
-236
-231
-229
-228
-222
-221
-215
-215
-213
-211
-210
-210
-207
-206
-202
-201
-198
-193
-191
-191
-191
-190
-188
-185
-179
-173
-173
-173
-172
-170
-169
-169
-167
-165
-164
-158
-158
-155
-155
-154
-152
-149
-146
-145
-142
-141
-141
-140
-138
-136
-136
-135
-134
-134
-131
-128
-124
-124
-123
-119
-117
-115
-115
-115
-114
-113
-107
-106
-104
-104
-102
-101
-98
-98
-95
-93
-90
-89
-88
-88
-88
-84
-82
-81
-76
-74
-71
-69
-65
-63
-61
-59
-59
-55
-52
-45
-44
-36
-34
-31
-27
-25
-23
-22
-22
-21
-21
-18
-17
-16
-16
-16
-16
-15
-6
-5
-2
-1
1
1
7
7
7
10
11
11
12
17
17
18
20
22
23
24
32
33
36
37
41
42
42
43
45
45
46
46
47
50
56
57
57
58
59
59
60
62
65
66
68
70
75
76
79
82
86
87
90
91
93
94
94
97
100
110
111
123
123
123
124
126
127
128
129
131
132
135
136
136
139
144
144
147
147
147
150
151
154
159
162
163
164
169
170
172
174
175
176
178
181
189
192
196
201
203
203
205
207
209
211
213
215
215
220
222
222
222
224
228
231
234
235
236
236
237
243
244
244
245
246
246
251
254
255
256
258
259
260
263
265
268
270
272
272
273
275
275
275
276
278
283
285
286
291
293
299
304
306
308
308
308
311
312
318
319
320
320
323
328
328
330
333
334
336
337
338
340
345
348
349
349
349
350
353
354
354
356
365
366
368
369
370
370
370
371
374
374
375
376
376
378
386
390
395
395
398
398
401
401
401
402
404
405
411
411
411
412
414
414
415
424
426
427
428
428
431
431
431
439
440
441
441
441
444
445
446
447
448
451
454
454
456
457
457
457
457
460
463
465
467
468
468
470
471
472
474
477
481
481
482
482
483
486
487
490
493
496
498
498
501
502
503
507
508
510
512
515
516
517
517
517
518
518
521
523
527
527
528
530
531
533
536
537
540
542
542
546
547
548
548
548
550
551
556
558
559
561
561
561
566
566
566
568
568
569
569
569
570
574
576
583
585
587
588
589
593
593
601
605
607
607
618
619
623
625
638
639
641
642
649
651
651
653
654
654
654
655
660
662
663
664
665
666
670
671
672
673
674
676
676
677
679
679
681
681
682
683
683
684
684
685
686
687
688
689
690
693
693
697
698
699
702
703
704
705
713
716
721
722
722
723
741
742
743
743
746
757
758
760
761
763
763
764
765
765
768
775
775
776
776
777
780
783
785
785
786
787
787
788
798
798
801
802
803
806
806
808
809
810
810
813
813
815
820
825
826
828
829
830
831
836
838
840
846
847
848
848
848
849
850
851
853
855
857
860
861
865
867
869
869
871
871
872
872
872
874
876
877
878
884
888
890
902
904
905
909
917
922
922
925
925
926
928
928
928
928
929
929
930
930
931
932
936
937
938
938
942
943
946
946
947
950
951
953
956
959
959
960
961
962
963
968
968
969
971
972
973
975
977
984
985
987
992
993
997
999