-995
-994
-993
-991
-990
-990
-989
-985
-983
-982
-979
-975
-972
-971
-969
-968
-967
-966
-965
-963
-963
-962
-962
-961
-959
-959
-950
-950
-949
-948
-946
-945
-933
-924
-924
-920
-912
-910
-910
-907
-906
-905
-903
-903
-897
-896
-895
-892
-891
-890
-889
-889
-886
-886
-886
-886
-880
-880
-879
-875
-874
-869
-867
-864
-862
-860
-860
-859
-856
-847
-847
-846
-843
-842
-842
-837
-836
-834
-831
-825
-821
-817
-816
-814
-809
-805
-800
-799
-798
-797
-797
-796
-794
-792
-792
-791
-791
-787
-786
-783
-779
-778
-777
-777
-775
-774
-773
-771
-768
-768
-766
-765
-765
-764
-762
-759
-753
-752
-751
-750
-749
-749
-748
-740
-740
-739
-738
-737
-737
-733
-733
-728
-728
-726
-726
-723
-717
-717
-717
-715
-715
-715
-714
-711
-709
-707
-704
-700
-698
-697
-692
-691
-687
-686
-685
-683
-682
-682
-677
-677
-677
-677
-671
-668
-665
-664
-661
-660
-656
-656
-655
-653
-651
-646
-646
-645
-643
-643
-642
-638
-637
-632
-629
-629
-629
-627
-626
-624
-624
-624
-624
-618
-618
-615
-609
-605
-605
-604
-602
-602
-595
-594
-593
-590
-587
-587
-583
-583
-579
-577
-576
-573
-571
-570
-570
-569
-568
-568
-566
-564
-564
-562
-560
-560
-559
-557
-551
-551
-540
-537
-534
-532
-531
-527
-526
-523
-523
-523
-518
-518
-514
-512
-512
-511
-509
-509
-506
-502
-497
-495
-492
-491
-489
-487
-486
-486
-486
-485
-485
-483
-481
-481
-477
-475
-475
-474
-472
-471
-471
-471
-470
-470
-466
-465
-465
-461
-454
-452
-449
-442
-441
-439
-436
-435
-433
-433
-432
-429
-428
-427
-426
-424
-421
-418
-416
-415
-413
-412
-411
-410
-408
-407
-406
-405
-404
-404
-403
-402
-400
-400
-400
-399
-397
-396
-396
-396
-393
-393
-391
-389
-388
-385
-383
-382
-378
-376
-372
-372
-367
-366
-363
-362
-357
-357
-356
-355
-354
-353
-352
-344
-343
-339
-337
-336
-332
-331
-330
-330
-327
-324
-324
-323
-322
-318
-313
-311
-310
-309
-309
-307
-305
-305
-305
-301
-300
-298
-297
-297
-293
-286
-283
-281
-277
-273
-272
-267
-267
-264
-264
-262
-261
-261
-260
-257
-257
-255
-253
-252
-252
-250
-248
-246
-245
-245
-244
-243
-242
-241
-238
-236
-235
-233
-232
-231
-228
-226
-224
-224
-223
-222
-222
-220
-219
-216
-216
-216
-215
-215
-215
-213
-212
-211
-209
-208
-207
-207
-205
-204
-194
-193
-190
-190
-190
-189
-189
-187
-186
-182
-181
-169
-164
-163
-163
-162
-160
-159
-158
-157
-156
-155
-154
-152
-152
-136
-133
-132
-130
-129
-128
-128
-126
-125
-125
-122
-118
-117
-113
-110
-105
-104
-103
-102
-101
-100
-95
-93
-92
-91
-91
-85
-83
-83
-83
-82
-79
-78
-78
-76
-74
-73
-72
-71
-70
-68
-67
-67
-63
-63
-60
-59
-56
-54
-53
-52
-51
-51
-49
-41
-40
-39
-35
-27
-27
-25
-21
-20
-18
-17
-15
-12
-11
-10
-8
-7
-6
-3
-2
-2
-1
2
4
4
6
6
7
13
13
15
15
17
19
21
24
26
26
28
29
37
38
38
50
52
57
62
63
65
67
67
68
74
75
80
80
81
82
87
91
91
94
96
98
102
105
107
113
113
121
123
124
130
132
134
135
135
140
144
145
146
146
146
147
149
150
157
163
167
169
170
173
173
174
176
177
189
190
195
198
198
204
204
208
208
209
209
211
212
212
216
218
218
219
222
224
229
232
234
236
244
246
247
248
253
253
256
257
260
262
262
264
266
267
272
272
272
276
276
282
283
284
285
285
285
290
294
295
296
298
298
298
298
306
308
309
312
314
319
323
323
324
325
332
334
335
336
339
343
344
345
349
350
350
351
352
358
359
362
363
363
365
365
368
370
372
374
376
380
381
383
386
387
390
391
394
396
399
399
401
403
403
404
405
407
411
411
412
415
418
418
419
420
427
429
429
429
431
432
434
436
439
439
440
440
447
447
455
455
456
457
457
459
463
464
464
464
464
468
472
473
476
480
482
484
485
490
492
492
492
496
497
500
502
504
504
509
510
520
520
521
523
524
524
529
529
529
532
533
535
539
539
547
548
549
550
550
554
554
554
556
558
558
559
566
569
571
572
573
574
577
578
578
579
580
587
587
589
591
593
602
604
606
608
614
616
617
617
618
620
623
623
624
625
625
628
630
632
634
635
638
639
639
641
642
644
645
645
646
648
648
650
650
655
655
656
656
661
662
663
663
666
667
667
667
669
674
677
678
678
679
684
686
688
688
688
691
696
698
699
700
701
701
701
702
704
705
707
707
716
718
722
722
723
726
726
731
733
734
736
737
741
743
743
749
749
750
750
751
762
762
762
765
769
769
772
773
775
782
782
783
784
784
791
794
795
796
796
797
799
802
802
807
807
808
811
811
812
816
820
826
829
830
830
834
840
841
845
846
847
849
851
851
852
852
860
862
869
873
873
873
873
876
878
880
880
888
888
891
892
893
893
894
896
897
903
905
905
906
907
909
916
917
922
931
933
936
936
941
941
941
944
945
950
951
952
953
953
955
961
962
963
970
972
977
978
981
981
987
987
993
995
996