-999
-998
-997
-996
-995
-995
-994
-993
-991
-985
-982
-982
-977
-977
-969
-966
-963
-962
-960
-959
-959
-959
-956
-955
-954
-950
-948
-945
-945
-943
-943
-942
-940
-938
-937
-936
-935
-934
-934
-931
-927
-926
-926
-923
-921
-921
-911
-910
-909
-908
-908
-906
-905
-905
-902
-901
-893
-890
-887
-885
-883
-883
-883
-883
-881
-878
-877
-877
-873
-872
-869
-866
-859
-859
-858
-858
-855
-855
-852
-846
-837
-834
-834
-834
-829
-827
-824
-824
-823
-822
-821
-821
-819
-816
-815
-814
-814
-813
-812
-812
-811
-810
-810
-809
-808
-806
-805
-803
-803
-801
-797
-797
-797
-795
-792
-791
-790
-787
-785
-785
-774
-773
-770
-765
-765
-765
-764
-758
-756
-756
-755
-752
-749
-749
-747
-745
-741
-741
-739
-738
-730
-726
-718
-716
-714
-713
-712
-707
-706
-701
-700
-700
-699
-698
-697
-693
-692
-691
-690
-686
-686
-684
-682
-682
-676
-668
-665
-664
-662
-661
-657
-656
-650
-647
-647
-645
-643
-640
-637
-634
-634
-632
-631
-630
-628
-624
-624
-624
-622
-622
-617
-617
-616
-614
-612
-612
-609
-607
-605
-603
-598
-592
-592
-592
-592
-592
-591
-591
-591
-590
-589
-588
-584
-580
-579
-577
-572
-572
-572
-568
-564
-563
-563
-558
-555
-555
-555
-553
-549
-548
-548
-538
-536
-534
-534
-533
-530
-529
-524
-517
-516
-513
-511
-509
-508
-504
-502
-502
-502
-502
-500
-497
-494
-494
-491
-486
-483
-483
-482
-479
-479
-478
-478
-474
-473
-472
-469
-468
-466
-462
-462
-462
-459
-458
-457
-456
-454
-453
-452
-447
-443
-441
-441
-439
-437
-437
-435
-434
-427
-423
-422
-420
-420
-418
-418
-418
-417
-412
-411
-410
-410
-408
-408
-403
-403
-400
-398
-396
-395
-393
-393
-389
-387
-387
-385
-384
-379
-379
-378
-378
-369
-368
-368
-367
-367
-367
-365
-364
-363
-363
-363
-362
-362
-361
-361
-356
-354
-350
-350
-349
-346
-344
-342
-342
-341
-339
-339
-338
-338
-336
-335
-329
-325
-323
-323
-322
-320
-320
-319
-319
-317
-316
-316
-312
-312
-310
-309
-306
-297
-294
-293
-288
-288
-286
-285
-284
-279
-279
-277
-272
-271
-270
-266
-264
-264
-263
-263
-262
-261
-261
-259
-259
-258
-256
-253
-252
-251
-248
-248
-246
-245
-244
-240
-238
-237
-237
-236
-236
-234
-232
-230
-228
-223
-219
-215
-207
-207
-206
-205
-205
-204
-198
-195
-195
-192
-186
-177
-177
-176
-174
-172
-165
-161
-159
-155
-154
-152
-152
-147
-144
-143
-142
-141
-140
-139
-139
-135
-134
-132
-132
-132
-127
-122
-121
-117
-116
-113
-113
-103
-102
-100
-97
-97
-91
-90
-90
-85
-85
-85
-82
-82
-80
-80
-78
-77
-75
-73
-69
-69
-66
-65
-64
-64
-64
-63
-61
-61
-60
-48
-48
-42
-41
-41
-38
-38
-37
-34
-29
-27
-26
-25
-23
-19
-16
-16
-16
-13
-12
-12
-6
-4
-4
-3
-1
-1
-1
1
1
4
7
8
9
11
14
21
22
23
25
27
27
27
32
34
35
37
37
41
46
47
50
51
54
55
55
55
56
60
61
63
66
66
71
72
74
75
80
81
84
86
86
96
96
96
98
98
101
102
102
103
108
108
113
115
116
120
123
128
129
131
132
132
133
133
134
137
139
141
146
146
151
153
160
161
162
165
165
166
166
167
167
169
169
169
169
171
172
172
173
174
174
177
182
182
183
183
184
187
188
192
197
203
213
214
217
219
220
229
230
231
234
235
235
237
242
243
243
247
247
252
253
257
260
260
265
265
270
274
277
280
280
282
287
293
293
293
295
296
299
304
305
307
308
308
309
312
312
314
315
317
318
319
325
327
327
329
335
338
339
339
342
342
345
347
349
352
353
355
355
356
358
361
369
376
379
381
382
383
388
392
393
394
397
399
404
406
411
411
415
417
418
421
421
427
429
429
431
434
435
436
437
437
438
441
441
442
445
446
446
449
450
452
453
457
457
457
459
463
464
465
467
468
468
483
484
485
488
492
493
493
495
496
496
497
498
498
498
498
500
500
503
505
506
509
510
512
514
516
523
525
530
533
536
537
541
541
542
543
543
546
551
552
553
555
556
558
559
561
562
566
567
567
569
578
584
586
587
588
590
590
592
594
598
603
605
612
615
618
620
622
629
629
632
634
637
637
641
644
645
646
648
653
653
655
657
658
664
668
668
669
671
671
672
672
673
674
678
678
678
678
680
681
681
684
685
685
686
690
691
691
691
692
703
706
709
711
715
716
721
722
723
723
724
729
734
736
736
740
741
741
743
743
744
751
752
758
763
769
769
770
772
773
773
775
777
779
779
780
781
781
783
790
794
796
800
803
803
806
807
809
809
810
814
816
818
820
821
822
826
827
829
838
839
843
846
847
847
847
854
859
863
865
868
868
870
872
872
873
876
881
881
886
886
887
890
893
895
896
899
901
903
903
904
904
906
908
909
910
912
912
912
915
916
918
919
919
923
923
923
925
926
941
941
941
943
943
943
946
947
949
951
954
955
957
957
959
962
962
962
965
965
965
965
966
969
969
971
974
975
976
978
978
981
981
986
986
991
991
994
996
999