-1000
-997
-991
-990
-984
-984
-983
-983
-975
-973
-971
-964
-963
-959
-954
-952
-948
-948
-946
-945
-945
-940
-934
-931
-929
-928
-925
-924
-922
-922
-922
-921
-920
-917
-916
-916
-914
-908
-906
-905
-902
-894
-892
-890
-886
-884
-881
-880
-880
-880
-880
-876
-871
-871
-867
-865
-863
-861
-859
-857
-852
-851
-851
-849
-848
-848
-846
-845
-844
-842
-841
-841
-840
-836
-836
-835
-835
-834
-828
-827
-826
-823
-813
-812
-812
-811
-806
-804
-802
-801
-797
-795
-794
-793
-792
-792
-792
-787
-785
-784
-784
-783
-779
-778
-777
-777
-776
-771
-769
-766
-762
-757
-756
-756
-753
-753
-747
-744
-743
-738
-737
-737
-737
-734
-732
-731
-731
-730
-723
-720
-719
-719
-717
-715
-715
-713
-709
-704
-703
-694
-694
-694
-692
-691
-690
-688
-685
-684
-684
-683
-683
-681
-674
-670
-670
-664
-663
-662
-661
-659
-659
-659
-656
-654
-651
-649
-649
-646
-643
-642
-642
-641
-637
-634
-631
-628
-626
-622
-612
-610
-609
-608
-608
-607
-603
-602
-602
-595
-592
-590
-588
-586
-582
-581
-575
-573
-573
-572
-566
-566
-562
-560
-559
-555
-554
-549
-547
-542
-537
-535
-534
-533
-533
-532
-529
-529
-526
-525
-524
-523
-520
-515
-511
-509
-503
-500
-499
-498
-496
-496
-494
-490
-489
-488
-485
-485
-485
-485
-484
-481
-480
-478
-478
-477
-477
-477
-476
-473
-473
-472
-470
-465
-462
-461
-459
-458
-456
-453
-449
-447
-444
-440
-439
-437
-433
-430
-428
-428
-427
-426
-423
-422
-418
-416
-410
-407
-404
-402
-400
-400
-399
-395
-393
-393
-392
-392
-390
-389
-388
-388
-388
-387
-383
-381
-380
-377
-376
-372
-372
-371
-370
-369
-368
-365
-364
-361
-361
-359
-352
-352
-351
-348
-344
-334
-334
-332
-330
-329
-328
-327
-322
-322
-320
-319
-318
-318
-317
-317
-316
-316
-315
-314
-313
-312
-307
-307
-305
-305
-304
-302
-302
-302
-300
-299
-297
-295
-294
-281
-280
-280
-280
-280
-279
-279
-276
-276
-272
-271
-271
-270
-270
-269
-268
-266
-266
-266
-264
-262
-261
-253
-249
-249
-248
-244
-244
-241
-240
-234
-232
-229
-229
-228
-226
-225
-223
-222
-219
-214
-211
-205
-205
-203
-203
-203
-199
-196
-195
-188
-188
-182
-179
-176
-173
-171
-169
-167
-166
-163
-163
-158
-152
-151
-151
-150
-150
-148
-143
-142
-138
-132
-129
-126
-126
-123
-120
-118
-117
-117
-113
-112
-111
-108
-108
-108
-105
-104
-93
-90
-90
-89
-89
-87
-86
-79
-74
-73
-73
-73
-68
-66
-66
-65
-65
-61
-61
-61
-58
-58
-56
-51
-50
-45
-43
-43
-41
-39
-37
-36
-34
-32
-31
-24
-20
-20
-17
-14
-13
-9
-6
-3
-2
3
4
6
8
15
17
20
20
21
24
26
28
29
29
30
33
36
37
37
38
41
41
42
43
45
45
46
47
47
49
57
58
59
62
63
63
64
66
67
69
69
70
72
74
75
76
80
80
80
83
88
88
90
102
103
104
105
106
107
109
111
111
112
113
118
118
118
120
122
122
123
125
126
128
130
133
133
135
136
142
143
149
151
155
156
156
156
157
158
159
160
164
167
169
170
170
173
174
175
181
187
187
188
190
194
196
197
201
202
203
204
206
211
212
213
214
214
215
216
221
223
225
226
231
231
231
232
237
237
237
241
241
241
243
244
249
250
252
253
256
256
257
260
260
260
260
264
266
266
266
267
268
270
270
271
279
286
295
296
297
297
300
301
301
303
304
307
308
312
316
316
319
320
324
331
333
333
338
338
339
342
344
345
346
349
350
354
355
358
361
361
367
367
370
370
376
377
377
381
383
387
389
390
392
392
393
396
397
398
398
400
401
402
415
420
421
425
428
435
435
436
439
439
440
444
445
454
455
457
460
460
460
464
471
472
472
473
477
477
480
486
486
490
491
491
493
494
496
496
497
498
502
502
503
505
509
510
512
514
514
515
517
517
518
518
523
526
531
534
534
534
542
543
543
547
548
552
552
554
554
558
560
562
562
563
565
567
567
569
571
574
577
580
581
585
587
588
588
589
590
592
592
598
601
601
602
603
603
604
607
608
610
612
613
614
618
619
619
619
623
623
625
625
625
625
627
628
628
629
629
629
635
635
638
640
644
645
646
652
652
654
656
657
661
663
664
666
667
671
673
674
676
680
680
681
683
685
686
690
691
692
692
694
694
696
699
701
701
704
708
708
709
710
710
715
716
719
727
727
728
729
731
731
731
732
732
736
737
738
740
743
744
744
744
747
750
754
755
756
757
757
758
759
761
762
762
766
768
768
769
769
770
771
773
774
774
775
777
781
784
792
792
795
795
799
799
799
801
802
802
807
808
812
814
818
819
822
822
824
825
828
830
831
836
838
841
841
847
847
847
848
849
857
860
862
863
868
868
870
876
879
880
885
887
888
888
889
892
893
895
899
901
901
910
915
917
925
925
927
929
930
930
932
932
932
933
934
934
936
939
942
942
946
947
947
947
949
954
956
957
964
967
968
971
972
975
977
978
981
984
989
992
996
997
997
998
998
1000
1000