-1000
-999
-996
-986
-983
-980
-979
-979
-978
-975
-967
-963
-961
-960
-956
-953
-948
-941
-941
-940
-939
-935
-934
-932
-931
-929
-923
-919
-916
-914
-911
-908
-906
-905
-904
-901
-899
-899
-897
-897
-892
-890
-889
-888
-887
-886
-886
-885
-877
-876
-875
-874
-873
-873
-873
-872
-867
-867
-862
-862
-861
-861
-856
-854
-853
-853
-853
-853
-852
-850
-849
-847
-845
-844
-842
-836
-835
-835
-832
-830
-830
-826
-825
-824
-821
-817
-810
-810
-804
-803
-801
-797
-795
-792
-789
-788
-787
-781
-781
-779
-778
-777
-775
-771
-770
-770
-769
-769
-765
-763
-761
-756
-755
-752
-751
-750
-742
-740
-739
-739
-737
-737
-730
-729
-728
-727
-727
-726
-725
-725
-723
-717
-717
-716
-712
-709
-704
-703
-702
-702
-701
-697
-697
-690
-690
-688
-688
-687
-686
-686
-684
-683
-681
-681
-678
-674
-671
-671
-669
-668
-667
-663
-662
-662
-659
-658
-658
-658
-657
-657
-656
-644
-643
-643
-643
-641
-638
-635
-634
-632
-632
-630
-629
-625
-624
-621
-611
-609
-603
-599
-597
-595
-594
-593
-592
-575
-575
-572
-570
-569
-564
-564
-562
-562
-561
-561
-555
-554
-553
-552
-550
-549
-547
-546
-545
-541
-540
-538
-536
-533
-527
-526
-525
-522
-518
-518
-517
-517
-515
-511
-504
-502
-501
-501
-501
-500
-500
-494
-493
-490
-488
-485
-484
-481
-479
-479
-478
-476
-472
-471
-470
-469
-469
-469
-468
-462
-461
-447
-446
-444
-441
-439
-439
-433
-433
-430
-428
-427
-425
-425
-425
-424
-422
-420
-419
-415
-415
-412
-411
-410
-409
-407
-405
-405
-399
-398
-397
-396
-394
-390
-389
-386
-383
-375
-373
-373
-371
-371
-369
-366
-366
-363
-360
-358
-354
-351
-348
-347
-346
-341
-335
-333
-332
-332
-328
-327
-324
-323
-318
-311
-307
-306
-305
-304
-303
-301
-299
-294
-289
-289
-287
-286
-286
-286
-282
-281
-279
-279
-278
-274
-274
-273
-272
-271
-271
-265
-265
-264
-263
-262
-262
-259
-258
-258
-254
-254
-253
-251
-247
-246
-244
-243
-239
-238
-236
-235
-230
-224
-224
-222
-222
-213
-212
-209
-207
-203
-202
-202
-199
-198
-195
-194
-194
-193
-192
-190
-182
-181
-180
-180
-180
-166
-166
-163
-160
-159
-159
-158
-157
-156
-147
-146
-144
-141
-140
-140
-140
-139
-139
-137
-136
-134
-129
-128
-125
-124
-122
-121
-120
-119
-117
-116
-111
-110
-109
-109
-107
-106
-103
-103
-100
-94
-93
-89
-87
-86
-85
-85
-85
-84
-84
-81
-77
-75
-66
-66
-65
-57
-57
-56
-47
-45
-45
-45
-44
-42
-41
-38
-36
-35
-31
-28
-27
-27
-16
-15
-14
-12
-11
1
2
5
8
9
11
12
12
12
18
20
20
23
26
30
31
34
38
39
39
44
46
47
48
48
52
52
53
58
58
59
61
61
62
63
64
66
67
72
73
75
77
77
80
81
82
83
83
84
84
86
88
88
88
89
90
95
96
97
98
99
100
102
104
108
109
109
110
113
115
119
120
122
126
128
128
129
130
134
136
137
139
143
144
145
147
149
152
154
154
156
159
161
161
163
163
164
165
167
167
168
170
172
176
176
179
181
187
190
192
193
198
202
204
204
206
208
209
209
211
213
214
218
220
224
225
228
231
236
237
237
240
242
244
246
246
247
247
248
249
251
255
256
261
265
265
269
269
269
270
272
274
287
291
291
291
300
301
301
304
309
310
310
312
315
318
320
321
323
329
331
334
334
335
336
338
340
344
346
348
348
354
355
356
356
358
359
359
360
361
364
365
368
376
378
380
383
383
388
391
392
392
394
394
396
396
397
406
408
413
414
416
416
418
420
422
424
424
424
425
425
426
428
431
437
440
445
448
452
452
454
454
460
463
465
469
473
474
475
484
485
486
486
488
490
490
491
494
494
494
498
498
499
499
503
504
505
506
508
509
509
510
513
515
517
519
519
521
521
523
525
528
530
532
534
539
539
539
543
543
544
545
546
547
548
548
549
552
553
554
555
557
557
558
559
566
567
568
569
578
579
580
581
585
589
591
597
597
598
599
605
606
606
609
609
613
613
614
615
616
618
618
620
623
626
628
630
631
633
636
638
640
642
643
643
644
648
655
656
657
659
669
670
671
673
678
679
680
680
682
683
684
684
685
686
687
688
689
692
693
700
701
702
704
704
706
709
709
713
714
714
717
717
717
718
719
720
722
727
731
732
733
734
735
735
736
738
741
743
745
745
745
745
747
754
758
758
762
762
762
764
766
766
768
770
770
770
771
773
776
778
780
782
783
785
785
786
788
791
794
795
797
799
799
802
803
804
807
807
808
809
812
812
814
815
815
817
823
835
839
840
849
849
850
852
857
858
859
859
860
862
864
865
867
868
871
875
877
878
882
882
887
887
889
892
900
901
902
902
906
906
906
907
908
911
913
915
916
918
919
920
920
926
927
928
930
930
934
935
937
938
939
940
940
942
944
947
948
949
950
950
950
955
958
960
963
964
968
969
971
975
976
976
978
982
982
985
987
987
988
989
989
991
993
995
997
999
999
999
999
1000