-999
-999
-997
-997
-996
-995
-992
-992
-986
-984
-983
-982
-979
-976
-975
-975
-975
-973
-973
-969
-967
-967
-965
-964
-961
-960
-959
-957
-956
-955
-952
-952
-950
-948
-947
-939
-937
-937
-935
-933
-931
-931
-929
-929
-928
-924
-923
-921
-921
-920
-917
-916
-916
-911
-910
-909
-908
-905
-904
-904
-904
-901
-892
-891
-886
-885
-885
-881
-881
-879
-878
-876
-875
-875
-874
-874
-872
-871
-865
-865
-863
-860
-857
-855
-853
-852
-852
-850
-847
-847
-845
-845
-844
-839
-837
-836
-835
-834
-831
-825
-821
-818
-817
-816
-815
-812
-809
-809
-807
-807
-803
-802
-796
-796
-793
-781
-775
-770
-770
-765
-765
-764
-759
-757
-754
-751
-749
-747
-747
-742
-741
-736
-732
-730
-728
-725
-723
-721
-721
-720
-708
-707
-706
-702
-702
-700
-699
-697
-694
-693
-689
-687
-686
-686
-685
-685
-682
-678
-677
-675
-675
-673
-671
-670
-667
-667
-666
-664
-664
-660
-660
-660
-659
-657
-653
-653
-651
-649
-649
-648
-648
-647
-641
-641
-640
-636
-635
-630
-629
-627
-625
-625
-622
-621
-617
-617
-615
-612
-608
-607
-607
-604
-602
-602
-600
-599
-598
-592
-592
-586
-585
-585
-583
-577
-573
-571
-571
-570
-570
-568
-564
-561
-553
-553
-551
-551
-550
-550
-545
-543
-542
-539
-535
-534
-530
-530
-529
-529
-527
-525
-525
-523
-523
-521
-518
-517
-514
-508
-508
-507
-507
-506
-506
-505
-505
-504
-502
-499
-496
-494
-492
-492
-491
-489
-489
-488
-486
-486
-486
-484
-479
-474
-474
-473
-472
-470
-467
-466
-465
-459
-458
-453
-453
-451
-449
-442
-439
-436
-428
-427
-426
-425
-424
-419
-416
-415
-412
-406
-404
-401
-397
-395
-390
-390
-390
-389
-388
-385
-381
-379
-377
-374
-370
-366
-365
-364
-357
-357
-357
-355
-354
-353
-350
-346
-345
-344
-341
-339
-336
-331
-326
-325
-322
-320
-320
-319
-319
-319
-316
-314
-314
-313
-309
-309
-307
-307
-306
-304
-303
-302
-298
-298
-296
-291
-287
-286
-277
-277
-272
-272
-272
-268
-264
-260
-259
-258
-258
-257
-255
-251
-249
-248
-248
-244
-242
-237
-237
-233
-231
-229
-226
-226
-222
-222
-222
-222
-220
-219
-219
-219
-216
-215
-215
-208
-205
-201
-200
-200
-194
-191
-188
-187
-186
-184
-183
-182
-181
-180
-177
-176
-175
-168
-167
-165
-165
-165
-163
-162
-159
-158
-158
-158
-157
-156
-155
-153
-151
-149
-146
-144
-142
-138
-129
-129
-128
-126
-126
-123
-122
-122
-121
-115
-112
-112
-108
-104
-102
-102
-98
-98
-97
-94
-94
-85
-85
-82
-75
-71
-71
-68
-63
-61
-61
-61
-56
-53
-53
-52
-52
-50
-48
-48
-46
-45
-44
-38
-34
-33
-31
-24
-15
-14
-13
-13
-12
-10
-8
-3
-2
-2
2
3
5
6
8
10
11
15
17
18
20
21
24
26
26
26
27
29
30
32
32
38
38
43
44
45
46
48
50
51
56
59
61
62
65
68
69
70
70
71
74
74
75
78
78
82
85
86
86
88
89
91
95
96
97
97
97
99
105
105
105
107
112
114
115
115
116
117
119
119
121
129
134
137
143
148
152
152
153
154
157
157
160
161
165
165
166
167
170
171
171
177
178
179
182
184
184
184
185
188
191
194
195
196
201
201
205
205
206
206
206
207
212
220
221
221
223
225
225
227
227
228
231
232
233
235
235
236
237
237
238
240
240
241
242
242
242
244
244
247
247
256
261
263
269
272
274
275
277
281
287
288
294
295
303
309
311
313
317
319
322
327
329
330
331
333
335
335
336
337
342
347
348
352
353
357
358
361
363
366
366
373
375
379
383
388
389
390
391
392
398
398
399
399
401
402
402
404
407
408
408
408
409
410
412
413
413
414
415
417
418
419
419
420
422
422
425
428
428
432
432
436
438
439
441
441
442
450
453
457
458
462
463
464
465
466
466
467
468
470
471
471
471
472
477
477
480
480
482
485
487
489
491
492
494
494
496
496
498
499
499
504
506
506
506
506
508
510
510
512
512
512
513
513
517
522
527
530
532
535
537
543
544
548
549
551
554
554
556
556
561
561
562
564
565
568
571
572
575
576
577
580
581
583
585
587
593
593
598
599
601
604
605
606
607
608
609
613
614
616
617
619
619
620
622
622
628
629
630
630
632
634
637
640
640
648
648
649
652
656
659
660
661
661
667
669
669
670
671
674
675
675
680
683
683
683
684
686
689
692
694
698
699
700
702
704
706
707
708
708
709
710
713
715
718
718
729
731
732
733
738
741
742
743
744
746
746
747
748
751
753
754
756
759
762
762
763
766
767
767
768
774
777
777
778
785
785
787
787
791
792
794
796
799
803
804
806
807
808
809
810
813
816
818
822
827
828
831
831
833
834
834
835
836
836
836
838
842
843
851
854
862
863
871
874
874
874
874
878
881
881
887
888
890
890
890
897
897
899
901
903
906
908
908
912
913
914
915
915
916
918
926
929
930
931
931
932
935
939
940
940
941
941
948
950
952
953
958
959
962
963
964
964
965
968
968
969
971
971
971
971
973
974
975
980
982
985
988
989
996