-1000
-999
-995
-994
-994
-994
-993
-993
-992
-990
-989
-987
-987
-984
-983
-983
-981
-980
-979
-977
-973
-973
-971
-969
-966
-966
-964
-962
-962
-960
-955
-955
-954
-948
-935
-934
-926
-925
-920
-919
-917
-915
-910
-910
-910
-909
-909
-904
-903
-898
-895
-893
-893
-892
-892
-883
-879
-877
-876
-876
-873
-867
-863
-859
-858
-857
-855
-855
-852
-851
-851
-849
-845
-842
-836
-834
-830
-829
-828
-827
-823
-821
-820
-820
-814
-811
-810
-806
-800
-798
-798
-796
-793
-784
-782
-781
-776
-772
-770
-770
-769
-762
-760
-757
-755
-754
-754
-754
-753
-752
-750
-749
-746
-741
-740
-736
-733
-730
-728
-722
-721
-720
-719
-716
-715
-715
-713
-710
-709
-709
-705
-700
-700
-698
-697
-697
-695
-689
-688
-688
-686
-683
-683
-682
-681
-680
-678
-673
-670
-670
-669
-668
-666
-664
-664
-664
-660
-657
-649
-638
-638
-634
-633
-633
-628
-627
-625
-623
-622
-621
-620
-617
-616
-610
-609
-606
-605
-604
-599
-597
-591
-589
-589
-588
-586
-583
-582
-581
-577
-577
-576
-575
-571
-563
-558
-554
-551
-551
-549
-545
-544
-542
-542
-541
-539
-537
-536
-535
-535
-529
-526
-525
-523
-519
-517
-516
-515
-513
-510
-510
-507
-506
-506
-504
-503
-503
-503
-503
-502
-501
-499
-499
-491
-490
-484
-483
-480
-479
-475
-475
-475
-473
-472
-472
-468
-465
-463
-457
-456
-456
-455
-447
-445
-445
-444
-443
-442
-435
-433
-423
-423
-422
-417
-417
-412
-400
-399
-398
-393
-393
-387
-384
-382
-376
-374
-374
-372
-372
-371
-370
-365
-362
-360
-360
-358
-356
-356
-354
-353
-352
-349
-346
-345
-344
-342
-339
-337
-336
-334
-332
-328
-327
-324
-321
-321
-320
-317
-315
-310
-308
-307
-305
-300
-297
-295
-294
-288
-288
-286
-284
-284
-282
-280
-280
-276
-275
-273
-272
-265
-262
-257
-250
-249
-249
-248
-247
-245
-242
-239
-239
-238
-236
-236
-234
-233
-232
-231
-228
-226
-217
-216
-212
-207
-205
-204
-202
-201
-197
-195
-195
-195
-191
-190
-189
-188
-187
-186
-184
-178
-175
-173
-173
-173
-169
-168
-167
-167
-167
-165
-162
-161
-160
-160
-160
-160
-160
-158
-158
-156
-156
-156
-155
-152
-151
-150
-149
-149
-148
-148
-146
-145
-145
-144
-144
-141
-139
-138
-130
-130
-128
-126
-124
-122
-119
-118
-117
-117
-117
-116
-115
-114
-112
-110
-110
-110
-109
-104
-103
-102
-101
-100
-94
-89
-86
-85
-84
-81
-80
-80
-77
-77
-75
-74
-74
-71
-70
-69
-66
-65
-64
-60
-60
-60
-58
-57
-57
-56
-52
-52
-52
-48
-47
-44
-42
-39
-38
-37
-37
-34
-33
-33
-32
-30
-30
-28
-23
-17
-17
-13
-8
-8
-8
-8
-5
-5
-4
-3
-2
-1
-1
-1
2
5
7
7
9
11
15
17
17
20
21
24
27
36
38
39
40
41
41
41
44
47
47
52
53
54
54
54
56
65
65
67
69
70
70
70
74
75
78
79
86
87
88
89
90
93
99
99
100
100
100
101
106
109
111
112
112
116
116
117
119
119
121
122
126
130
130
131
132
134
135
137
138
140
142
142
142
148
151
153
154
157
158
158
159
165
165
165
166
166
167
170
174
177
177
183
187
188
189
192
192
195
196
198
199
200
200
201
201
203
204
204
205
205
206
206
207
208
213
213
215
216
218
223
225
229
231
232
235
236
237
238
239
241
241
244
244
249
252
258
259
261
262
262
266
267
268
268
271
279
284
285
285
287
287
292
292
292
294
294
295
296
298
300
308
310
310
312
314
314
315
316
317
318
319
320
322
325
330
336
340
347
347
347
354
354
354
355
356
357
357
365
368
373
373
375
377
380
383
384
386
387
388
390
396
401
404
406
410
412
413
415
416
417
418
420
422
424
426
427
435
438
441
447
449
450
450
451
451
454
454
455
456
469
469
474
475
479
481
485
486
487
491
493
493
495
496
497
502
503
505
506
508
508
508
511
511
512
512
513
514
515
518
522
526
526
527
528
533
534
535
536
537
537
538
542
545
550
551
553
555
556
561
563
563
566
569
571
572
577
578
579
582
583
583
587
587
590
591
592
592
593
594
596
598
599
605
610
611
612
617
623
625
626
626
628
630
631
632
636
637
638
644
645
647
648
649
651
654
658
658
659
660
667
671
674
675
678
678
679
683
684
685
686
686
689
692
692
695
698
701
704
704
705
708
708
708
710
711
720
721
722
724
725
732
732
733
735
736
736
738
739
743
744
744
747
753
753
757
760
762
762
764
767
768
769
771
772
773
774
775
776
776
778
781
782
784
787
788
788
791
794
795
796
801
804
807
810
811
811
812
814
814
814
817
820
820
822
822
824
824
824
828
830
831
832
837
842
842
843
844
848
848
849
854
858
859
860
862
864
866
866
868
869
872
872
877
878
880
882
883
886
887
888
889
893
893
894
897
899
899
900
901
902
902
905
907
910
913
913
913
914
917
920
921
923
924
925
926
927
937
938
945
952
955
955
957
958
959
959
960
962
962
964
966
972
973
973
977
981
981
982
983
985
988
988
990
993
1000