-1000
-999
-998
-997
-996
-994
-993
-991
-986
-986
-985
-984
-982
-981
-981
-981
-979
-976
-974
-970
-969
-968
-967
-966
-965
-963
-962
-961
-960
-956
-954
-952
-949
-947
-944
-941
-939
-939
-936
-936
-935
-929
-928
-927
-927
-927
-925
-924
-924
-922
-921
-920
-917
-916
-915
-914
-914
-914
-913
-911
-910
-910
-909
-906
-900
-899
-898
-897
-892
-891
-891
-890
-890
-889
-886
-886
-884
-884
-882
-879
-878
-875
-875
-874
-873
-867
-867
-867
-864
-864
-861
-861
-860
-857
-856
-855
-853
-852
-847
-847
-846
-845
-844
-843
-839
-836
-834
-832
-832
-829
-829
-828
-828
-826
-825
-824
-818
-817
-817
-814
-809
-809
-808
-807
-801
-801
-799
-797
-796
-794
-794
-793
-790
-785
-783
-781
-780
-779
-778
-778
-776
-773
-773
-771
-770
-767
-767
-757
-755
-755
-753
-751
-750
-747
-746
-741
-740
-737
-736
-734
-724
-724
-723
-723
-722
-720
-719
-717
-716
-712
-711
-711
-709
-709
-704
-703
-702
-696
-696
-688
-685
-681
-676
-672
-670
-669
-668
-668
-667
-667
-660
-658
-655
-652
-649
-648
-648
-647
-646
-645
-644
-642
-641
-637
-634
-634
-633
-629
-623
-623
-617
-615
-615
-614
-610
-608
-606
-605
-605
-603
-600
-595
-593
-589
-589
-587
-586
-582
-576
-571
-568
-567
-561
-559
-558
-558
-558
-554
-553
-553
-545
-544
-542
-541
-541
-538
-538
-535
-534
-534
-533
-532
-532
-523
-519
-518
-518
-517
-517
-516
-515
-515
-513
-513
-510
-507
-507
-506
-505
-500
-499
-495
-490
-489
-489
-488
-486
-479
-478
-478
-477
-474
-470
-469
-469
-465
-462
-462
-460
-459
-458
-454
-454
-454
-452
-446
-445
-444
-439
-431
-428
-427
-421
-420
-418
-418
-415
-414
-411
-410
-407
-406
-403
-402
-402
-399
-398
-398
-395
-394
-392
-391
-391
-390
-384
-383
-382
-380
-377
-376
-376
-375
-374
-368
-363
-359
-358
-356
-356
-354
-353
-352
-350
-348
-348
-348
-347
-345
-344
-341
-339
-338
-332
-331
-330
-330
-329
-322
-321
-321
-316
-314
-313
-311
-310
-306
-303
-291
-288
-285
-284
-283
-283
-281
-277
-276
-275
-273
-273
-273
-272
-267
-266
-262
-261
-259
-257
-257
-255
-252
-252
-250
-247
-246
-246
-243
-242
-242
-241
-241
-235
-235
-234
-231
-229
-226
-224
-223
-222
-220
-220
-219
-219
-217
-217
-216
-212
-212
-205
-205
-202
-193
-193
-191
-185
-184
-177
-175
-175
-173
-172
-172
-170
-169
-168
-168
-164
-163
-162
-162
-158
-157
-157
-156
-152
-151
-150
-149
-146
-146
-141
-140
-139
-138
-138
-137
-137
-137
-134
-131
-129
-127
-126
-120
-119
-119
-114
-107
-104
-103
-99
-93
-91
-91
-88
-85
-83
-83
-79
-79
-78
-75
-73
-72
-71
-71
-70
-68
-63
-57
-55
-55
-54
-53
-44
-37
-36
-34
-29
-21
-21
-17
-16
-16
-14
-9
-5
-5
-1
-1
0
1
2
3
4
4
5
6
10
16
17
25
33
34
38
40
43
45
46
50
53
61
61
61
65
65
66
66
67
68
72
74
74
75
79
79
79
81
81
86
87
92
97
97
105
106
106
107
109
112
120
121
121
122
131
138
138
140
143
143
146
147
148
149
149
150
150
152
153
154
154
157
157
157
157
159
159
162
166
167
170
173
173
174
178
180
180
181
185
186
188
188
189
190
191
192
193
193
193
194
199
200
204
204
221
221
222
224
227
228
231
233
234
235
236
238
240
247
247
249
254
255
256
261
267
273
274
276
277
278
279
280
282
282
283
284
290
290
290
291
294
300
301
305
309
311
312
312
314
316
316
319
319
329
330
332
333
333
336
337
339
340
341
341
343
343
344
344
346
350
354
354
362
363
364
367
368
370
374
376
376
377
380
382
384
384
385
391
391
393
395
395
396
396
396
398
399
400
401
402
402
402
403
407
408
410
411
412
416
420
422
422
425
425
428
434
435
436
439
442
445
446
446
447
448
448
449
451
452
453
455
457
459
459
462
462
464
472
475
479
482
494
497
498
499
500
501
501
501
501
501
508
510
514
516
519
521
522
523
524
526
530
542
545
547
548
551
556
556
557
560
560
560
569
571
571
575
577
587
587
588
591
591
598
599
603
603
606
606
607
610
611
611
614
615
618
621
622
625
628
628
628
628
628
630
631
632
633
634
635
640
640
642
642
643
645
646
648
648
655
658
661
667
671
672
676
678
680
683
683
685
688
691
693
695
695
696
698
700
701
703
704
706
710
711
713
713
714
714
714
715
716
717
720
721
724
728
729
737
738
740
741
745
745
747
751
757
759
760
762
768
769
770
771
772
774
777
778
779
786
787
789
793
793
794
795
795
796
797
799
800
800
806
807
807
807
810
811
813
813
814
817
818
818
820
828
828
830
832
832
836
837
837
838
840
840
841
841
841
842
843
844
845
847
849
852
858
861
861
861
870
870
880
881
882
886
886
887
889
895
896
898
899
900
904
904
907
907
909
912
913
914
914
916
918
918
918
918
919
920
925
934
937
937
940
944
948
948
948
949
950
951
954
956
958
962
963
967
970
971
976
976
977
983
984
987
991
992
993
996