-995
-991
-991
-990
-984
-983
-981
-979
-979
-978
-977
-977
-971
-971
-970
-965
-962
-961
-960
-954
-951
-951
-951
-947
-947
-939
-938
-936
-936
-934
-933
-933
-931
-926
-923
-920
-918
-916
-916
-915
-914
-914
-912
-907
-901
-893
-892
-890
-889
-887
-887
-886
-886
-884
-883
-878
-878
-878
-877
-874
-865
-864
-862
-861
-853
-848
-847
-846
-845
-843
-843
-842
-840
-836
-835
-833
-831
-831
-828
-828
-826
-825
-823
-823
-822
-822
-822
-818
-817
-816
-807
-800
-798
-795
-794
-788
-785
-783
-779
-778
-778
-778
-777
-775
-774
-774
-771
-769
-767
-765
-762
-761
-761
-758
-755
-752
-752
-752
-749
-749
-748
-747
-747
-747
-746
-745
-745
-741
-741
-739
-738
-737
-736
-729
-729
-729
-727
-727
-727
-727
-726
-718
-715
-714
-710
-709
-707
-706
-702
-700
-698
-698
-694
-689
-687
-687
-685
-684
-681
-680
-678
-678
-678
-669
-668
-667
-665
-663
-661
-657
-653
-648
-644
-643
-639
-638
-638
-638
-634
-630
-629
-629
-628
-628
-626
-626
-626
-625
-625
-624
-623
-622
-621
-620
-620
-619
-616
-614
-610
-608
-598
-596
-596
-595
-595
-594
-592
-592
-591
-588
-586
-585
-584
-583
-582
-581
-579
-579
-577
-576
-575
-575
-572
-568
-567
-565
-565
-564
-564
-564
-563
-560
-549
-548
-546
-542
-541
-539
-539
-537
-535
-534
-532
-524
-523
-522
-520
-519
-519
-518
-515
-515
-514
-511
-510
-508
-500
-497
-495
-490
-489
-484
-483
-483
-479
-478
-473
-472
-471
-464
-464
-461
-456
-454
-451
-451
-451
-447
-447
-446
-442
-438
-438
-435
-435
-426
-420
-420
-414
-414
-413
-412
-407
-407
-406
-405
-405
-403
-401
-398
-396
-393
-392
-392
-391
-386
-383
-381
-380
-379
-379
-379
-374
-374
-372
-372
-370
-365
-362
-361
-358
-358
-356
-355
-354
-353
-348
-348
-348
-348
-346
-342
-342
-340
-340
-339
-338
-338
-338
-336
-331
-331
-331
-325
-323
-321
-320
-320
-320
-314
-305
-303
-299
-299
-298
-292
-291
-290
-289
-285
-276
-273
-273
-272
-270
-268
-266
-263
-262
-262
-262
-260
-259
-258
-257
-255
-255
-255
-252
-251
-248
-247
-246
-245
-243
-242
-238
-237
-235
-234
-234
-232
-232
-228
-228
-227
-223
-220
-219
-218
-210
-208
-207
-204
-201
-200
-198
-196
-196
-195
-193
-193
-190
-182
-181
-180
-176
-176
-175
-172
-171
-168
-168
-161
-157
-157
-155
-151
-148
-144
-142
-138
-135
-134
-129
-128
-126
-126
-126
-125
-123
-120
-119
-117
-115
-114
-110
-109
-108
-108
-107
-107
-106
-104
-104
-103
-100
-99
-98
-97
-97
-94
-94
-91
-91
-89
-89
-84
-82
-78
-76
-75
-74
-71
-67
-66
-65
-63
-62
-61
-54
-48
-46
-46
-45
-38
-38
-29
-28
-28
-23
-22
-20
-14
-9
-9
-9
-9
-9
-7
-6
-4
0
1
4
4
6
7
8
8
9
9
10
11
15
18
22
23
25
26
30
34
37
39
39
40
46
53
55
56
57
59
64
65
67
74
76
76
78
80
83
89
90
91
92
95
96
99
100
100
102
107
108
116
120
120
122
123
125
132
135
135
135
135
137
137
140
140
144
145
158
162
163
163
168
170
170
173
179
180
181
182
183
187
187
188
191
193
193
196
197
202
203
205
208
208
209
216
216
217
222
223
225
226
227
227
229
230
230
230
233
238
240
247
248
252
252
259
262
265
266
268
268
270
271
271
274
275
276
277
286
287
289
291
294
295
295
297
298
301
301
302
307
312
313
320
321
321
323
327
327
329
330
332
334
335
340
340
343
343
345
350
351
351
352
353
355
366
368
369
371
372
373
375
377
381
381
384
385
385
387
390
391
391
392
394
395
395
396
397
399
400
400
400
400
400
401
404
405
405
406
407
409
410
412
414
414
415
416
418
419
422
423
425
425
429
429
437
440
445
449
450
452
453
462
466
467
469
469
471
475
476
477
479
482
482
483
490
491
493
493
493
501
505
505
506
506
506
508
509
511
514
514
515
516
517
518
519
520
521
522
527
528
530
530
531
532
535
537
539
545
548
550
550
552
553
556
557
558
559
563
563
565
566
566
572
573
575
576
579
579
580
581
582
585
585
586
587
588
591
592
594
596
604
607
609
610
613
616
616
617
618
624
624
631
631
633
634
634
634
635
635
635
636
648
648
650
652
652
652
656
656
657
658
660
663
663
664
666
673
676
677
678
679
679
682
683
688
689
690
691
695
696
700
703
705
706
706
706
707
708
708
708
712
712
713
718
719
720
721
721
723
725
725
727
728
732
735
743
745
748
752
755
759
761
761
762
764
764
765
765
766
769
775
776
777
785
789
789
794
797
798
799
801
802
804
804
805
806
810
810
810
815
824
827
827
828
829
833
839
839
839
841
847
850
851
854
855
856
858
858
860
863
864
864
865
865
866
866
869
871
871
871
874
875
877
882
889
890
893
895
897
902
904
908
913
920
921
922
924
925
928
930
931
931
933
934
939
943
943
946
947
947
955
957
958
959
961
962
963
966
966
968
972
975
975
977
978
978
978
981
982
985
988
989
989
994
997
998
998