-1000
-1000
-1000
-995
-989
-989
-988
-985
-982
-980
-978
-978
-977
-976
-967
-959
-959
-959
-958
-958
-957
-957
-952
-949
-945
-944
-943
-942
-939
-937
-935
-934
-931
-930
-927
-926
-925
-924
-924
-921
-920
-919
-912
-910
-910
-906
-905
-904
-903
-900
-899
-895
-891
-888
-885
-885
-884
-882
-881
-880
-880
-877
-876
-876
-875
-875
-875
-872
-871
-866
-865
-864
-863
-862
-861
-857
-855
-855
-855
-853
-851
-846
-846
-845
-845
-841
-840
-840
-835
-834
-834
-833
-832
-829
-828
-823
-814
-814
-814
-811
-809
-807
-807
-805
-803
-802
-802
-802
-802
-797
-793
-793
-792
-792
-792
-792
-792
-790
-780
-779
-779
-777
-776
-775
-772
-772
-771
-767
-765
-764
-758
-758
-757
-753
-751
-750
-749
-748
-741
-741
-740
-736
-734
-733
-732
-730
-727
-725
-723
-716
-714
-712
-710
-709
-709
-707
-707
-706
-705
-704
-704
-701
-700
-698
-698
-694
-691
-685
-681
-680
-679
-677
-674
-673
-673
-671
-667
-667
-662
-661
-660
-660
-659
-658
-657
-654
-654
-654
-651
-649
-648
-648
-646
-645
-641
-638
-635
-630
-630
-629
-628
-627
-625
-621
-617
-616
-615
-614
-614
-610
-608
-607
-607
-607
-600
-598
-596
-594
-594
-590
-589
-589
-588
-587
-584
-582
-578
-575
-575
-574
-572
-570
-570
-565
-564
-563
-559
-551
-548
-546
-544
-543
-543
-541
-541
-539
-534
-532
-528
-527
-522
-520
-520
-519
-519
-514
-513
-513
-509
-509
-509
-509
-508
-507
-500
-498
-498
-496
-495
-493
-491
-491
-491
-490
-485
-478
-478
-475
-475
-474
-473
-473
-471
-471
-469
-465
-463
-462
-460
-457
-454
-448
-448
-446
-441
-440
-438
-435
-427
-426
-425
-425
-422
-422
-421
-417
-415
-415
-414
-414
-414
-405
-404
-403
-402
-401
-399
-397
-392
-387
-386
-384
-383
-382
-378
-371
-370
-368
-368
-366
-360
-359
-353
-346
-343
-340
-338
-335
-334
-331
-330
-327
-327
-325
-324
-324
-324
-320
-317
-316
-315
-312
-312
-311
-310
-308
-308
-306
-305
-303
-298
-296
-293
-292
-290
-288
-287
-282
-282
-280
-280
-279
-270
-267
-267
-264
-258
-254
-253
-251
-249
-247
-244
-244
-243
-240
-238
-235
-232
-227
-227
-223
-222
-220
-218
-217
-215
-214
-210
-209
-205
-205
-204
-202
-199
-199
-199
-197
-196
-187
-186
-184
-183
-181
-181
-176
-175
-174
-172
-171
-170
-168
-168
-167
-166
-162
-161
-161
-160
-157
-154
-154
-153
-153
-151
-151
-145
-145
-141
-138
-138
-137
-135
-135
-131
-131
-130
-128
-128
-123
-119
-115
-110
-105
-104
-103
-101
-101
-97
-96
-94
-91
-90
-89
-86
-85
-84
-83
-79
-78
-75
-73
-71
-70
-68
-66
-62
-60
-56
-56
-49
-48
-48
-48
-45
-42
-41
-40
-40
-39
-38
-37
-37
-35
-30
-25
-20
-15
-10
-9
-6
-2
1
2
6
9
9
13
13
14
17
21
23
34
35
38
40
40
41
44
47
48
48
50
50
50
50
51
52
53
54
55
57
63
65
69
70
72
73
73
75
83
85
86
88
89
93
94
96
99
101
104
104
105
111
116
119
120
120
124
125
126
126
126
126
132
132
133
133
134
134
139
139
143
147
148
150
150
150
153
155
156
156
157
158
160
160
167
169
169
169
170
170
170
170
171
171
174
174
178
179
184
185
187
189
190
196
196
198
201
202
203
209
209
210
215
224
228
229
230
233
234
240
242
243
245
246
249
254
260
261
263
264
266
269
273
273
273
277
278
280
280
281
283
284
286
292
292
292
295
297
302
302
302
305
306
307
307
308
309
310
311
311
312
312
314
315
315
317
317
323
324
324
325
327
329
334
336
342
344
345
346
347
349
353
354
356
359
362
364
364
366
368
370
372
372
379
380
382
382
383
385
387
389
389
391
392
392
397
398
398
399
402
402
404
404
405
406
406
408
408
410
413
418
422
423
425
433
437
437
438
439
443
445
446
447
447
450
451
451
456
458
461
461
468
470
471
475
480
481
483
484
485
486
487
488
497
498
501
502
502
502
503
505
507
507
507
511
512
517
525
525
526
528
529
533
540
540
541
546
559
565
567
569
571
571
575
577
579
582
582
582
583
583
584
584
585
585
585
589
592
596
596
597
601
601
601
604
607
609
611
614
614
620
622
623
624
626
627
627
629
629
629
632
633
634
638
639
640
641
644
645
645
646
648
650
650
651
652
660
661
663
666
668
668
672
679
681
681
682
682
684
685
691
692
694
695
707
717
719
719
721
727
727
728
728
732
734
735
736
736
744
745
746
753
754
758
760
766
767
768
769
776
778
779
779
781
782
788
788
790
790
792
794
798
799
800
800
800
800
801
808
810
811
812
813
814
817
818
821
823
825
826
827
837
838
839
843
843
843
846
847
848
850
856
862
862
863
865
866
866
868
868
870
870
872
873
873
878
879
884
885
887
887
888
896
898
899
902
903
904
904
904
909
909
909
913
914
914
919
921
924
924
925
925
926
927
927
928
929
934
943
943
943
947
948
949
949
950
952
955
955
956
956
956
957
964
965
970
974
975
977
979
984
984
986
986
986
989
998