-1000
-1000
-995
-992
-989
-989
-984
-983
-983
-981
-972
-971
-970
-969
-968
-960
-960
-959
-958
-956
-951
-948
-946
-946
-941
-939
-937
-936
-935
-935
-933
-927
-925
-919
-918
-918
-916
-912
-908
-906
-899
-899
-898
-895
-893
-892
-891
-890
-883
-881
-880
-879
-879
-874
-871
-858
-858
-857
-857
-851
-849
-848
-847
-846
-841
-841
-834
-833
-825
-825
-824
-822
-820
-820
-820
-819
-815
-813
-811
-809
-803
-802
-801
-796
-796
-793
-792
-790
-788
-786
-786
-775
-774
-774
-771
-769
-769
-768
-767
-766
-766
-761
-759
-757
-757
-756
-752
-750
-748
-746
-745
-740
-740
-739
-738
-735
-735
-735
-734
-729
-727
-726
-726
-725
-723
-723
-722
-722
-721
-721
-714
-709
-706
-697
-695
-693
-689
-689
-689
-689
-688
-688
-687
-685
-684
-682
-681
-678
-675
-675
-671
-671
-667
-665
-665
-663
-662
-662
-656
-653
-653
-650
-650
-649
-648
-648
-646
-645
-642
-640
-640
-640
-636
-636
-633
-627
-627
-626
-626
-623
-622
-621
-621
-619
-614
-612
-612
-611
-610
-609
-609
-609
-605
-603
-602
-601
-593
-591
-588
-582
-582
-581
-579
-579
-577
-577
-575
-573
-570
-568
-566
-561
-560
-559
-554
-554
-553
-553
-551
-551
-546
-545
-545
-545
-543
-538
-538
-536
-536
-535
-534
-532
-529
-527
-526
-524
-523
-522
-522
-519
-516
-515
-515
-513
-508
-507
-507
-505
-501
-500
-499
-498
-498
-497
-495
-491
-490
-487
-483
-482
-482
-480
-480
-478
-477
-476
-474
-474
-473
-473
-471
-471
-470
-470
-470
-468
-467
-462
-461
-461
-455
-454
-449
-449
-448
-445
-444
-438
-433
-431
-430
-427
-425
-424
-424
-421
-416
-415
-414
-414
-413
-413
-409
-406
-406
-404
-404
-403
-403
-402
-402
-401
-396
-390
-387
-387
-385
-378
-373
-371
-369
-366
-362
-361
-361
-361
-357
-356
-353
-352
-349
-349
-347
-347
-346
-345
-343
-342
-339
-339
-338
-338
-338
-336
-327
-327
-324
-322
-319
-319
-318
-317
-314
-314
-313
-313
-307
-307
-306
-306
-303
-303
-301
-298
-296
-294
-293
-288
-287
-286
-285
-285
-281
-277
-276
-273
-270
-270
-267
-265
-265
-264
-259
-259
-254
-252
-252
-249
-246
-245
-243
-241
-241
-241
-236
-235
-232
-230
-229
-229
-225
-220
-216
-216
-214
-213
-212
-211
-210
-209
-208
-202
-197
-194
-191
-190
-190
-187
-184
-183
-182
-178
-177
-177
-176
-175
-166
-165
-163
-159
-158
-155
-155
-151
-149
-145
-143
-143
-142
-140
-139
-136
-134
-132
-127
-125
-123
-123
-122
-116
-114
-113
-113
-112
-112
-111
-105
-105
-104
-103
-103
-101
-100
-99
-92
-89
-89
-86
-84
-81
-79
-79
-77
-77
-74
-73
-72
-68
-51
-50
-46
-45
-44
-43
-42
-42
-42
-42
-39
-37
-32
-28
-25
-25
-23
-22
-21
-21
-21
-20
-11
-11
-11
-2
1
2
2
5
10
12
13
18
18
20
24
25
28
37
38
38
39
45
54
56
56
57
57
65
65
68
71
73
75
75
79
81
81
81
84
89
101
104
106
107
108
110
111
112
112
113
116
118
119
123
125
127
129
129
131
132
134
134
134
138
138
140
144
145
146
147
149
150
150
152
153
154
160
161
163
164
166
169
169
170
171
171
172
172
173
174
176
177
178
179
182
183
183
184
189
189
190
194
194
199
199
199
203
206
208
210
213
215
216
216
217
218
220
223
224
224
226
234
235
237
237
239
240
246
247
247
251
251
251
256
262
267
268
269
270
272
274
282
282
285
285
285
287
287
287
288
289
291
295
295
296
298
299
299
303
304
305
309
313
314
315
317
318
319
321
323
324
325
326
326
328
330
331
332
334
334
336
339
340
340
341
342
343
343
345
346
346
348
349
354
354
362
363
363
363
363
366
367
369
375
376
377
378
378
379
380
381
386
386
387
389
390
391
393
393
401
402
403
405
405
408
408
409
412
414
414
417
419
419
422
428
429
430
433
434
440
443
445
453
454
455
455
456
457
458
462
468
469
473
475
480
481
488
490
499
511
514
516
517
517
519
519
521
524
526
526
529
530
533
535
540
541
542
544
544
545
546
549
549
550
553
554
555
555
558
564
565
567
568
568
574
578
581
585
586
588
591
593
596
599
599
601
601
602
604
614
617
618
620
622
625
626
628
628
630
630
633
634
636
639
639
640
647
652
653
658
659
662
664
665
668
669
670
671
672
674
676
679
679
693
694
695
695
695
699
703
706
707
712
712
713
720
721
726
727
727
727
728
731
732
735
739
741
743
743
744
745
746
747
748
748
754
755
758
759
765
766
766
766
767
767
767
768
768
769
772
773
777
777
780
786
787
793
794
799
799
801
803
804
811
812
814
815
816
817
819
819
821
821
822
822
823
823
824
829
830
843
845
852
852
855
856
856
859
863
864
865
867
870
871
872
876
877
879
880
881
887
887
888
889
891
892
893
893
894
908
910
911
913
918
920
921
923
925
927
928
930
931
932
937
937
938
940
941
942
942
944
946
946
953
954
957
961
962
963
967
972
975
976
979
979
980
981
982
984
985
986
986
987
987
989
990
993
993
999
1000