-999
-999
-999
-998
-998
-997
-997
-996
-996
-995
-995
-993
-992
-988
-986
-984
-984
-984
-982
-981
-981
-971
-970
-970
-961
-960
-954
-954
-954
-953
-941
-940
-940
-940
-935
-932
-932
-922
-922
-921
-920
-919
-918
-917
-916
-916
-913
-911
-911
-910
-906
-905
-904
-903
-899
-899
-898
-894
-892
-892
-881
-881
-879
-878
-874
-871
-866
-866
-861
-860
-859
-854
-854
-852
-848
-848
-847
-841
-836
-836
-835
-833
-830
-830
-827
-826
-826
-826
-820
-820
-817
-817
-817
-816
-815
-815
-815
-814
-813
-811
-804
-800
-800
-798
-797
-794
-794
-792
-792
-789
-787
-785
-785
-785
-783
-781
-772
-771
-769
-768
-767
-767
-763
-760
-760
-759
-756
-754
-753
-751
-749
-749
-748
-746
-744
-735
-731
-728
-726
-725
-723
-719
-718
-716
-715
-714
-713
-710
-709
-709
-707
-705
-704
-694
-694
-692
-689
-686
-683
-677
-671
-671
-670
-668
-663
-663
-663
-662
-661
-661
-661
-660
-660
-659
-657
-656
-655
-655
-654
-652
-652
-648
-643
-642
-640
-638
-633
-633
-632
-630
-629
-628
-625
-625
-623
-623
-619
-618
-614
-614
-611
-610
-610
-610
-608
-603
-602
-599
-594
-592
-586
-586
-580
-580
-580
-578
-575
-572
-568
-564
-562
-562
-556
-555
-553
-551
-549
-546
-545
-543
-541
-540
-540
-539
-537
-537
-535
-535
-534
-533
-533
-531
-530
-528
-528
-526
-525
-524
-524
-518
-515
-511
-506
-505
-505
-502
-498
-496
-495
-495
-493
-491
-489
-488
-488
-488
-486
-486
-486
-484
-482
-482
-481
-480
-476
-475
-474
-474
-472
-472
-470
-466
-466
-465
-465
-463
-462
-460
-460
-460
-459
-453
-448
-447
-443
-441
-440
-437
-437
-436
-436
-435
-434
-432
-432
-431
-429
-428
-428
-422
-420
-419
-416
-416
-415
-413
-412
-411
-409
-407
-407
-407
-404
-403
-400
-396
-395
-393
-390
-389
-388
-386
-383
-381
-380
-378
-377
-377
-375
-374
-370
-368
-365
-362
-361
-358
-357
-354
-354
-352
-352
-351
-349
-346
-345
-344
-344
-340
-339
-329
-329
-329
-326
-321
-319
-319
-313
-312
-311
-310
-304
-299
-296
-292
-289
-282
-280
-279
-277
-276
-274
-274
-273
-271
-270
-269
-269
-268
-266
-259
-257
-256
-256
-250
-248
-246
-246
-243
-241
-238
-238
-232
-231
-225
-223
-223
-221
-220
-220
-218
-206
-205
-204
-201
-200
-197
-196
-195
-195
-193
-192
-189
-187
-187
-186
-184
-184
-182
-182
-181
-179
-178
-178
-163
-162
-159
-159
-159
-159
-155
-155
-154
-154
-153
-152
-151
-150
-149
-149
-148
-146
-146
-142
-142
-136
-135
-135
-133
-133
-128
-128
-125
-123
-123
-121
-120
-118
-118
-115
-114
-109
-108
-106
-105
-104
-99
-92
-91
-91
-87
-83
-80
-79
-77
-77
-75
-75
-70
-70
-68
-66
-59
-59
-55
-49
-47
-46
-41
-41
-38
-37
-35
-34
-34
-33
-31
-29
-28
-26
-26
-23
-22
-20
-20
-17
-16
-13
-7
-6
-5
-4
-3
-3
-3
-2
1
2
4
5
5
7
10
10
11
14
18
31
34
35
38
39
41
45
48
48
50
50
51
52
53
55
55
57
58
60
63
64
67
72
73
75
76
77
83
84
85
86
86
87
88
90
94
96
96
96
97
97
102
104
104
104
106
106
112
113
116
117
119
127
129
129
133
134
139
141
141
142
149
151
153
155
155
157
158
158
158
159
163
163
164
167
172
173
175
176
187
191
191
193
193
199
200
200
200
203
203
204
205
210
210
211
213
213
214
219
223
223
229
231
232
233
235
240
241
242
243
243
244
246
247
254
254
255
256
258
261
262
262
263
263
268
268
269
269
269
270
270
271
272
275
276
277
277
279
283
285
288
290
291
296
297
300
305
307
308
310
312
314
314
316
324
324
332
334
338
340
340
340
340
341
341
343
347
347
347
352
354
354
355
357
357
360
360
363
363
367
372
374
378
379
387
388
389
392
393
396
397
402
409
411
419
420
427
436
437
439
440
441
443
446
447
447
452
454
459
461
465
467
468
468
470
470
474
474
477
481
483
484
486
487
490
491
491
492
496
497
497
499
501
502
505
506
508
508
509
509
511
512
515
517
520
520
522
522
526
526
527
528
530
530
530
532
534
535
536
536
539
542
543
544
545
545
547
548
551
552
555
557
557
557
558
560
562
563
568
571
572
573
573
575
579
582
589
595
596
596
596
597
598
600
601
602
602
604
605
605
608
608
609
609
611
616
617
618
621
623
628
634
635
642
646
647
649
649
652
653
654
655
657
660
660
664
668
671
671
674
675
677
681
683
686
695
695
695
697
699
701
701
705
708
710
710
715
716
720
722
723
724
724
735
735
741
742
742
748
750
752
755
760
762
763
764
765
766
767
767
768
769
770
782
783
785
792
792
793
796
801
802
805
805
813
814
816
820
824
825
826
829
831
831
832
838
839
852
858
861
864
868
869
870
872
872
878
879
880
881
881
883
883
886
890
892
894
897
898
898
899
900
901
901
903
905
905
906
906
907
907
912
914
916
917
920
921
922
924
925
926
928
928
930
943
950
958
959
960
961
964
967
968
968
969
971
974
983
983
986
986
987
998
999