-997
-995
-995
-991
-989
-989
-987
-985
-983
-976
-975
-971
-969
-967
-962
-961
-960
-956
-955
-954
-952
-952
-952
-950
-948
-947
-939
-939
-938
-936
-932
-927
-927
-924
-921
-920
-920
-916
-914
-913
-913
-912
-908
-907
-904
-901
-899
-898
-895
-888
-885
-883
-883
-882
-879
-877
-877
-877
-876
-875
-870
-869
-868
-867
-866
-864
-864
-862
-859
-858
-856
-854
-853
-846
-846
-844
-843
-840
-839
-835
-834
-832
-832
-825
-822
-818
-816
-816
-814
-813
-799
-793
-792
-792
-787
-784
-780
-778
-777
-775
-775
-774
-774
-769
-769
-767
-767
-762
-761
-759
-758
-757
-756
-753
-750
-749
-743
-741
-740
-737
-736
-735
-734
-731
-729
-726
-720
-719
-715
-712
-709
-706
-695
-695
-692
-691
-691
-690
-688
-687
-683
-680
-679
-678
-675
-675
-672
-670
-670
-666
-666
-661
-658
-655
-655
-653
-653
-644
-644
-640
-639
-638
-632
-632
-632
-632
-631
-631
-631
-629
-628
-624
-621
-620
-611
-608
-606
-604
-603
-603
-602
-601
-601
-597
-596
-596
-590
-586
-584
-573
-571
-568
-566
-565
-565
-562
-562
-555
-552
-550
-549
-549
-549
-548
-545
-545
-543
-543
-538
-534
-531
-530
-529
-527
-525
-522
-519
-516
-510
-508
-506
-506
-505
-505
-504
-503
-502
-497
-497
-491
-489
-487
-486
-478
-477
-476
-476
-475
-475
-475
-474
-472
-471
-468
-467
-466
-466
-466
-461
-461
-461
-450
-449
-443
-442
-441
-439
-436
-435
-434
-433
-433
-429
-424
-414
-412
-411
-410
-410
-408
-406
-402
-399
-398
-397
-397
-396
-396
-395
-395
-386
-381
-380
-380
-379
-378
-377
-373
-372
-371
-369
-369
-361
-361
-361
-358
-356
-356
-354
-354
-351
-351
-348
-338
-337
-331
-328
-327
-325
-322
-320
-319
-318
-317
-314
-311
-310
-310
-310
-305
-305
-304
-297
-295
-294
-290
-280
-275
-275
-274
-273
-273
-273
-272
-272
-271
-269
-269
-266
-266
-261
-261
-253
-253
-252
-252
-252
-249
-248
-245
-238
-238
-235
-228
-226
-223
-222
-220
-219
-215
-215
-214
-209
-209
-208
-206
-205
-201
-198
-197
-195
-195
-193
-191
-188
-188
-186
-184
-184
-184
-183
-183
-179
-178
-172
-172
-171
-170
-169
-167
-167
-167
-166
-163
-163
-162
-160
-159
-158
-154
-154
-154
-150
-142
-140
-138
-138
-136
-132
-130
-130
-130
-129
-127
-122
-121
-120
-119
-119
-118
-111
-111
-110
-107
-107
-106
-103
-102
-102
-102
-99
-98
-97
-94
-93
-91
-89
-86
-85
-85
-85
-83
-82
-81
-81
-80
-77
-77
-74
-72
-71
-65
-65
-60
-59
-57
-57
-56
-55
-55
-51
-51
-47
-46
-45
-45
-45
-39
-36
-33
-30
-29
-28
-26
-19
-19
-19
-19
-18
-18
-15
-15
-13
-12
-10
-7
-4
-2
1
7
8
8
8
10
10
15
15
17
19
21
22
23
25
26
29
30
33
33
34
35
35
36
36
42
45
46
49
53
53
54
55
56
58
58
63
65
68
70
71
71
72
76
82
85
86
90
91
91
92
97
99
102
102
107
108
110
115
119
123
124
125
125
126
130
130
131
133
137
139
144
144
149
150
151
153
154
154
157
157
161
162
166
168
170
171
172
173
174
176
176
177
181
188
188
189
191
192
193
194
196
198
198
198
199
201
202
203
204
204
205
208
210
210
210
212
213
215
215
225
227
229
229
230
231
237
239
239
246
246
246
249
252
259
262
263
264
265
269
272
274
276
280
283
287
288
289
292
295
298
307
308
311
313
314
317
318
318
318
319
320
324
324
324
325
325
328
329
330
332
334
337
339
342
343
343
343
345
348
348
350
351
351
353
357
357
359
362
362
367
370
373
374
374
376
380
380
380
382
383
386
391
397
399
399
400
400
401
409
409
411
412
413
415
417
426
430
431
434
436
437
437
437
440
441
441
442
448
451
453
453
453
455
457
458
459
460
460
461
462
462
465
466
470
471
477
479
480
480
480
485
485
485
487
490
491
491
497
500
502
503
503
503
506
510
512
513
515
515
516
517
520
521
521
523
524
525
525
527
529
529
530
530
531
532
533
535
537
542
543
544
546
546
549
549
550
553
555
558
559
561
566
569
573
575
575
576
578
578
579
579
581
581
582
583
584
586
586
587
588
590
593
595
596
598
600
608
613
615
617
624
626
626
627
628
628
629
631
632
634
636
644
650
653
654
655
658
663
667
667
667
671
674
674
675
676
685
690
691
697
700
702
704
704
705
710
713
716
716
717
719
720
730
730
737
740
741
745
747
748
751
751
756
761
762
763
765
768
768
772
773
775
776
776
776
777
777
779
780
781
782
785
785
787
788
789
790
790
792
792
794
807
808
812
813
816
819
821
823
828
828
828
830
833
836
837
841
842
843
849
850
851
853
854
857
858
861
861
862
864
865
865
866
869
871
874
880
882
883
885
885
888
890
892
898
901
901
904
905
906
908
913
915
918
919
920
920
920
920
921
922
922
922
925
929
929
933
939
939
939
944
946
949
951
951
952
953
954
955
957
957
962
963
963
966
971
972
973
976
977
977
978
982
983
983
987
988
993
993
993
1000