-993
-992
-981
-980
-978
-978
-972
-970
-970
-968
-968
-965
-961
-960
-960
-959
-948
-946
-943
-941
-941
-940
-939
-938
-937
-936
-935
-930
-929
-929
-928
-927
-926
-926
-926
-924
-917
-917
-916
-914
-911
-909
-908
-907
-907
-906
-906
-905
-905
-904
-900
-896
-895
-895
-892
-890
-887
-880
-880
-880
-877
-876
-872
-870
-870
-865
-864
-863
-859
-859
-856
-855
-855
-853
-852
-851
-849
-845
-841
-841
-840
-840
-838
-837
-835
-834
-833
-832
-828
-825
-824
-824
-820
-815
-814
-814
-811
-810
-808
-806
-800
-800
-799
-790
-787
-782
-781
-780
-780
-780
-778
-777
-777
-772
-772
-771
-769
-768
-764
-763
-760
-755
-754
-752
-751
-750
-746
-744
-743
-743
-739
-736
-732
-731
-731
-727
-725
-725
-724
-724
-721
-720
-719
-719
-715
-715
-715
-714
-704
-704
-703
-697
-693
-690
-682
-680
-679
-677
-670
-669
-668
-666
-666
-660
-654
-653
-649
-646
-645
-644
-644
-641
-640
-632
-629
-626
-624
-623
-618
-617
-615
-612
-609
-606
-606
-605
-605
-596
-592
-591
-589
-587
-585
-584
-584
-584
-578
-577
-575
-571
-570
-570
-568
-567
-566
-564
-556
-555
-551
-549
-548
-547
-545
-545
-538
-538
-534
-533
-532
-532
-531
-530
-530
-529
-526
-525
-521
-519
-519
-518
-518
-517
-513
-511
-507
-507
-506
-503
-502
-501
-501
-500
-497
-490
-488
-486
-482
-481
-480
-479
-477
-476
-474
-474
-471
-469
-468
-467
-466
-465
-459
-454
-445
-442
-442
-436
-431
-430
-430
-428
-426
-425
-421
-420
-420
-419
-419
-419
-414
-412
-411
-408
-408
-407
-406
-400
-400
-394
-393
-391
-391
-389
-388
-387
-387
-384
-382
-379
-378
-373
-372
-372
-371
-368
-368
-364
-363
-355
-353
-353
-349
-347
-347
-345
-343
-342
-342
-338
-337
-331
-329
-328
-328
-325
-325
-324
-324
-323
-322
-322
-320
-316
-313
-311
-311
-310
-309
-309
-308
-306
-305
-304
-301
-301
-298
-296
-295
-291
-289
-289
-287
-284
-283
-283
-281
-280
-279
-274
-274
-271
-268
-257
-257
-254
-250
-248
-247
-244
-243
-242
-239
-237
-228
-226
-226
-224
-221
-211
-207
-205
-204
-200
-199
-199
-195
-192
-188
-187
-186
-185
-184
-178
-178
-178
-177
-176
-174
-174
-173
-172
-172
-167
-166
-164
-160
-158
-158
-157
-156
-154
-154
-154
-152
-151
-145
-144
-143
-142
-141
-140
-135
-132
-131
-125
-121
-118
-116
-111
-109
-107
-106
-106
-105
-103
-100
-100
-93
-85
-84
-81
-79
-77
-72
-72
-72
-71
-64
-61
-60
-58
-55
-55
-54
-52
-52
-50
-48
-44
-41
-39
-36
-36
-35
-31
-29
-28
-27
-25
-22
-22
-20
-19
-19
-18
-14
-14
-14
-13
-8
-5
-3
-3
-2
-1
-1
2
3
5
6
7
10
10
12
16
19
21
23
24
24
26
27
30
31
31
31
34
34
37
37
37
38
39
45
46
48
48
50
51
51
52
52
52
55
55
58
59
59
62
64
65
65
65
68
73
74
75
78
82
82
84
85
86
86
88
89
89
90
92
98
100
102
107
107
111
111
114
116
119
119
122
125
127
131
133
136
142
144
148
149
150
151
153
154
154
158
161
163
168
169
170
170
172
180
182
183
186
188
192
193
201
203
204
204
206
207
208
208
209
216
216
217
219
222
223
224
224
226
230
235
236
237
237
239
240
241
242
244
244
247
250
253
257
257
258
259
261
262
265
266
266
267
267
271
271
272
273
273
274
275
276
276
276
277
277
279
279
280
287
287
292
293
295
296
296
297
298
299
299
302
305
306
307
314
315
316
317
318
323
325
326
326
329
331
333
334
336
336
339
343
345
347
354
354
354
355
361
364
365
376
376
378
379
379
381
381
383
384
386
388
390
391
392
401
401
404
405
406
406
408
408
408
410
420
421
422
427
428
429
433
433
435
438
439
440
442
446
447
449
455
456
458
458
459
459
459
459
462
464
466
468
472
472
473
474
476
485
488
488
490
490
494
495
495
495
495
503
503
503
506
507
507
508
512
519
519
522
526
526
527
528
533
533
533
538
539
540
543
544
545
545
549
553
553
554
555
556
561
565
567
571
572
582
584
585
591
592
595
595
596
597
599
601
609
609
609
611
611
612
615
617
621
621
622
624
628
629
629
638
639
642
642
652
656
661
662
663
668
668
669
669
677
679
686
687
688
688
688
689
690
690
690
690
693
698
699
699
700
703
706
707
709
711
713
713
714
715
722
722
725
725
726
730
730
733
737
737
738
738
739
744
744
748
748
748
748
748
749
752
752
757
761
764
764
767
769
769
770
772
774
777
779
785
785
786
791
791
793
793
797
797
797
797
800
804
806
809
811
813
814
816
821
821
823
824
825
825
826
827
828
829
831
832
834
834
834
835
837
839
840
845
848
851
858
863
866
866
868
869
870
873
877
880
882
882
883
884
887
895
896
897
903
911
912
913
914
915
915
916
918
921
925
925
929
929
931
931
935
937
937
938
941
943
944
946
947
949
950
953
956
958
959
961
966
966
968
970
971
974
975
977
980
982
983
983
986
989
993
993
995
995