-999
-999
-998
-994
-992
-991
-991
-989
-988
-987
-984
-981
-980
-980
-969
-968
-968
-967
-966
-965
-964
-961
-958
-954
-951
-951
-950
-950
-949
-948
-946
-942
-941
-941
-932
-932
-931
-930
-929
-923
-922
-921
-920
-920
-918
-915
-914
-914
-914
-914
-910
-909
-909
-909
-907
-905
-904
-903
-901
-901
-900
-898
-896
-889
-888
-887
-887
-885
-882
-881
-880
-877
-876
-874
-871
-868
-858
-851
-850
-845
-845
-844
-843
-843
-843
-841
-841
-841
-840
-839
-839
-838
-837
-836
-833
-833
-828
-825
-821
-816
-816
-816
-816
-804
-803
-799
-797
-794
-793
-792
-786
-783
-776
-772
-771
-770
-769
-769
-769
-766
-764
-761
-759
-759
-755
-748
-748
-747
-746
-742
-741
-739
-738
-734
-730
-730
-730
-729
-728
-724
-723
-719
-718
-718
-718
-710
-704
-703
-701
-701
-700
-700
-699
-697
-696
-695
-694
-692
-690
-689
-687
-684
-684
-681
-680
-679
-679
-675
-675
-674
-672
-672
-671
-669
-669
-667
-662
-660
-659
-656
-655
-652
-651
-650
-648
-647
-646
-645
-642
-635
-632
-632
-631
-627
-627
-626
-624
-621
-619
-613
-612
-611
-608
-606
-605
-594
-589
-587
-585
-581
-580
-579
-571
-571
-571
-570
-568
-567
-567
-564
-563
-562
-561
-556
-555
-553
-553
-550
-547
-546
-543
-541
-538
-535
-535
-535
-532
-527
-526
-524
-518
-513
-513
-512
-511
-510
-508
-507
-506
-503
-500
-491
-490
-490
-486
-483
-478
-475
-475
-474
-474
-474
-473
-473
-469
-466
-466
-456
-453
-452
-452
-449
-447
-447
-445
-442
-442
-441
-440
-438
-435
-431
-431
-427
-427
-424
-422
-422
-420
-418
-418
-415
-414
-414
-411
-410
-410
-410
-402
-399
-395
-394
-394
-393
-391
-389
-388
-387
-386
-380
-377
-377
-375
-372
-369
-369
-368
-366
-366
-365
-364
-362
-361
-360
-360
-358
-356
-351
-350
-349
-349
-348
-346
-343
-339
-337
-334
-334
-332
-329
-327
-326
-326
-325
-325
-322
-322
-320
-318
-314
-313
-310
-309
-308
-300
-299
-297
-296
-296
-292
-290
-285
-282
-279
-277
-276
-275
-273
-273
-269
-264
-264
-263
-251
-251
-248
-245
-243
-242
-242
-241
-240
-239
-235
-231
-231
-231
-230
-226
-226
-223
-220
-219
-218
-215
-212
-212
-212
-210
-208
-201
-200
-196
-196
-193
-191
-190
-189
-187
-187
-186
-184
-181
-179
-178
-175
-171
-166
-165
-164
-158
-157
-156
-153
-152
-151
-144
-144
-143
-139
-138
-138
-136
-135
-130
-129
-128
-119
-119
-118
-115
-111
-108
-108
-107
-106
-103
-103
-102
-100
-100
-99
-94
-94
-91
-89
-88
-87
-86
-84
-83
-82
-80
-79
-79
-78
-76
-75
-75
-75
-75
-72
-68
-67
-60
-59
-56
-56
-55
-54
-52
-50
-50
-49
-49
-48
-47
-39
-38
-38
-37
-34
-32
-30
-30
-28
-27
-22
-19
-18
-17
-17
-16
-7
-4
-1
2
13
14
14
19
23
27
30
32
34
35
35
40
46
48
49
54
55
57
59
60
61
64
66
68
70
72
73
76
77
82
86
89
90
92
95
97
97
100
102
104
107
110
110
114
117
119
121
122
126
137
137
138
142
142
144
146
152
154
157
157
159
160
161
163
167
171
171
172
173
173
173
178
181
188
189
189
189
192
195
198
199
201
204
205
205
207
207
212
219
221
222
222
222
231
231
232
232
234
241
243
244
247
249
253
253
256
256
256
257
257
258
258
259
263
264
266
267
269
269
270
272
273
273
274
278
278
279
285
286
287
287
290
291
293
294
295
300
307
308
309
313
313
314
314
317
319
324
330
333
334
336
336
339
340
345
346
346
347
347
348
350
351
352
354
357
358
359
365
365
368
370
371
371
378
382
383
384
387
389
390
391
393
394
397
397
400
401
404
406
406
411
411
414
417
417
420
421
423
425
426
429
429
430
432
434
434
436
436
437
438
438
443
444
447
451
454
455
456
458
470
472
473
474
480
480
483
483
483
484
486
487
488
495
496
496
499
502
506
507
509
519
522
522
524
533
535
535
538
539
541
544
545
546
549
549
550
558
563
564
565
570
575
577
577
578
578
580
580
582
584
591
592
597
598
599
600
600
604
608
610
610
613
614
615
616
619
619
620
622
622
625
625
626
627
628
628
630
632
634
635
639
642
644
645
645
646
648
650
652
654
655
656
658
663
672
672
676
679
681
683
685
686
693
693
695
696
697
699
703
707
708
709
711
714
716
724
725
725
725
731
733
742
742
744
746
749
750
754
758
758
760
761
763
764
767
768
770
771
773
775
776
780
780
781
782
784
785
786
786
789
790
796
799
799
804
804
809
809
810
814
814
814
816
825
825
826
827
827
828
828
832
834
839
844
846
850
850
850
852
853
855
855
857
857
858
859
859
861
864
865
868
869
871
872
874
878
880
881
883
884
884
886
888
889
891
893
897
898
904
906
907
910
913
913
917
919
919
923
924
925
926
928
929
935
936
937
939
939
939
942
944
945
949
950
950
954
955
956
957
960
964
964
967
968
970
970
970
970
970
971
971
972
975
979
983
986
988
989
989
989
993
993
993
993
994
995
996
996
997
999
1000
1000
1000