-1000
-999
-994
-993
-990
-989
-987
-986
-986
-986
-986
-985
-977
-971
-969
-964
-960
-953
-951
-949
-949
-942
-941
-939
-938
-936
-935
-933
-930
-921
-921
-918
-917
-916
-908
-907
-906
-905
-904
-900
-895
-892
-891
-890
-884
-882
-880
-880
-878
-878
-878
-878
-878
-877
-877
-872
-866
-864
-864
-863
-861
-860
-860
-859
-858
-857
-855
-854
-853
-853
-848
-847
-844
-844
-840
-837
-834
-831
-830
-828
-827
-826
-822
-821
-821
-820
-820
-819
-819
-817
-815
-814
-812
-805
-804
-803
-799
-798
-798
-797
-796
-794
-794
-793
-792
-788
-786
-786
-786
-778
-778
-774
-773
-771
-769
-769
-768
-767
-767
-766
-765
-759
-755
-755
-751
-748
-748
-747
-737
-736
-734
-733
-733
-731
-731
-731
-730
-729
-728
-727
-727
-722
-718
-717
-715
-711
-711
-710
-704
-703
-703
-703
-702
-702
-701
-701
-700
-700
-698
-696
-693
-691
-690
-688
-686
-685
-683
-683
-681
-679
-679
-676
-676
-675
-672
-665
-665
-665
-665
-664
-661
-659
-656
-654
-652
-643
-643
-635
-632
-629
-628
-628
-627
-627
-627
-626
-624
-622
-620
-619
-616
-615
-614
-613
-605
-603
-600
-599
-598
-598
-595
-594
-594
-593
-591
-589
-587
-584
-581
-579
-577
-574
-571
-568
-566
-566
-564
-564
-560
-559
-558
-557
-557
-557
-556
-553
-552
-548
-547
-547
-544
-543
-543
-537
-535
-534
-530
-529
-526
-523
-515
-515
-515
-508
-507
-507
-506
-505
-501
-495
-493
-492
-492
-491
-488
-487
-487
-486
-483
-482
-481
-480
-479
-479
-478
-476
-473
-472
-467
-467
-467
-466
-465
-462
-460
-459
-459
-459
-458
-454
-450
-449
-445
-439
-437
-436
-436
-434
-434
-432
-428
-428
-425
-421
-419
-417
-416
-411
-411
-406
-406
-405
-404
-402
-402
-398
-396
-396
-394
-393
-393
-391
-391
-390
-390
-389
-385
-384
-383
-383
-383
-382
-382
-377
-374
-369
-367
-366
-365
-362
-362
-361
-358
-353
-349
-348
-348
-343
-341
-339
-336
-336
-332
-332
-331
-324
-321
-320
-319
-318
-312
-310
-308
-305
-301
-297
-296
-295
-295
-295
-293
-291
-291
-290
-287
-282
-282
-279
-275
-272
-272
-267
-266
-266
-264
-264
-259
-253
-253
-253
-252
-251
-249
-248
-247
-247
-245
-243
-242
-239
-238
-230
-228
-227
-227
-227
-225
-224
-223
-218
-214
-212
-208
-207
-205
-203
-197
-193
-192
-190
-189
-189
-188
-187
-186
-185
-182
-180
-180
-177
-174
-173
-169
-168
-165
-165
-164
-162
-160
-159
-158
-150
-149
-145
-145
-144
-143
-143
-142
-136
-135
-134
-134
-134
-132
-124
-123
-122
-116
-115
-112
-110
-109
-109
-108
-106
-102
-102
-101
-98
-95
-95
-94
-92
-89
-88
-82
-82
-78
-77
-75
-74
-70
-64
-60
-60
-58
-56
-56
-54
-53
-50
-45
-42
-40
-40
-39
-36
-34
-31
-30
-28
-28
-24
-22
-20
-19
-17
-16
-15
-13
-12
-10
-10
-10
-9
-8
-6
-4
-2
0
3
4
5
8
8
13
15
19
21
22
23
26
26
28
34
38
42
43
46
48
48
48
49
56
59
61
62
62
66
70
74
75
75
81
82
82
83
85
86
89
89
92
94
97
97
97
100
103
106
113
113
117
117
119
120
123
127
128
136
136
137
142
142
143
148
156
159
159
160
160
161
164
168
169
170
171
174
174
175
176
179
179
182
182
183
186
188
188
188
188
193
194
196
199
199
199
202
205
206
207
209
210
211
212
218
223
223
223
226
226
227
227
227
227
229
232
234
234
235
237
242
244
245
250
253
255
257
260
261
263
264
269
269
269
269
272
273
274
276
278
280
285
293
295
298
301
301
303
306
307
307
308
311
312
317
317
320
322
325
327
327
328
331
332
333
335
336
345
346
351
353
355
359
360
361
365
367
367
369
370
370
371
371
373
373
380
381
382
384
385
387
388
393
404
404
405
408
409
415
416
420
420
427
429
434
437
437
437
440
447
448
450
450
454
455
456
458
459
460
461
461
465
466
467
468
473
474
474
478
478
480
485
485
486
487
488
489
493
496
497
500
511
512
516
516
519
523
529
535
536
536
538
538
539
540
541
541
546
547
548
550
551
555
556
558
564
565
565
565
566
568
578
578
579
580
584
586
588
588
589
589
593
593
593
594
604
606
606
608
608
614
618
621
622
623
625
628
630
633
633
635
635
635
636
638
642
644
646
648
649
649
655
659
662
664
668
674
674
675
678
679
682
683
684
687
688
689
689
690
691
693
696
696
696
699
701
703
703
707
707
709
709
711
720
722
722
724
730
731
733
737
738
741
745
747
747
748
748
749
751
752
754
759
762
765
766
768
770
771
773
773
773
776
776
778
785
793
798
798
803
807
810
814
816
828
834
837
839
840
844
847
850
854
854
855
856
857
858
859
862
863
863
864
867
870
871
871
871
874
874
876
878
878
879
882
884
886
895
896
899
900
902
907
908
908
909
909
909
910
911
913
915
916
916
918
923
924
924
925
926
927
928
929
930
930
930
937
937
948
951
953
954
954
957
957
958
961
961
962
962
963
964
965
966
967
967
975
977
979
984
987
987
987
989
989
991
993
993
997