-1000
-999
-998
-998
-997
-997
-996
-996
-995
-994
-993
-992
-990
-989
-988
-988
-980
-977
-969
-963
-960
-957
-957
-956
-951
-951
-950
-949
-948
-942
-941
-941
-939
-937
-937
-937
-936
-934
-934
-927
-923
-922
-920
-919
-916
-916
-915
-912
-909
-907
-902
-894
-893
-891
-887
-886
-885
-881
-881
-881
-879
-877
-876
-875
-875
-873
-872
-872
-866
-865
-865
-864
-864
-863
-859
-859
-859
-854
-853
-853
-846
-842
-840
-839
-835
-834
-833
-826
-825
-825
-822
-819
-817
-809
-807
-804
-804
-802
-801
-798
-797
-795
-791
-787
-784
-778
-776
-776
-776
-771
-769
-767
-764
-763
-761
-756
-755
-751
-748
-747
-746
-745
-745
-743
-740
-740
-740
-738
-738
-735
-733
-732
-731
-731
-730
-728
-725
-724
-721
-715
-706
-704
-700
-697
-692
-692
-689
-688
-687
-687
-686
-684
-683
-682
-682
-682
-678
-676
-674
-673
-670
-668
-665
-664
-663
-663
-662
-660
-649
-649
-649
-646
-644
-642
-638
-634
-631
-629
-627
-625
-622
-622
-621
-616
-615
-614
-613
-607
-605
-603
-596
-596
-592
-590
-589
-589
-586
-585
-582
-581
-580
-579
-576
-576
-574
-573
-573
-572
-569
-568
-566
-565
-562
-561
-559
-556
-555
-553
-551
-550
-549
-545
-545
-542
-540
-538
-538
-538
-537
-535
-531
-529
-529
-528
-527
-526
-520
-517
-515
-510
-509
-508
-505
-503
-497
-492
-487
-487
-485
-484
-484
-484
-481
-474
-470
-468
-462
-461
-459
-456
-456
-453
-452
-452
-450
-448
-447
-442
-441
-440
-440
-437
-437
-431
-427
-427
-424
-415
-413
-413
-411
-410
-410
-410
-410
-406
-405
-405
-404
-402
-401
-399
-396
-395
-393
-391
-390
-390
-388
-388
-386
-386
-384
-384
-383
-382
-382
-382
-381
-380
-379
-379
-377
-377
-375
-371
-370
-369
-367
-366
-366
-364
-363
-363
-360
-360
-356
-353
-353
-351
-349
-349
-347
-346
-344
-343
-342
-340
-340
-339
-338
-338
-337
-337
-335
-331
-329
-325
-324
-324
-323
-323
-320
-309
-307
-307
-307
-302
-302
-301
-299
-297
-290
-290
-287
-285
-285
-285
-280
-277
-274
-272
-272
-269
-268
-268
-268
-262
-259
-259
-257
-257
-256
-256
-254
-253
-253
-247
-246
-245
-242
-240
-240
-240
-233
-233
-230
-229
-229
-228
-226
-225
-222
-222
-220
-220
-218
-214
-213
-213
-209
-209
-207
-201
-199
-195
-191
-186
-185
-178
-176
-174
-172
-169
-160
-158
-154
-152
-151
-150
-148
-147
-146
-146
-145
-141
-138
-136
-135
-132
-130
-127
-122
-121
-115
-113
-113
-109
-107
-105
-104
-102
-99
-97
-97
-96
-86
-86
-83
-82
-82
-82
-78
-76
-75
-74
-73
-71
-60
-59
-59
-59
-59
-58
-56
-55
-53
-52
-51
-44
-43
-41
-39
-39
-35
-34
-33
-31
-27
-26
-22
-15
-15
-15
-15
-12
-6
-2
-1
-1
1
2
2
3
6
10
12
13
15
16
19
23
27
28
29
30
30
32
33
34
40
45
45
47
47
49
56
57
61
64
67
68
75
77
80
81
83
84
87
90
91
93
94
94
95
95
96
100
101
101
102
102
105
106
109
110
110
112
114
114
115
119
119
123
127
130
132
134
135
135
138
139
141
147
151
152
158
160
161
164
166
168
169
170
171
172
173
175
176
177
177
178
188
188
191
196
197
198
200
202
203
205
205
211
214
215
216
217
221
223
226
227
227
227
230
235
236
243
247
248
250
250
252
260
264
264
266
273
276
276
277
278
279
282
283
285
287
287
289
289
289
291
292
295
295
296
299
299
302
303
303
306
306
307
310
311
312
314
317
318
318
325
327
328
328
332
333
334
338
339
342
342
343
344
345
345
348
351
353
354
356
357
357
360
363
363
366
368
370
371
372
373
381
383
383
389
394
395
397
397
398
400
401
401
403
404
408
412
414
416
420
421
422
429
430
432
435
435
438
439
439
441
443
443
443
444
449
453
457
459
464
465
467
468
468
470
472
473
475
475
475
476
477
478
480
481
490
491
494
494
497
497
501
505
507
507
509
509
510
511
515
518
518
523
529
533
536
537
538
539
540
546
547
548
552
554
558
559
560
562
562
567
573
573
574
576
576
578
583
584
586
588
593
594
597
599
601
601
601
603
604
605
606
609
611
613
613
617
619
619
620
622
625
627
627
634
637
637
639
642
643
644
644
647
651
655
659
660
661
666
668
671
672
676
677
678
678
679
680
686
686
692
693
694
695
696
705
706
706
708
709
713
714
715
716
717
718
719
719
724
724
729
729
731
731
734
734
736
737
743
744
748
748
748
750
751
753
754
755
758
761
763
764
764
768
771
772
776
777
777
781
781
782
787
791
798
799
800
802
802
803
805
806
807
809
810
810
810
814
830
830
831
833
833
834
836
838
839
848
849
850
850
859
859
861
861
862
863
863
864
866
869
870
872
873
875
877
877
879
879
880
880
881
882
883
901
902
904
906
908
912
914
915
915
917
921
924
925
925
927
928
929
932
933
934
936
936
938
941
941
944
945
953
954
954
955
957
960
961
961
962
964
964
965
970
976
977
977
977
978
979
980
980
983
987
988
989
990
995
996