-996
-994
-994
-986
-984
-982
-979
-978
-978
-978
-977
-977
-973
-973
-972
-972
-970
-967
-961
-960
-957
-956
-956
-954
-950
-948
-947
-946
-942
-941
-940
-939
-934
-934
-931
-929
-927
-926
-917
-915
-915
-914
-914
-912
-911
-910
-908
-908
-908
-908
-906
-906
-905
-900
-898
-896
-896
-894
-893
-891
-888
-887
-886
-885
-885
-883
-883
-881
-879
-876
-875
-875
-872
-871
-869
-868
-865
-865
-864
-864
-862
-861
-860
-857
-856
-852
-849
-848
-841
-839
-839
-837
-836
-835
-833
-830
-829
-829
-828
-827
-819
-819
-818
-817
-814
-813
-811
-811
-810
-808
-803
-801
-800
-795
-793
-793
-792
-792
-791
-791
-785
-784
-784
-784
-781
-779
-777
-776
-774
-773
-772
-772
-770
-768
-762
-757
-754
-752
-751
-748
-748
-746
-746
-745
-743
-743
-742
-742
-741
-741
-740
-738
-735
-734
-734
-733
-733
-730
-725
-724
-719
-719
-714
-713
-712
-711
-710
-705
-703
-703
-699
-699
-699
-698
-696
-692
-690
-684
-678
-678
-674
-673
-673
-670
-666
-665
-664
-663
-660
-658
-654
-647
-641
-633
-624
-622
-619
-619
-617
-616
-616
-611
-610
-610
-606
-605
-603
-601
-600
-600
-599
-596
-595
-595
-591
-589
-587
-584
-583
-581
-575
-574
-564
-560
-559
-558
-556
-555
-551
-549
-549
-549
-548
-548
-540
-538
-537
-536
-535
-534
-532
-528
-528
-526
-522
-520
-520
-519
-519
-517
-515
-515
-508
-507
-507
-506
-505
-505
-503
-502
-499
-497
-494
-494
-493
-492
-492
-492
-488
-487
-483
-480
-478
-477
-474
-469
-467
-462
-461
-459
-456
-455
-452
-451
-451
-448
-443
-442
-441
-438
-436
-435
-432
-430
-429
-429
-427
-422
-422
-420
-419
-419
-418
-414
-412
-409
-406
-405
-404
-399
-398
-398
-397
-384
-383
-382
-376
-375
-373
-373
-372
-362
-357
-356
-355
-355
-352
-351
-350
-350
-347
-346
-342
-340
-338
-331
-326
-324
-318
-314
-313
-311
-311
-310
-309
-309
-305
-305
-304
-302
-294
-291
-290
-290
-289
-287
-286
-286
-281
-279
-276
-274
-274
-274
-272
-272
-270
-268
-265
-265
-262
-262
-262
-256
-255
-253
-250
-250
-246
-244
-244
-242
-237
-236
-234
-229
-228
-227
-224
-223
-213
-212
-212
-210
-208
-208
-204
-204
-202
-201
-200
-198
-196
-193
-191
-191
-186
-182
-177
-174
-174
-170
-167
-167
-165
-162
-159
-159
-155
-154
-154
-149
-149
-149
-148
-145
-143
-142
-140
-139
-138
-138
-135
-129
-128
-128
-126
-124
-122
-118
-117
-117
-113
-111
-111
-110
-100
-98
-94
-93
-87
-87
-86
-85
-82
-82
-81
-77
-57
-55
-55
-54
-53
-51
-51
-50
-49
-48
-47
-45
-43
-42
-37
-37
-30
-28
-26
-25
-22
-20
-16
-13
-12
-11
-9
-6
-3
-2
-1
2
3
5
10
12
15
16
17
17
18
19
20
21
22
24
24
24
24
24
25
27
32
33
33
33
34
35
37
42
46
48
48
50
51
56
59
60
61
63
67
67
71
72
74
75
77
80
83
84
85
89
93
94
94
96
97
97
97
97
98
98
98
99
99
100
101
102
107
114
116
118
120
129
130
132
135
137
141
142
147
149
150
151
159
160
163
163
164
166
169
173
174
181
181
183
184
187
188
189
190
193
194
195
195
196
197
200
201
201
207
211
213
213
214
214
215
216
217
218
221
226
227
228
233
235
237
238
241
242
246
246
248
251
253
264
265
266
266
269
274
274
280
282
283
286
291
291
294
295
296
299
308
309
311
311
316
317
318
321
326
327
328
330
333
334
336
339
339
343
344
348
349
353
361
362
363
365
366
366
367
373
373
375
378
379
383
384
385
385
388
391
392
397
398
399
404
404
406
408
413
413
413
413
415
416
418
420
420
424
433
438
438
441
443
443
443
444
445
449
450
451
452
453
454
454
454
455
463
464
470
474
478
479
479
481
482
484
485
486
487
487
489
489
492
495
496
498
499
500
506
507
507
509
510
511
513
513
513
516
516
522
523
529
530
530
540
542
543
543
546
547
548
551
551
552
552
554
557
557
558
559
560
560
561
561
561
563
563
565
565
566
568
568
574
576
576
577
577
580
581
585
593
595
596
596
600
602
606
606
606
609
610
613
614
614
618
619
622
626
626
627
629
632
635
637
637
637
640
642
643
644
649
651
656
658
660
661
662
663
668
669
669
669
669
670
672
675
676
682
682
683
687
689
690
691
697
709
709
712
714
714
716
717
719
720
720
722
723
726
729
730
731
733
733
734
736
739
739
745
746
746
750
752
752
753
755
763
766
774
780
783
785
786
786
789
789
791
791
793
794
794
795
796
796
796
796
797
798
800
808
809
810
812
813
815
818
824
825
827
830
830
834
834
835
837
838
839
839
841
841
841
842
842
843
845
847
850
851
856
857
858
859
861
871
871
872
875
876
877
880
880
884
884
885
886
887
887
893
902
904
908
908
909
910
911
913
917
920
922
924
928
929
931
931
932
933
934
934
942
943
946
946
946
948
951
954
954
956
957
958
960
961
963
964
966
971
974
976
980
980
982
983
987
988
988
988
993
995
996
996
997