-999
-998
-997
-993
-993
-991
-989
-986
-984
-980
-978
-975
-974
-971
-971
-968
-964
-963
-960
-960
-954
-952
-952
-951
-950
-950
-950
-947
-947
-947
-944
-939
-938
-936
-935
-930
-929
-928
-928
-927
-926
-922
-921
-919
-919
-911
-905
-904
-903
-903
-903
-903
-902
-902
-902
-896
-896
-895
-890
-884
-882
-882
-877
-874
-872
-872
-872
-872
-869
-869
-868
-867
-866
-864
-861
-860
-857
-851
-849
-849
-847
-844
-843
-841
-839
-835
-833
-830
-829
-828
-828
-827
-826
-824
-822
-822
-820
-818
-816
-816
-814
-813
-812
-810
-810
-808
-807
-803
-801
-793
-793
-788
-787
-786
-784
-783
-782
-781
-778
-773
-771
-770
-770
-769
-766
-766
-764
-762
-753
-753
-751
-751
-750
-745
-744
-743
-740
-740
-737
-736
-734
-729
-729
-729
-729
-728
-725
-724
-723
-719
-719
-718
-717
-715
-714
-713
-712
-710
-709
-709
-706
-704
-704
-702
-699
-698
-696
-690
-684
-680
-678
-678
-675
-675
-675
-674
-674
-669
-669
-665
-664
-664
-664
-661
-661
-660
-659
-658
-657
-656
-656
-655
-649
-646
-644
-642
-638
-634
-633
-632
-629
-628
-627
-627
-624
-622
-615
-614
-611
-609
-607
-606
-605
-605
-604
-601
-600
-599
-594
-594
-593
-592
-582
-581
-580
-579
-579
-577
-577
-574
-571
-569
-567
-565
-560
-560
-560
-559
-558
-556
-553
-551
-547
-539
-537
-537
-531
-531
-531
-523
-520
-517
-515
-513
-511
-511
-510
-507
-506
-505
-503
-495
-494
-494
-494
-493
-492
-490
-485
-483
-482
-480
-474
-472
-471
-469
-466
-463
-462
-460
-459
-458
-457
-455
-455
-453
-453
-449
-446
-446
-445
-444
-443
-437
-436
-435
-434
-429
-428
-427
-426
-424
-424
-420
-420
-417
-416
-413
-413
-412
-408
-408
-404
-403
-400
-394
-394
-393
-392
-391
-389
-388
-386
-386
-386
-378
-378
-377
-375
-374
-374
-368
-366
-364
-364
-364
-360
-356
-353
-351
-350
-343
-338
-337
-336
-334
-334
-332
-329
-327
-319
-319
-316
-315
-315
-312
-311
-308
-306
-303
-303
-302
-297
-295
-291
-291
-289
-288
-283
-282
-282
-273
-270
-268
-268
-267
-267
-265
-263
-260
-260
-258
-254
-253
-253
-252
-250
-245
-244
-244
-242
-242
-234
-234
-233
-231
-231
-226
-221
-220
-215
-214
-214
-213
-199
-197
-195
-193
-193
-192
-192
-189
-189
-183
-180
-179
-178
-177
-176
-174
-173
-172
-165
-164
-157
-156
-154
-154
-153
-150
-143
-141
-139
-138
-137
-134
-126
-125
-124
-123
-123
-123
-120
-118
-117
-116
-115
-109
-109
-105
-96
-95
-94
-92
-90
-90
-84
-82
-79
-78
-76
-74
-72
-72
-71
-71
-67
-62
-58
-55
-54
-54
-53
-53
-53
-51
-49
-45
-44
-42
-39
-31
-27
-24
-23
-22
-15
-13
-11
-9
-7
-5
-5
-1
-1
0
4
8
9
10
12
13
14
16
21
24
25
31
31
31
34
35
37
39
39
47
47
48
51
52
54
54
55
56
56
60
60
61
62
66
67
67
67
68
69
72
73
73
75
77
78
78
82
91
93
94
94
95
96
97
98
101
103
103
104
106
109
110
111
116
119
122
127
131
132
132
135
137
148
149
149
149
150
150
150
152
154
156
158
161
164
165
169
170
172
173
174
174
175
175
176
179
181
181
182
182
183
185
187
188
189
192
192
193
196
196
198
208
209
216
217
220
223
225
225
228
232
232
234
237
238
241
243
243
244
244
244
245
249
256
257
259
261
268
274
276
277
282
282
283
284
289
289
290
291
294
295
297
303
303
308
311
314
314
318
319
320
322
324
325
327
328
328
335
337
339
340
342
342
345
346
348
349
351
353
355
357
360
361
364
365
376
382
382
382
388
388
389
389
390
390
392
394
398
400
400
407
415
416
418
420
423
425
426
428
430
432
432
441
443
443
444
447
449
450
450
455
459
460
463
465
469
469
470
471
477
478
480
481
483
483
485
488
494
496
496
498
501
501
503
505
507
508
508
515
518
523
523
524
525
525
530
534
535
537
539
539
540
542
545
546
547
552
552
553
554
554
555
557
559
561
562
562
565
567
567
567
568
570
580
581
584
587
589
592
593
593
594
594
594
595
595
600
601
602
603
604
605
611
611
612
612
615
616
623
623
624
624
625
629
632
634
639
640
644
644
645
646
646
647
648
650
652
653
654
656
656
657
657
666
666
667
668
668
668
670
670
671
672
672
675
676
683
685
685
687
689
691
691
692
694
695
696
698
699
700
701
701
711
713
716
719
720
729
734
734
735
738
739
741
742
742
743
745
746
746
747
749
751
752
754
754
756
759
761
761
763
766
769
775
776
779
779
781
782
782
784
784
784
786
789
790
790
791
794
794
797
798
805
807
810
812
814
814
816
817
823
826
828
828
830
830
833
834
840
842
842
844
846
847
850
851
851
854
857
859
859
864
868
869
869
872
872
872
875
882
885
885
886
886
889
890
892
895
896
901
901
903
904
904
907
909
910
911
911
916
917
921
922
922
924
928
930
932
934
938
940
942
945
949
949
954
955
955
956
957
957
958
959
966
969
974
978
979
984
986
987
996
997
999