-995
-994
-993
-992
-990
-990
-989
-986
-984
-979
-979
-978
-974
-974
-973
-971
-970
-968
-963
-960
-960
-960
-956
-956
-955
-954
-954
-953
-953
-952
-950
-949
-947
-946
-943
-943
-941
-941
-940
-940
-934
-934
-931
-931
-929
-929
-919
-914
-913
-912
-912
-910
-909
-905
-904
-904
-900
-897
-896
-895
-892
-891
-891
-889
-885
-883
-880
-880
-878
-876
-874
-871
-870
-867
-866
-863
-862
-857
-856
-854
-853
-852
-849
-848
-847
-842
-839
-838
-836
-836
-835
-835
-834
-833
-829
-827
-826
-825
-815
-814
-814
-813
-812
-810
-807
-803
-799
-799
-796
-794
-794
-792
-785
-783
-782
-780
-776
-775
-773
-772
-770
-768
-766
-766
-765
-764
-764
-762
-760
-760
-757
-755
-751
-750
-749
-747
-746
-745
-745
-744
-741
-738
-736
-733
-732
-732
-730
-724
-724
-722
-720
-716
-713
-713
-709
-709
-706
-706
-705
-703
-699
-696
-695
-694
-693
-693
-687
-687
-685
-682
-680
-679
-678
-677
-675
-674
-674
-673
-672
-671
-667
-663
-662
-661
-660
-658
-658
-657
-653
-653
-653
-652
-651
-650
-648
-648
-645
-644
-644
-642
-639
-638
-637
-637
-635
-633
-633
-632
-632
-632
-628
-626
-622
-619
-619
-618
-613
-608
-607
-606
-606
-605
-603
-600
-595
-594
-592
-586
-582
-579
-577
-577
-574
-573
-571
-570
-567
-565
-562
-561
-560
-559
-558
-556
-555
-552
-552
-552
-551
-550
-547
-544
-541
-535
-534
-533
-533
-531
-531
-530
-530
-527
-523
-522
-519
-518
-516
-516
-514
-514
-512
-509
-509
-506
-503
-500
-499
-498
-497
-488
-487
-485
-483
-480
-479
-475
-475
-473
-473
-472
-468
-467
-466
-464
-462
-459
-458
-455
-452
-452
-450
-447
-446
-442
-440
-440
-438
-435
-433
-431
-430
-429
-427
-427
-426
-422
-419
-418
-417
-416
-415
-414
-412
-410
-408
-407
-400
-399
-396
-394
-393
-390
-387
-382
-380
-379
-376
-375
-375
-372
-372
-371
-371
-370
-370
-370
-368
-367
-367
-367
-366
-365
-361
-360
-358
-355
-348
-348
-348
-346
-344
-339
-338
-338
-336
-335
-335
-333
-324
-324
-323
-322
-319
-318
-316
-316
-307
-299
-294
-292
-290
-288
-286
-286
-286
-282
-281
-278
-267
-267
-264
-263
-263
-262
-250
-249
-248
-247
-246
-244
-244
-241
-232
-232
-232
-231
-229
-227
-225
-225
-224
-223
-222
-221
-220
-220
-218
-218
-217
-216
-214
-209
-209
-205
-202
-201
-192
-191
-190
-189
-188
-187
-186
-185
-184
-184
-181
-179
-179
-172
-172
-169
-169
-168
-164
-164
-161
-161
-160
-156
-156
-149
-147
-146
-142
-142
-140
-139
-136
-135
-135
-132
-131
-129
-127
-126
-126
-124
-122
-122
-119
-118
-115
-114
-111
-106
-105
-104
-104
-102
-100
-97
-94
-92
-91
-91
-87
-85
-83
-82
-79
-78
-78
-78
-77
-75
-73
-71
-68
-67
-64
-63
-62
-59
-57
-57
-55
-55
-54
-51
-50
-48
-44
-44
-43
-42
-41
-38
-36
-34
-32
-27
-24
-22
-22
-18
-14
-13
-10
-9
-9
-9
-8
-8
-8
-7
-5
-2
-2
-1
-1
1
2
6
6
8
8
9
10
11
12
13
14
18
19
20
23
25
28
31
31
32
32
43
47
47
47
51
52
52
52
60
61
62
63
63
64
64
66
66
66
67
67
75
77
83
84
85
87
88
88
92
92
93
95
95
96
98
101
102
103
113
116
121
122
123
123
124
125
127
127
129
129
131
139
139
142
144
145
148
153
155
155
159
161
165
167
168
169
170
173
173
174
177
178
179
180
181
185
189
189
191
197
199
200
200
201
202
206
210
211
212
212
213
214
217
225
229
230
232
239
239
241
243
245
245
247
251
253
256
256
257
259
260
260
263
264
265
266
267
269
275
276
278
279
283
284
285
292
292
293
293
295
297
303
304
304
306
307
310
310
317
317
320
321
324
329
334
339
339
341
344
349
353
354
356
360
361
362
363
363
364
364
366
367
379
379
380
380
386
387
388
391
391
396
399
400
402
407
407
414
414
423
430
436
443
445
450
452
454
455
456
458
459
459
459
460
460
465
467
468
468
469
470
472
473
476
478
478
485
486
488
490
492
496
506
506
507
513
516
519
520
523
524
524
526
526
529
529
530
532
533
533
537
539
541
544
547
547
551
551
552
554
555
561
562
562
565
568
568
568
573
574
578
580
586
586
587
587
590
590
591
592
594
594
595
609
609
613
613
615
617
626
630
631
632
633
633
639
640
641
653
657
658
659
663
665
666
671
672
675
683
687
688
694
695
695
696
696
697
697
700
702
703
705
705
712
714
715
717
724
724
725
730
733
737
738
741
742
744
746
749
751
752
754
754
755
758
758
758
760
761
762
763
765
765
768
780
781
781
783
785
794
795
797
807
812
813
818
819
821
825
825
826
827
831
833
834
834
836
837
840
840
841
842
844
844
845
850
850
850
855
859
861
862
865
867
869
870
873
874
876
882
882
882
884
886
888
889
894
894
896
896
900
901
903
903
903
909
909
909
912
914
915
920
920
921
921
925
925
927
930
930
931
931
932
938
939
939
942
942
948
949
956
956
956
959
959
963
966
970
971
971
972
972
973
979
996
997
997