-997
-996
-995
-989
-989
-988
-988
-987
-987
-986
-983
-983
-983
-980
-978
-978
-977
-976
-974
-971
-970
-970
-970
-965
-958
-958
-958
-955
-955
-954
-948
-945
-941
-940
-940
-939
-938
-938
-937
-937
-937
-935
-934
-934
-931
-928
-924
-921
-920
-918
-918
-917
-910
-909
-906
-905
-903
-899
-898
-897
-896
-893
-893
-889
-889
-886
-884
-877
-874
-874
-873
-870
-868
-867
-863
-862
-861
-860
-860
-859
-858
-857
-857
-855
-853
-848
-841
-840
-836
-836
-835
-834
-834
-831
-827
-826
-823
-820
-820
-818
-817
-809
-800
-800
-799
-794
-788
-788
-788
-784
-779
-778
-776
-773
-773
-772
-771
-764
-761
-760
-758
-752
-751
-751
-750
-748
-743
-743
-741
-740
-739
-739
-739
-737
-736
-735
-728
-724
-723
-723
-719
-719
-719
-717
-716
-715
-714
-713
-712
-711
-711
-705
-705
-699
-698
-698
-694
-692
-691
-690
-690
-685
-685
-685
-681
-675
-671
-668
-665
-663
-663
-658
-657
-656
-653
-651
-641
-641
-639
-636
-635
-627
-624
-623
-623
-622
-620
-616
-614
-613
-612
-611
-610
-610
-609
-607
-602
-601
-600
-599
-597
-595
-593
-591
-590
-589
-585
-583
-580
-580
-579
-578
-572
-572
-571
-568
-566
-565
-564
-560
-560
-554
-554
-550
-549
-545
-545
-544
-540
-537
-536
-536
-533
-531
-531
-530
-529
-529
-529
-523
-522
-521
-520
-519
-518
-518
-517
-515
-514
-512
-509
-509
-506
-504
-504
-503
-500
-496
-492
-490
-485
-482
-480
-478
-474
-474
-464
-464
-464
-461
-459
-455
-454
-448
-448
-447
-445
-445
-443
-437
-436
-435
-430
-429
-420
-416
-413
-410
-410
-405
-402
-402
-400
-400
-399
-397
-396
-393
-392
-387
-386
-382
-381
-379
-376
-370
-370
-369
-367
-367
-366
-363
-362
-360
-360
-358
-355
-351
-351
-351
-347
-345
-344
-343
-338
-338
-338
-335
-332
-326
-319
-318
-311
-310
-310
-310
-309
-300
-298
-295
-295
-292
-285
-280
-278
-277
-276
-272
-271
-271
-270
-270
-269
-268
-267
-265
-264
-263
-262
-259
-254
-253
-252
-248
-246
-243
-242
-240
-237
-235
-233
-233
-233
-233
-230
-230
-229
-229
-225
-224
-223
-222
-221
-218
-217
-213
-212
-209
-209
-207
-205
-203
-202
-200
-200
-199
-194
-193
-193
-192
-188
-188
-186
-186
-185
-185
-185
-184
-184
-182
-179
-178
-177
-173
-173
-165
-162
-162
-162
-159
-156
-155
-154
-153
-153
-152
-151
-150
-146
-144
-144
-144
-143
-142
-139
-138
-136
-133
-129
-128
-126
-122
-120
-116
-115
-114
-112
-111
-110
-106
-105
-104
-97
-93
-86
-84
-83
-83
-80
-80
-77
-75
-72
-72
-71
-70
-66
-65
-65
-63
-59
-58
-58
-51
-50
-50
-46
-46
-45
-45
-44
-43
-42
-37
-35
-34
-33
-33
-32
-29
-28
-27
-21
-21
-21
-19
-18
-17
-16
-14
-12
-10
-10
-8
-8
-6
-6
-5
-4
-4
-4
-3
-3
3
3
3
8
10
10
12
13
16
18
18
20
23
24
26
27
32
41
43
44
51
51
52
56
56
57
57
59
64
66
67
69
69
70
71
72
73
74
77
78
84
84
84
85
89
90
97
99
104
104
108
112
114
118
125
126
129
130
135
135
136
142
142
145
146
149
154
171
172
173
174
176
176
177
178
178
181
181
182
183
184
186
196
196
197
197
197
198
199
199
200
200
203
208
215
217
221
226
226
226
226
227
227
227
228
230
231
231
233
236
239
240
247
248
248
248
250
251
253
254
256
263
267
267
272
272
273
275
275
277
279
280
280
281
285
291
291
291
292
295
296
300
300
301
305
306
308
309
309
313
316
318
319
321
322
325
325
327
334
342
343
343
347
348
349
352
355
361
361
364
369
369
371
372
373
373
376
377
379
382
396
400
404
405
406
408
408
419
424
425
429
430
431
431
431
433
435
438
440
440
442
443
443
443
444
445
445
447
450
452
455
457
457
462
462
465
465
467
469
470
473
474
474
475
475
478
484
484
485
489
489
491
492
493
497
497
497
497
500
501
503
509
512
512
512
519
520
521
522
527
527
532
533
535
536
536
538
539
541
543
544
544
545
546
547
549
550
551
554
556
556
557
558
560
561
563
566
568
570
574
579
580
583
586
587
588
590
592
593
594
597
599
600
601
601
603
603
604
604
607
607
608
614
619
619
620
622
625
625
627
636
640
640
646
646
647
648
649
653
658
659
661
663
666
666
667
667
668
669
670
679
683
684
685
692
694
695
695
699
700
701
701
702
704
710
711
713
713
715
720
722
722
724
726
726
729
733
735
736
738
738
739
740
740
741
743
743
743
744
746
746
754
759
760
763
763
764
765
767
767
769
770
773
778
779
781
782
784
788
790
795
800
801
801
801
804
806
810
811
816
819
819
821
822
822
823
823
824
830
832
835
837
839
841
842
842
844
848
857
858
868
869
871
871
880
881
882
883
884
885
888
891
892
892
893
894
894
898
902
904
905
907
910
912
912
913
916
921
923
925
925
928
931
934
936
938
939
939
941
943
944
955
955
960
961
962
963
965
967
968
971
972
973
975
975
979
979
980
982
983
983
989
990
992
999
999
1000