-995
-993
-992
-992
-992
-991
-989
-988
-985
-978
-977
-969
-969
-967
-964
-962
-958
-953
-951
-946
-946
-945
-942
-939
-938
-938
-936
-933
-932
-926
-926
-925
-922
-922
-921
-916
-915
-915
-914
-914
-910
-908
-906
-905
-901
-901
-899
-899
-899
-897
-895
-893
-893
-891
-887
-887
-886
-884
-879
-878
-873
-872
-870
-870
-869
-868
-867
-861
-861
-860
-859
-858
-851
-850
-847
-845
-843
-843
-839
-839
-838
-836
-835
-833
-832
-831
-831
-831
-826
-822
-819
-818
-817
-816
-815
-815
-814
-813
-812
-811
-804
-804
-798
-798
-797
-794
-793
-788
-787
-779
-777
-771
-770
-768
-768
-766
-764
-761
-760
-759
-755
-754
-752
-752
-749
-748
-747
-745
-744
-742
-741
-736
-736
-736
-730
-730
-728
-725
-724
-724
-723
-720
-715
-715
-714
-713
-712
-708
-708
-707
-704
-702
-702
-689
-688
-685
-682
-682
-682
-680
-678
-678
-671
-670
-670
-668
-663
-660
-659
-658
-658
-650
-649
-649
-648
-645
-644
-640
-639
-638
-636
-635
-632
-629
-627
-623
-622
-622
-620
-620
-619
-619
-619
-615
-611
-610
-606
-605
-604
-601
-595
-594
-590
-587
-587
-586
-585
-585
-585
-584
-581
-580
-574
-571
-570
-570
-567
-566
-564
-562
-552
-540
-539
-539
-537
-524
-523
-519
-515
-510
-507
-506
-503
-493
-490
-489
-488
-487
-486
-485
-483
-479
-478
-476
-476
-473
-470
-469
-468
-466
-461
-460
-453
-451
-450
-446
-446
-445
-445
-440
-439
-437
-436
-433
-433
-433
-428
-427
-426
-424
-424
-423
-421
-421
-419
-416
-414
-412
-409
-408
-408
-400
-399
-398
-395
-395
-392
-391
-391
-387
-387
-384
-383
-378
-375
-372
-370
-369
-367
-365
-355
-351
-351
-351
-350
-347
-346
-344
-343
-341
-338
-337
-335
-334
-333
-331
-328
-327
-324
-317
-313
-313
-312
-305
-296
-296
-295
-294
-292
-291
-290
-286
-282
-282
-279
-278
-273
-273
-265
-265
-263
-262
-257
-252
-252
-241
-238
-237
-236
-235
-235
-234
-232
-232
-231
-224
-223
-213
-211
-205
-204
-200
-194
-193
-190
-187
-186
-184
-183
-182
-181
-179
-177
-177
-176
-169
-166
-166
-163
-162
-162
-160
-160
-159
-157
-156
-152
-151
-144
-135
-134
-130
-129
-129
-129
-129
-128
-127
-111
-104
-98
-97
-95
-92
-90
-89
-83
-83
-81
-81
-81
-76
-76
-75
-74
-69
-69
-59
-58
-57
-51
-50
-50
-48
-48
-45
-42
-41
-39
-36
-34
-30
-28
-26
-26
-24
-23
-21
-20
-20
-20
-19
-19
-18
-13
-9
-6
-3
-2
0
0
2
2
4
6
11
12
16
16
16
18
20
20
21
21
24
26
26
28
28
34
34
36
37
46
52
55
55
56
56
60
60
61
63
65
65
65
71
72
72
72
75
81
81
84
86
89
91
94
98
99
100
102
103
104
106
107
109
109
111
114
115
115
118
121
123
128
129
130
131
132
134
134
137
138
139
140
141
142
144
145
145
151
155
156
157
165
166
167
167
175
176
179
180
181
185
185
186
187
190
192
193
196
201
202
203
206
209
209
210
211
211
215
216
217
217
218
222
224
225
225
228
232
232
235
244
244
245
245
250
250
251
252
253
262
263
266
268
270
275
278
283
287
288
294
297
302
305
310
311
311
311
313
313
316
320
320
321
326
327
332
344
347
347
347
349
350
351
356
359
360
362
362
363
364
375
375
375
378
385
385
388
391
393
394
396
397
397
398
401
403
403
403
407
408
409
414
416
419
424
424
426
429
430
431
431
435
435
441
447
450
451
453
458
462
467
471
473
474
480
482
486
488
490
490
493
498
500
515
515
515
516
517
520
521
521
522
524
524
525
527
528
534
536
537
537
541
541
542
542
544
545
546
546
548
553
554
558
560
563
563
566
570
570
572
580
581
582
584
588
590
593
595
595
596
598
598
601
607
608
610
615
616
617
623
625
626
628
630
631
633
634
637
638
638
641
645
647
649
649
654
654
655
656
657
661
664
666
667
670
670
671
671
672
677
680
682
682
684
685
686
690
692
693
695
696
699
708
710
713
715
716
717
718
719
719
723
725
730
734
735
737
737
737
745
745
746
747
748
748
748
750
750
750
752
753
756
758
759
759
760
766
773
774
776
785
791
791
791
792
793
794
796
798
800
804
805
805
807
809
811
814
816
820
822
824
824
826
830
833
834
835
840
842
844
847
848
849
853
854
856
859
860
861
861
866
869
870
870
871
874
874
875
876
878
884
885
885
888
890
891
891
893
893
894
901
904
911
913
914
915
917
917
921
922
924
927
928
928
929
930
932
936
937
937
945
946
947
954
954
954
956
958
958
960
968
969
970
970
972
973
974
979
981
982
983
985
985
985
987
988
988
990
994
999