-1000
-1000
-997
-992
-991
-989
-986
-982
-977
-974
-972
-970
-965
-962
-962
-961
-960
-960
-960
-959
-958
-955
-947
-946
-946
-942
-942
-938
-935
-934
-927
-925
-917
-916
-915
-910
-909
-909
-905
-901
-897
-895
-891
-890
-889
-889
-887
-886
-884
-878
-878
-878
-877
-876
-875
-872
-871
-871
-869
-867
-867
-867
-858
-857
-856
-856
-856
-854
-854
-852
-852
-850
-848
-847
-843
-843
-843
-840
-839
-838
-838
-837
-837
-832
-828
-826
-826
-825
-823
-819
-819
-818
-813
-812
-809
-808
-807
-804
-804
-801
-801
-801
-800
-800
-798
-796
-793
-793
-792
-791
-790
-789
-788
-785
-785
-783
-780
-779
-778
-776
-775
-775
-774
-772
-771
-770
-769
-768
-768
-767
-766
-763
-761
-757
-754
-754
-752
-752
-751
-750
-747
-743
-741
-741
-740
-739
-735
-734
-731
-728
-727
-727
-727
-725
-725
-724
-723
-723
-720
-719
-719
-715
-710
-708
-706
-704
-704
-703
-702
-697
-695
-691
-689
-685
-680
-677
-673
-670
-669
-667
-664
-663
-663
-661
-660
-660
-658
-657
-654
-643
-640
-637
-637
-634
-633
-629
-628
-628
-627
-627
-625
-624
-617
-617
-615
-614
-611
-607
-603
-601
-601
-600
-598
-596
-591
-590
-590
-587
-586
-585
-584
-584
-578
-574
-571
-569
-568
-567
-564
-560
-559
-556
-555
-555
-554
-554
-542
-536
-535
-531
-528
-526
-523
-522
-519
-519
-517
-515
-513
-513
-511
-510
-508
-505
-498
-496
-496
-495
-493
-490
-488
-487
-487
-486
-485
-484
-484
-483
-472
-468
-467
-466
-464
-464
-461
-456
-455
-455
-454
-452
-451
-450
-448
-446
-441
-439
-438
-437
-436
-435
-435
-432
-427
-426
-425
-424
-422
-416
-406
-406
-403
-402
-400
-399
-388
-386
-382
-381
-380
-377
-375
-373
-371
-369
-367
-367
-365
-365
-364
-364
-357
-353
-352
-351
-350
-348
-348
-346
-346
-345
-345
-344
-344
-342
-341
-341
-339
-338
-335
-331
-329
-323
-322
-321
-316
-314
-314
-310
-308
-307
-305
-304
-301
-301
-299
-296
-295
-293
-289
-286
-282
-280
-276
-275
-272
-267
-263
-260
-257
-255
-251
-250
-249
-248
-248
-241
-240
-239
-239
-239
-238
-238
-232
-231
-231
-226
-225
-223
-223
-216
-216
-214
-213
-212
-207
-206
-206
-205
-203
-200
-200
-200
-200
-191
-191
-190
-184
-184
-175
-175
-174
-173
-170
-169
-169
-168
-167
-165
-162
-158
-158
-157
-153
-152
-150
-149
-148
-147
-145
-144
-143
-143
-140
-137
-134
-128
-127
-127
-127
-126
-126
-123
-123
-115
-114
-110
-108
-107
-100
-97
-96
-95
-93
-92
-90
-90
-86
-85
-82
-81
-79
-79
-78
-71
-71
-68
-66
-66
-62
-61
-58
-53
-52
-49
-47
-47
-46
-46
-45
-44
-41
-38
-33
-32
-29
-29
-27
-24
-23
-21
-17
-15
-11
-10
-9
-3
-2
2
2
4
4
6
8
10
12
12
13
16
18
19
20
21
22
22
24
28
29
31
38
40
42
44
49
51
52
52
52
52
54
56
56
57
60
60
60
62
62
63
64
65
67
67
67
77
77
78
78
79
80
82
82
83
87
90
90
91
94
95
100
101
102
104
112
112
112
113
115
116
117
122
122
124
131
136
138
143
145
149
159
162
163
166
166
168
168
169
171
175
176
177
180
181
182
183
190
192
196
197
199
200
203
204
211
215
217
220
222
222
223
223
223
224
225
229
230
234
238
240
244
246
250
252
261
264
270
270
271
272
275
276
281
282
283
283
284
284
285
288
288
293
294
298
300
301
302
303
303
304
305
305
305
307
309
314
314
320
321
322
323
324
325
325
327
328
328
330
335
336
336
339
340
346
347
349
352
352
355
355
356
359
364
364
371
372
377
377
379
380
381
381
383
384
385
389
396
400
401
401
406
407
409
410
410
417
421
424
424
425
427
427
432
436
438
441
442
442
445
447
450
450
453
454
455
455
455
460
462
466
466
468
469
474
475
478
479
482
483
484
489
494
496
496
498
499
499
501
505
506
509
509
512
513
516
523
524
526
528
529
531
534
535
541
548
550
553
553
560
563
563
565
566
566
567
567
568
570
570
572
575
580
581
583
588
589
589
590
590
590
593
594
595
599
599
603
603
605
605
613
614
617
620
620
621
621
622
622
623
623
624
627
630
632
636
637
638
641
643
643
646
648
649
650
651
656
657
657
660
661
662
665
665
666
669
673
673
678
681
681
683
684
684
687
690
692
693
700
702
703
703
704
705
706
707
708
709
709
710
711
712
713
713
714
717
719
719
722
725
729
730
731
732
733
733
734
735
742
743
744
745
747
747
748
748
749
753
754
760
762
764
766
766
767
767
767
773
773
774
781
787
787
788
790
790
793
798
798
798
800
801
801
806
807
808
808
809
810
816
831
834
838
838
841
843
843
843
848
850
854
855
856
860
860
863
864
864
865
866
866
867
867
868
868
872
885
887
887
888
891
891
892
896
896
898
899
905
906
907
908
909
909
911
915
915
922
925
930
931
940
941
942
945
945
951
954
956
958
959
961
962
963
971
974
976
976
978
979
980
982
983
985
985
985
987
989
992
993
993
995
998
999