-997
-997
-992
-988
-983
-982
-976
-976
-976
-974
-973
-971
-968
-967
-967
-966
-959
-958
-957
-956
-956
-947
-945
-943
-942
-939
-939
-937
-935
-933
-932
-932
-931
-930
-930
-930
-922
-918
-918
-915
-913
-912
-909
-905
-900
-899
-898
-896
-894
-893
-891
-891
-886
-884
-880
-877
-876
-875
-874
-870
-868
-864
-858
-857
-856
-854
-854
-853
-849
-849
-848
-847
-847
-847
-846
-845
-845
-842
-830
-829
-828
-826
-825
-825
-825
-822
-821
-818
-816
-814
-814
-812
-810
-809
-806
-802
-801
-800
-798
-797
-789
-788
-788
-786
-783
-782
-779
-775
-772
-769
-769
-766
-766
-763
-761
-761
-758
-758
-757
-756
-754
-754
-752
-750
-747
-746
-743
-741
-739
-736
-736
-734
-734
-733
-732
-731
-729
-729
-722
-722
-719
-718
-717
-717
-716
-715
-714
-714
-714
-713
-710
-709
-707
-704
-704
-702
-702
-701
-699
-697
-696
-692
-689
-689
-688
-682
-678
-677
-675
-672
-669
-669
-666
-665
-665
-664
-656
-654
-653
-651
-649
-649
-649
-647
-644
-644
-644
-638
-637
-636
-633
-628
-623
-622
-618
-615
-614
-613
-612
-611
-610
-608
-606
-594
-591
-589
-584
-584
-580
-580
-577
-577
-570
-568
-564
-564
-559
-558
-557
-556
-553
-553
-550
-548
-548
-547
-543
-541
-536
-532
-531
-529
-527
-527
-526
-525
-520
-519
-519
-518
-518
-515
-513
-509
-509
-509
-503
-502
-500
-497
-495
-495
-494
-491
-490
-489
-488
-488
-484
-483
-478
-477
-477
-474
-474
-473
-469
-466
-463
-462
-458
-457
-457
-456
-455
-454
-450
-450
-447
-445
-444
-442
-439
-438
-437
-433
-431
-429
-429
-428
-425
-423
-421
-420
-419
-418
-412
-412
-412
-407
-406
-405
-403
-403
-399
-398
-397
-396
-395
-395
-394
-392
-388
-385
-381
-381
-375
-371
-369
-365
-362
-359
-359
-359
-357
-356
-356
-353
-352
-350
-347
-345
-345
-343
-341
-341
-341
-338
-338
-330
-328
-325
-323
-320
-319
-319
-318
-313
-313
-312
-312
-310
-309
-308
-308
-303
-303
-303
-302
-302
-297
-293
-292
-288
-285
-284
-281
-276
-269
-268
-268
-268
-267
-262
-259
-259
-255
-254
-253
-253
-251
-246
-246
-245
-244
-240
-238
-237
-233
-229
-227
-226
-226
-225
-222
-220
-217
-215
-213
-208
-205
-203
-200
-199
-196
-196
-191
-189
-188
-188
-188
-187
-185
-185
-183
-182
-182
-177
-168
-167
-167
-166
-162
-162
-161
-158
-155
-153
-152
-150
-149
-149
-145
-144
-140
-136
-135
-129
-125
-122
-121
-118
-111
-109
-106
-105
-103
-103
-99
-94
-94
-86
-86
-83
-77
-73
-73
-72
-68
-65
-61
-60
-59
-58
-58
-56
-54
-47
-45
-44
-42
-40
-38
-38
-37
-36
-35
-34
-33
-30
-25
-22
-21
-21
-15
-14
-13
-11
-9
-9
-8
-7
-5
-2
-1
0
2
3
6
7
7
12
12
15
17
17
18
22
23
25
25
28
29
29
30
31
31
35
37
38
44
45
46
50
53
54
56
60
64
64
65
67
70
70
71
72
73
80
80
87
90
91
94
95
97
97
98
98
100
101
103
104
106
109
112
112
113
116
117
121
122
126
127
127
130
130
132
132
132
133
144
145
147
149
149
153
156
159
161
163
163
166
170
171
173
173
174
177
180
180
185
192
194
196
197
197
198
201
202
205
209
209
213
217
217
219
221
221
221
222
222
222
224
225
225
227
227
227
228
231
233
238
238
247
251
252
253
254
254
254
259
260
260
261
261
262
267
269
269
274
278
282
287
287
291
292
299
302
306
306
306
309
310
310
312
313
313
318
319
322
323
324
324
324
326
327
330
331
331
331
333
334
335
341
342
348
358
358
366
369
369
371
373
378
378
381
383
383
384
385
390
390
398
402
402
404
406
410
415
417
423
427
429
430
430
431
433
435
438
439
440
440
445
445
451
452
455
461
462
463
465
468
468
469
472
472
476
477
477
478
480
481
481
483
484
486
486
486
489
489
489
490
493
494
497
497
500
506
508
511
514
515
517
522
522
524
524
526
528
528
530
541
542
542
544
545
546
546
546
548
550
552
554
555
556
556
558
560
561
561
561
561
563
567
572
578
579
579
579
579
583
585
589
592
594
595
596
599
600
603
604
604
607
608
610
610
614
614
620
621
625
625
627
630
630
630
630
632
633
635
636
637
638
642
642
646
651
653
653
657
661
662
664
668
671
675
678
679
680
681
682
689
693
694
695
700
701
702
705
705
705
705
706
708
718
720
721
723
726
726
727
730
730
732
733
734
740
742
749
752
753
754
757
758
758
759
761
762
763
763
764
766
767
767
772
773
774
775
778
783
786
787
787
791
791
797
802
803
804
806
808
809
809
810
818
820
821
823
824
825
827
827
827
829
831
831
833
833
836
838
838
838
843
846
847
848
851
852
854
855
861
862
865
868
869
882
882
882
883
887
887
887
888
888
890
892
899
905
906
908
910
917
917
919
919
921
921
922
922
922
922
925
925
927
929
931
931
932
935
938
939
940
944
945
947
947
950
951
952
955
957
959
964
965
966
968
968
969
974
974
979
984
984
986
988
988
991
992
994
997