-1000
-998
-998
-998
-997
-997
-993
-992
-987
-986
-986
-985
-983
-983
-981
-979
-972
-968
-967
-963
-963
-961
-960
-959
-958
-956
-952
-952
-942
-942
-938
-935
-934
-933
-933
-933
-925
-924
-924
-917
-915
-913
-912
-909
-909
-908
-905
-903
-899
-895
-893
-886
-885
-884
-880
-880
-879
-878
-876
-874
-869
-868
-860
-857
-857
-856
-856
-854
-853
-852
-852
-852
-852
-850
-848
-842
-841
-841
-835
-830
-828
-827
-827
-826
-822
-822
-817
-817
-817
-815
-813
-811
-810
-810
-810
-807
-802
-800
-796
-793
-793
-792
-792
-789
-788
-783
-783
-779
-779
-778
-778
-778
-777
-776
-772
-772
-770
-770
-769
-764
-763
-762
-760
-759
-758
-756
-750
-749
-741
-737
-737
-733
-730
-726
-722
-722
-721
-720
-719
-718
-717
-716
-714
-714
-711
-710
-710
-708
-708
-703
-698
-695
-694
-693
-693
-689
-688
-687
-681
-679
-677
-677
-676
-674
-670
-668
-666
-664
-664
-663
-663
-660
-659
-653
-650
-650
-645
-644
-642
-640
-635
-632
-629
-629
-629
-628
-627
-626
-625
-624
-623
-623
-620
-620
-618
-616
-616
-616
-614
-613
-613
-611
-610
-606
-606
-602
-598
-597
-597
-591
-589
-588
-585
-585
-584
-584
-584
-582
-581
-580
-580
-579
-575
-574
-570
-569
-568
-566
-566
-548
-548
-547
-546
-545
-539
-537
-535
-535
-535
-534
-534
-534
-534
-531
-531
-530
-527
-525
-520
-519
-517
-515
-514
-511
-506
-506
-505
-505
-504
-503
-498
-497
-492
-492
-491
-489
-485
-481
-476
-473
-468
-464
-461
-460
-455
-454
-454
-449
-449
-448
-446
-445
-445
-440
-438
-435
-434
-431
-428
-427
-423
-418
-417
-412
-410
-403
-401
-398
-397
-395
-395
-395
-391
-389
-387
-378
-373
-370
-369
-368
-368
-365
-365
-363
-363
-363
-362
-359
-359
-358
-358
-354
-352
-351
-351
-349
-349
-348
-344
-339
-339
-339
-338
-338
-335
-334
-331
-330
-330
-327
-322
-321
-318
-318
-317
-308
-308
-303
-302
-301
-297
-296
-295
-294
-293
-292
-289
-288
-288
-287
-286
-283
-274
-271
-270
-269
-267
-265
-262
-261
-259
-257
-254
-252
-252
-251
-250
-248
-248
-247
-246
-245
-244
-244
-240
-228
-228
-225
-224
-224
-224
-219
-215
-215
-215
-205
-203
-202
-201
-199
-199
-198
-193
-191
-190
-190
-189
-189
-189
-188
-186
-179
-173
-170
-169
-160
-156
-153
-153
-151
-149
-148
-148
-143
-143
-141
-139
-132
-128
-125
-124
-121
-120
-116
-110
-109
-109
-107
-106
-104
-101
-97
-96
-89
-88
-86
-85
-85
-83
-81
-79
-74
-72
-71
-71
-70
-67
-66
-66
-64
-59
-52
-51
-50
-49
-48
-46
-45
-44
-38
-38
-34
-32
-32
-29
-28
-27
-27
-26
-25
-24
-20
-16
-16
-8
-7
-5
-4
-2
3
7
8
10
18
20
21
24
24
26
27
34
34
39
44
45
46
47
49
50
53
55
59
60
62
65
70
70
74
74
79
83
83
84
86
88
88
91
91
95
96
97
99
104
104
109
114
116
117
119
119
119
124
127
128
131
132
132
137
139
140
141
142
145
147
156
161
164
164
166
167
167
168
170
172
172
173
176
180
180
187
187
188
189
192
193
195
195
197
198
198
202
202
206
207
212
215
217
219
220
224
231
232
233
235
241
244
244
246
248
252
253
255
255
256
257
264
266
271
277
277
279
282
283
283
285
287
287
287
288
293
294
295
297
299
301
301
301
302
303
304
307
309
313
313
314
316
321
327
329
330
336
336
337
340
341
344
345
348
354
356
359
360
361
362
364
364
364
367
367
370
371
372
373
374
375
376
377
379
381
381
383
387
388
388
389
394
399
400
402
403
404
404
405
407
408
408
409
410
411
414
417
418
418
419
419
424
424
429
430
430
432
435
435
437
438
440
440
442
443
444
449
451
453
456
457
458
458
459
464
466
467
468
470
470
474
475
477
480
481
481
484
484
485
485
488
488
489
491
492
497
499
508
511
511
512
515
516
520
521
521
523
525
529
534
543
544
546
549
553
555
558
561
561
561
562
563
563
570
570
570
570
572
576
577
577
578
579
579
582
582
583
586
587
588
588
589
590
592
593
597
601
602
606
614
615
615
617
617
619
622
622
624
627
629
634
634
634
635
638
641
642
644
645
647
647
648
648
650
651
653
653
654
655
664
666
667
670
671
671
672
672
672
673
673
674
674
676
676
681
682
683
684
685
685
685
688
688
691
691
693
696
696
696
697
698
699
705
707
712
712
717
717
717
721
722
723
723
724
725
727
727
734
740
740
743
743
744
746
750
752
756
761
761
761
762
765
767
768
772
773
773
777
781
782
784
785
793
794
798
803
804
804
805
807
811
811
816
819
819
819
825
831
832
837
840
841
842
845
846
846
852
852
853
854
856
856
857
861
862
862
867
868
868
870
875
877
878
881
882
886
888
890
891
892
897
900
902
902
903
904
905
907
907
907
908
910
910
911
911
912
915
915
919
920
921
926
929
929
931
939
939
940
942
942
943
944
946
952
958
959
964
965
965
965
966
969
972
973
973
978
982
985
986
986
991
992
995
997
998
1000