-1000
-999
-999
-998
-995
-994
-993
-992
-992
-990
-990
-989
-987
-985
-982
-975
-972
-971
-967
-965
-964
-963
-960
-956
-953
-953
-951
-947
-946
-945
-945
-943
-942
-942
-941
-939
-936
-936
-933
-932
-931
-930
-922
-921
-921
-920
-918
-913
-911
-911
-909
-905
-904
-903
-902
-901
-900
-898
-896
-895
-893
-893
-891
-888
-887
-884
-878
-877
-877
-877
-868
-865
-864
-857
-856
-852
-847
-843
-839
-835
-822
-817
-816
-811
-811
-811
-808
-807
-806
-804
-802
-800
-796
-793
-787
-781
-777
-774
-772
-771
-770
-768
-767
-767
-765
-765
-762
-758
-756
-753
-752
-751
-751
-750
-749
-747
-747
-747
-745
-743
-740
-739
-738
-738
-738
-737
-737
-736
-734
-734
-732
-731
-729
-724
-722
-719
-715
-715
-714
-713
-710
-708
-708
-708
-703
-701
-701
-699
-697
-697
-693
-693
-692
-691
-691
-685
-684
-680
-679
-673
-673
-672
-670
-669
-669
-668
-668
-660
-659
-659
-656
-653
-648
-643
-641
-640
-636
-630
-630
-629
-625
-624
-620
-620
-618
-615
-615
-614
-613
-612
-608
-607
-607
-602
-600
-600
-596
-592
-590
-590
-588
-586
-586
-586
-585
-584
-579
-578
-577
-576
-575
-574
-571
-570
-569
-567
-567
-566
-563
-560
-558
-553
-553
-552
-552
-551
-550
-549
-548
-546
-542
-541
-541
-539
-538
-537
-533
-530
-523
-523
-523
-520
-513
-513
-511
-511
-505
-504
-502
-499
-494
-489
-489
-487
-486
-485
-481
-473
-472
-472
-472
-469
-468
-468
-466
-466
-464
-464
-463
-461
-461
-461
-459
-458
-457
-457
-455
-449
-449
-446
-445
-445
-444
-442
-441
-440
-437
-435
-434
-429
-426
-422
-419
-419
-418
-413
-413
-409
-407
-406
-405
-404
-401
-399
-399
-393
-392
-389
-389
-386
-385
-385
-384
-379
-379
-378
-378
-374
-372
-371
-370
-367
-367
-366
-365
-363
-363
-363
-362
-359
-358
-354
-354
-353
-351
-348
-342
-340
-339
-337
-335
-331
-329
-327
-327
-327
-326
-325
-325
-323
-320
-317
-312
-310
-308
-304
-303
-302
-297
-296
-289
-287
-283
-282
-279
-278
-276
-273
-267
-267
-265
-258
-257
-257
-256
-253
-253
-250
-246
-245
-245
-244
-244
-241
-239
-239
-238
-238
-237
-235
-234
-233
-231
-228
-228
-224
-219
-216
-214
-212
-211
-210
-209
-207
-206
-205
-204
-202
-199
-199
-199
-197
-192
-191
-190
-188
-186
-183
-181
-179
-176
-174
-172
-168
-165
-160
-156
-154
-150
-149
-147
-144
-143
-143
-143
-142
-140
-139
-138
-137
-136
-135
-134
-134
-131
-126
-121
-121
-120
-114
-112
-107
-107
-106
-104
-103
-102
-96
-94
-89
-88
-87
-83
-83
-83
-82
-77
-76
-75
-73
-73
-72
-72
-72
-70
-70
-63
-58
-51
-51
-46
-46
-45
-42
-40
-39
-33
-31
-24
-21
-20
-19
-15
-13
-13
-12
-12
-9
-8
-6
1
3
5
5
5
6
7
9
11
11
12
14
16
18
19
19
20
21
22
25
25
26
28
35
36
36
38
41
41
42
43
44
46
46
50
51
56
56
58
58
61
61
61
63
75
76
76
77
78
80
81
83
83
86
87
88
91
93
97
98
104
104
107
111
113
113
117
120
127
128
132
136
136
140
142
149
151
153
157
157
158
159
160
161
163
163
165
166
166
170
176
178
179
180
181
184
186
191
199
201
202
205
210
210
215
215
216
216
218
218
225
225
228
230
231
232
235
235
237
237
238
240
248
251
255
261
263
265
266
266
267
268
270
270
277
279
281
283
286
288
290
291
291
295
296
297
298
299
300
300
301
302
302
303
306
309
309
310
311
311
316
317
320
322
322
325
336
336
337
338
338
342
342
343
343
350
351
351
351
354
356
357
359
360
364
364
365
366
366
367
368
368
370
371
371
372
373
377
379
380
383
383
386
389
391
393
393
394
395
396
398
401
401
403
408
410
420
421
424
424
425
425
427
427
428
430
431
432
433
433
435
438
440
445
446
449
457
457
459
462
467
468
472
472
473
473
474
476
477
480
480
489
490
491
492
495
497
502
504
504
504
506
506
509
509
510
511
512
515
517
518
520
525
525
526
527
528
532
534
534
535
543
543
543
546
547
551
552
553
554
554
557
558
561
565
571
571
571
572
576
576
578
578
580
581
584
586
587
589
592
593
595
596
609
611
614
615
616
618
619
619
623
624
627
628
630
635
635
636
636
639
640
640
648
649
650
657
657
662
665
666
667
668
676
676
677
682
683
687
687
688
691
694
694
695
696
699
699
700
700
702
703
706
709
710
714
716
717
721
724
726
727
735
735
736
736
737
737
740
744
744
746
746
750
751
751
753
753
754
754
757
760
765
765
766
767
769
769
769
770
774
777
777
785
787
788
791
792
793
797
797
798
798
802
806
809
809
810
813
813
815
817
818
819
820
820
821
821
823
824
824
825
825
828
828
831
835
843
844
845
850
852
856
857
862
863
867
870
874
884
886
890
890
900
902
904
905
911
914
917
921
924
930
930
937
938
939
941
942
943
944
947
949
953
954
958
958
958
962
964
965
965
967
969
971
971
973
976
976
981
981
986
992
993
996
997
999
999
999
1000