-1000
-998
-997
-997
-997
-995
-995
-993
-992
-992
-991
-989
-988
-987
-979
-979
-974
-974
-967
-963
-950
-949
-949
-948
-947
-947
-943
-935
-935
-930
-929
-929
-927
-927
-925
-924
-923
-920
-919
-917
-914
-913
-911
-910
-909
-907
-907
-906
-903
-902
-900
-896
-895
-893
-892
-889
-887
-883
-883
-882
-881
-880
-878
-867
-866
-865
-865
-861
-860
-859
-858
-858
-858
-855
-851
-850
-846
-845
-843
-842
-837
-836
-833
-833
-831
-830
-829
-828
-827
-821
-819
-818
-817
-814
-813
-811
-811
-808
-807
-803
-801
-800
-794
-793
-791
-788
-786
-786
-785
-781
-781
-781
-780
-778
-775
-775
-774
-772
-771
-768
-766
-766
-764
-762
-762
-762
-761
-761
-761
-760
-755
-754
-753
-752
-748
-746
-743
-738
-736
-736
-735
-734
-734
-733
-731
-730
-724
-723
-719
-718
-717
-716
-716
-715
-712
-710
-704
-703
-699
-698
-696
-692
-689
-688
-687
-686
-685
-684
-674
-673
-672
-671
-664
-664
-662
-662
-657
-656
-655
-650
-648
-648
-645
-644
-642
-639
-638
-635
-634
-633
-630
-630
-630
-629
-628
-623
-623
-618
-618
-615
-615
-610
-607
-605
-599
-598
-597
-593
-591
-589
-588
-586
-585
-582
-580
-578
-576
-565
-565
-564
-561
-555
-554
-553
-548
-543
-541
-532
-532
-530
-528
-528
-527
-527
-526
-523
-521
-519
-517
-515
-515
-509
-508
-507
-507
-506
-505
-505
-503
-500
-500
-500
-498
-497
-496
-494
-484
-484
-482
-479
-479
-476
-475
-475
-475
-465
-465
-458
-458
-455
-455
-454
-452
-448
-445
-436
-432
-431
-427
-427
-427
-425
-425
-423
-421
-418
-415
-415
-414
-412
-410
-409
-407
-403
-403
-403
-399
-397
-394
-391
-391
-387
-384
-384
-376
-375
-373
-372
-368
-366
-365
-364
-363
-360
-354
-349
-348
-343
-341
-339
-336
-334
-334
-333
-329
-324
-324
-323
-314
-312
-311
-308
-307
-306
-305
-303
-300
-300
-295
-289
-285
-283
-282
-281
-279
-275
-273
-273
-272
-271
-270
-270
-267
-267
-266
-265
-262
-261
-259
-258
-255
-255
-253
-253
-252
-251
-250
-241
-240
-235
-223
-219
-219
-215
-213
-212
-208
-208
-208
-205
-197
-190
-190
-187
-186
-185
-182
-181
-176
-176
-174
-174
-174
-173
-173
-171
-167
-166
-162
-161
-159
-159
-152
-152
-144
-143
-142
-142
-140
-138
-136
-135
-133
-130
-127
-127
-126
-123
-122
-122
-121
-121
-117
-117
-116
-116
-115
-114
-109
-107
-105
-102
-100
-100
-99
-98
-95
-95
-93
-91
-88
-82
-81
-80
-80
-79
-73
-73
-72
-70
-68
-61
-60
-59
-57
-56
-53
-48
-46
-40
-39
-39
-33
-29
-24
-23
-23
-19
-16
-13
-6
-1
6
11
11
13
19
21
29
31
32
33
34
37
40
40
42
47
49
51
51
53
54
54
54
54
54
57
58
62
65
65
66
70
71
77
81
83
87
88
89
100
104
105
106
106
112
116
116
118
118
119
120
121
126
127
128
130
133
134
135
135
138
141
144
145
145
145
145
146
147
149
149
152
154
156
156
160
160
162
164
166
170
171
172
172
174
174
176
176
177
179
180
180
181
185
186
187
188
189
190
192
195
201
202
206
207
207
208
209
214
216
221
221
223
227
227
232
236
240
240
240
244
247
248
251
258
258
263
265
265
266
266
270
272
273
274
277
279
281
282
283
284
285
286
287
287
291
291
292
292
294
295
295
298
301
302
303
308
309
311
311
311
313
324
327
328
328
329
332
333
334
337
337
343
343
345
352
353
354
356
362
364
365
372
374
375
376
378
379
381
381
382
387
387
389
390
392
396
397
398
401
401
403
406
407
407
411
414
414
417
421
423
424
425
428
430
431
439
441
447
449
450
450
451
453
463
463
468
468
469
472
473
478
479
483
484
485
487
490
494
497
498
498
500
502
503
505
507
509
514
515
516
517
522
524
527
528
530
531
533
535
537
538
541
541
544
544
548
552
552
554
554
559
560
560
561
561
565
566
573
574
575
578
581
585
585
589
591
591
591
591
592
592
594
595
596
596
597
598
603
603
605
609
610
611
611
612
612
613
617
617
618
620
620
621
622
623
625
625
629
630
632
634
635
635
637
643
649
649
651
655
657
657
660
663
664
667
667
671
672
676
677
678
680
680
682
682
684
686
690
692
695
697
699
700
702
702
704
705
706
707
707
708
710
713
714
714
715
715
716
717
718
724
725
726
726
727
732
733
734
735
737
742
745
749
752
753
753
754
754
754
755
756
757
758
760
761
763
764
765
765
766
767
768
770
771
772
779
781
785
786
788
791
794
794
794
795
799
800
805
807
810
812
814
814
814
817
819
820
820
820
821
824
825
825
826
827
828
830
831
831
833
836
838
838
841
842
843
843
845
845
846
850
859
860
861
862
864
865
865
865
866
866
867
868
869
869
869
869
870
871
873
875
877
880
882
883
884
890
895
896
898
899
900
901
905
911
911
911
920
921
922
923
924
924
926
929
934
934
935
937
941
943
949
952
957
959
962
963
963
966
967
969
969
976
976
978
982
986
988
990
993
993
994
995
995
998
999
1000