-998
-995
-994
-993
-991
-988
-988
-988
-988
-984
-981
-980
-976
-974
-971
-969
-967
-966
-962
-958
-955
-952
-950
-948
-946
-943
-940
-939
-938
-934
-928
-927
-927
-926
-922
-920
-917
-916
-912
-911
-910
-908
-906
-902
-900
-895
-894
-891
-887
-884
-878
-877
-875
-871
-866
-862
-859
-858
-855
-851
-850
-850
-849
-846
-838
-837
-837
-836
-835
-834
-832
-831
-830
-830
-830
-829
-825
-822
-821
-819
-818
-817
-816
-813
-811
-810
-809
-805
-805
-800
-799
-795
-795
-793
-792
-791
-786
-785
-783
-781
-781
-773
-773
-771
-759
-758
-757
-756
-754
-754
-750
-750
-741
-740
-740
-735
-733
-731
-728
-727
-714
-703
-699
-698
-697
-696
-695
-692
-691
-688
-687
-683
-681
-680
-678
-678
-678
-676
-671
-668
-667
-664
-662
-659
-658
-651
-646
-645
-644
-643
-640
-638
-635
-634
-633
-632
-632
-627
-625
-616
-615
-613
-608
-607
-605
-600
-596
-596
-594
-593
-582
-581
-580
-580
-579
-578
-576
-575
-573
-572
-570
-569
-566
-564
-564
-560
-555
-555
-551
-549
-548
-542
-537
-535
-532
-530
-515
-514
-503
-502
-495
-494
-489
-488
-488
-487
-485
-478
-476
-474
-472
-470
-470
-468
-468
-463
-458
-454
-451
-451
-449
-446
-444
-442
-438
-436
-432
-432
-429
-422
-418
-413
-413
-410
-408
-406
-404
-396
-394
-390
-383
-378
-376
-372
-371
-367
-367
-366
-362
-362
-358
-355
-352
-352
-351
-348
-347
-346
-340
-335
-333
-332
-331
-327
-327
-327
-324
-324
-323
-321
-320
-317
-314
-312
-311
-311
-309
-308
-307
-306
-302
-301
-298
-296
-296
-294
-293
-292
-286
-285
-284
-278
-276
-273
-272
-267
-267
-264
-261
-259
-258
-255
-251
-249
-246
-245
-243
-242
-237
-231
-229
-229
-218
-216
-215
-209
-204
-193
-193
-191
-190
-188
-182
-172
-172
-169
-168
-168
-166
-166
-163
-159
-157
-152
-150
-146
-145
-140
-137
-135
-132
-129
-122
-121
-120
-113
-113
-111
-103
-102
-101
-96
-91
-90
-88
-84
-83
-79
-77
-73
-71
-67
-66
-64
-63
-59
-54
-52
-51
-45
-40
-38
-37
-37
-34
-32
-29
-26
-26
-25
-22
-21
-17
-16
-14
-12
-8
-5
-4
1
5
9
9
13
18
22
29
29
33
33
34
35
37
41
44
49
50
54
54
57
63
64
65
66
67
70
71
78
82
91
93
94
94
94
95
100
102
105
106
106
112
112
113
114
114
116
117
118
121
124
127
128
132
141
142
143
147
152
157
158
160
161
162
163
164
167
169
170
171
173
174
178
180
187
192
193
198
198
199
199
200
201
203
205
207
210
213
213
215
219
221
221
223
224
224
225
225
227
229
230
231
237
243
243
246
247
247
252
256
258
260
261
261
267
267
267
269
271
272
281
281
282
287
288
289
293
299
300
306
308
315
316
330
334
336
337
341
344
346
348
350
350
354
357
358
360
363
365
369
369
373
378
378
381
383
384
393
395
396
397
398
398
401
402
405
406
406
407
408
410
411
418
418
420
421
422
424
432
432
436
440
449
453
454
459
466
467
467
467
467
469
474
476
477
479
479
485
488
494
494
495
500
503
504
504
508
509
512
512
512
513
524
529
532
532
532
535
535
536
537
537
540
540
543
547
549
552
561
566
569
569
572
576
579
584
593
596
597
598
600
601
604
606
608
610
610
616
623
623
627
628
628
629
633
634
637
647
653
656
657
666
667
670
672
673
673
679
680
690
692
696
706
707
709
709
709
710
712
712
713
715
724
727
728
729
731
731
734
740
741
744
753
757
760
761
765
773
775
778
781
782
783
790
796
798
803
805
813
814
815
825
826
829
836
838
839
843
845
847
852
857
858
863
866
867
870
871
874
876
877
881
881
883
886
893
894
897
898
898
899
901
907
911
911
911
912
913
914
914
916
919
921
922
923
931
934
934
935
935
949
949
951
953
955
964
964
969
972
972
972
974
976
976
977
977
978
979
981
981
982
989
990
994
997
999
1000