-1000
-999
-996
-995
-994
-992
-990
-987
-979
-978
-978
-977
-976
-973
-973
-972
-971
-970
-966
-966
-965
-965
-964
-963
-960
-960
-960
-959
-958
-955
-954
-953
-952
-945
-944
-943
-938
-937
-936
-932
-931
-931
-930
-929
-927
-921
-921
-919
-919
-918
-913
-907
-903
-901
-895
-894
-892
-882
-882
-878
-878
-875
-869
-866
-862
-859
-857
-856
-855
-855
-854
-852
-848
-843
-843
-839
-834
-831
-830
-830
-830
-827
-827
-822
-822
-819
-815
-814
-811
-810
-809
-808
-807
-803
-799
-796
-794
-793
-784
-783
-783
-779
-779
-779
-775
-774
-773
-770
-770
-767
-767
-766
-764
-761
-761
-761
-756
-753
-744
-744
-743
-742
-740
-737
-735
-730
-730
-729
-724
-720
-719
-718
-718
-716
-714
-713
-712
-711
-702
-700
-698
-695
-695
-691
-690
-690
-688
-687
-687
-683
-674
-664
-663
-658
-657
-656
-656
-652
-651
-649
-648
-645
-644
-642
-638
-634
-633
-630
-630
-630
-627
-625
-624
-621
-621
-621
-621
-620
-620
-619
-619
-617
-617
-612
-611
-610
-609
-608
-607
-606
-602
-601
-599
-598
-594
-590
-589
-589
-589
-588
-588
-588
-587
-586
-577
-576
-573
-573
-572
-571
-571
-570
-567
-564
-561
-557
-556
-555
-552
-551
-550
-550
-549
-548
-546
-544
-544
-544
-538
-533
-533
-533
-532
-531
-524
-523
-521
-521
-520
-519
-516
-515
-510
-509
-509
-506
-504
-503
-502
-502
-501
-498
-495
-492
-492
-489
-489
-487
-486
-485
-483
-482
-482
-482
-481
-480
-479
-479
-476
-474
-467
-467
-467
-465
-462
-461
-460
-459
-458
-458
-457
-452
-446
-445
-445
-444
-444
-443
-432
-430
-430
-425
-423
-420
-420
-420
-418
-418
-414
-413
-413
-410
-403
-402
-398
-386
-383
-377
-376
-376
-371
-365
-364
-362
-362
-359
-356
-356
-352
-352
-349
-347
-345
-338
-338
-336
-333
-327
-325
-325
-321
-319
-319
-317
-317
-313
-313
-313
-311
-308
-308
-307
-305
-304
-301
-299
-299
-297
-296
-296
-293
-293
-291
-291
-288
-287
-286
-285
-284
-278
-276
-276
-274
-270
-269
-265
-263
-262
-256
-254
-253
-252
-248
-247
-246
-246
-245
-243
-241
-240
-239
-236
-233
-233
-232
-231
-228
-227
-224
-224
-221
-220
-215
-214
-214
-210
-207
-205
-203
-196
-194
-190
-185
-182
-180
-175
-174
-174
-172
-172
-171
-159
-157
-156
-155
-155
-149
-148
-146
-142
-136
-134
-134
-132
-128
-125
-118
-117
-114
-111
-107
-106
-102
-97
-95
-94
-87
-84
-84
-81
-80
-79
-76
-75
-74
-69
-67
-61
-60
-60
-57
-56
-53
-52
-50
-49
-47
-47
-46
-46
-45
-43
-42
-38
-36
-34
-32
-28
-25
-23
-23
-21
-16
-14
-11
-11
-10
-5
-5
-4
-1
0
1
1
1
9
9
9
9
11
16
19
20
22
25
27
28
31
31
32
33
37
38
39
40
40
41
44
45
52
52
54
55
58
60
64
65
66
68
70
74
77
77
77
79
79
80
81
84
85
85
89
90
93
96
100
100
109
110
116
117
117
118
119
119
121
122
123
123
124
125
126
128
134
134
136
137
145
145
148
152
152
153
153
156
162
163
163
165
165
170
170
171
171
173
176
182
185
187
192
195
197
197
198
201
201
204
206
207
209
211
212
213
215
217
217
219
219
219
219
221
221
225
229
232
232
234
235
237
238
242
242
245
246
246
248
250
251
252
254
259
259
259
262
264
267
271
278
280
281
287
289
289
290
290
290
296
299
300
301
301
305
305
308
310
311
312
313
314
320
321
321
322
322
324
324
326
332
338
338
341
341
345
345
347
347
349
355
355
356
356
357
359
364
366
367
367
369
378
378
378
380
382
383
386
390
391
392
392
392
397
400
400
401
407
410
411
415
416
416
419
421
421
421
424
424
425
429
431
434
434
435
435
436
436
441
441
442
448
450
454
455
456
458
461
467
471
471
472
473
475
480
480
485
488
490
493
494
494
495
497
499
499
499
500
500
501
502
502
502
502
503
504
508
508
509
512
514
516
518
519
521
522
524
525
525
527
530
531
532
534
534
534
536
539
541
541
544
545
548
548
548
548
555
559
561
564
567
571
571
576
578
580
580
581
581
584
585
586
587
587
590
591
593
596
603
603
603
609
612
612
615
615
618
618
618
624
624
628
629
629
631
633
636
641
642
645
645
646
647
649
651
652
657
659
662
662
666
666
671
672
672
673
676
680
683
684
684
688
692
694
697
697
698
700
700
700
705
705
706
715
716
716
718
724
726
726
728
730
733
736
739
742
743
748
749
750
752
754
758
758
763
764
767
768
770
770
772
774
774
783
783
785
787
787
787
788
794
795
795
796
797
799
799
808
811
813
818
819
826
828
830
830
839
839
845
845
845
848
849
858
861
864
866
867
869
869
870
872
876
881
883
883
884
890
891
892
893
893
893
900
900
901
905
905
906
906
908
909
909
912
912
914
917
918
918
920
921
924
925
926
929
931
932
934
937
941
943
948
949
951
953
954
956
960
961
966
967
968
970
972
976
976
978
978
982
983
983
984
986
987
987
989
989
992
992
992
993
994
994