-999
-998
-998
-997
-997
-994
-993
-993
-990
-989
-986
-985
-983
-982
-982
-980
-970
-969
-968
-962
-962
-960
-960
-958
-956
-955
-954
-953
-949
-945
-944
-942
-939
-935
-933
-933
-932
-932
-930
-929
-928
-926
-924
-921
-920
-919
-919
-918
-916
-916
-915
-915
-913
-908
-907
-905
-904
-900
-899
-898
-896
-892
-890
-890
-887
-886
-882
-882
-882
-878
-877
-873
-872
-871
-871
-870
-868
-868
-867
-867
-867
-865
-864
-857
-856
-850
-848
-847
-846
-845
-844
-844
-841
-839
-839
-836
-830
-829
-827
-826
-826
-821
-819
-813
-811
-809
-809
-807
-805
-804
-801
-801
-800
-797
-793
-784
-783
-782
-781
-778
-771
-770
-770
-768
-767
-765
-764
-762
-761
-759
-758
-754
-754
-751
-749
-749
-743
-739
-739
-736
-733
-733
-732
-731
-729
-727
-727
-726
-725
-725
-725
-723
-723
-722
-719
-717
-714
-714
-713
-713
-712
-711
-709
-701
-700
-697
-694
-691
-689
-681
-681
-680
-679
-677
-674
-668
-665
-662
-660
-657
-657
-656
-653
-653
-648
-648
-648
-648
-647
-646
-645
-645
-642
-638
-637
-633
-630
-628
-625
-624
-624
-618
-617
-614
-612
-611
-611
-611
-610
-608
-607
-605
-604
-603
-601
-599
-599
-598
-598
-598
-597
-593
-592
-592
-591
-590
-589
-589
-588
-588
-586
-584
-584
-581
-580
-579
-576
-576
-570
-568
-565
-560
-560
-559
-559
-555
-555
-554
-550
-549
-548
-547
-546
-544
-544
-543
-542
-540
-531
-530
-527
-527
-522
-511
-509
-506
-505
-505
-500
-496
-494
-493
-492
-492
-487
-485
-482
-481
-479
-478
-469
-465
-465
-457
-455
-454
-453
-451
-451
-449
-448
-445
-443
-440
-440
-439
-432
-431
-429
-428
-428
-426
-426
-425
-424
-422
-415
-415
-413
-408
-403
-403
-401
-399
-399
-397
-394
-392
-391
-384
-381
-379
-378
-378
-377
-371
-371
-369
-364
-359
-358
-358
-358
-358
-351
-347
-342
-337
-337
-336
-336
-335
-333
-330
-327
-327
-327
-325
-322
-322
-319
-319
-314
-307
-307
-305
-303
-302
-301
-300
-298
-295
-295
-291
-290
-286
-285
-281
-280
-278
-272
-268
-266
-266
-264
-263
-262
-262
-261
-257
-254
-254
-251
-249
-247
-244
-243
-241
-240
-238
-235
-234
-230
-229
-229
-228
-227
-227
-225
-224
-222
-221
-219
-217
-217
-217
-217
-215
-211
-210
-206
-205
-203
-202
-200
-197
-188
-187
-185
-185
-184
-182
-179
-177
-176
-176
-172
-169
-168
-168
-168
-165
-160
-159
-158
-157
-156
-155
-154
-154
-153
-149
-148
-147
-145
-145
-142
-139
-135
-134
-129
-122
-119
-117
-114
-114
-106
-102
-101
-101
-100
-93
-91
-90
-88
-87
-86
-85
-84
-84
-81
-79
-79
-78
-76
-70
-70
-68
-64
-59
-59
-59
-55
-50
-49
-47
-45
-42
-30
-30
-25
-21
-18
-12
-12
-9
-7
-6
-4
2
2
2
3
6
7
7
10
13
14
17
22
25
27
30
32
33
33
34
36
37
37
37
37
44
46
49
50
52
56
57
57
59
59
60
63
63
64
64
66
70
74
79
80
83
86
87
89
94
101
102
102
103
110
111
112
120
121
122
123
124
128
130
134
138
143
143
144
145
147
148
150
150
150
151
151
152
152
154
156
159
162
162
164
166
167
169
173
173
174
175
175
183
183
185
186
186
187
188
189
190
192
193
193
193
196
202
208
212
213
214
218
221
222
223
224
227
231
234
238
238
244
245
253
256
257
257
259
268
268
269
271
275
276
276
278
279
279
281
281
285
290
290
291
291
294
294
295
299
299
300
302
305
309
311
311
312
312
315
317
319
320
322
322
323
323
328
331
340
341
342
344
344
346
347
349
354
359
359
360
361
362
362
368
369
369
370
371
371
372
372
372
373
374
374
374
375
376
376
381
384
386
388
391
391
392
397
403
403
412
414
415
415
415
416
419
419
419
420
423
425
426
427
433
433
443
445
448
449
451
451
451
453
458
458
460
462
464
464
465
469
470
473
474
476
477
477
480
481
481
481
481
482
482
484
485
485
486
489
495
496
496
504
507
509
511
516
517
519
521
524
525
526
533
534
536
537
538
543
546
549
549
550
551
553
553
555
556
559
559
562
567
569
570
570
572
577
584
586
587
590
594
603
607
611
614
616
617
619
619
621
625
627
631
632
635
635
638
639
642
645
645
648
649
651
657
657
665
665
666
670
671
671
678
678
683
685
687
687
689
692
692
694
694
694
696
697
697
697
697
699
701
703
703
705
705
706
706
707
708
708
710
713
723
723
725
727
729
730
732
732
734
740
741
744
746
748
749
752
755
757
763
770
770
771
772
774
776
779
782
785
788
789
793
794
795
795
796
797
799
801
803
803
803
806
809
811
812
814
815
816
817
817
820
826
826
828
829
834
836
836
841
842
842
844
844
845
846
848
849
849
850
854
855
856
859
859
860
863
866
867
869
870
872
876
876
876
877
879
881
887
890
890
892
892
897
898
898
900
907
910
910
911
911
912
915
918
920
921
932
933
933
933
936
939
941
942
943
944
945
949
959
968
972
972
973
977
979
980
980
982
987
988
989
989
991
991
992
997
999
999