-996
-995
-994
-993
-992
-991
-990
-988
-988
-986
-985
-984
-979
-973
-973
-971
-963
-963
-963
-960
-958
-957
-956
-956
-953
-952
-949
-949
-949
-947
-946
-944
-944
-940
-939
-936
-934
-933
-929
-923
-920
-919
-918
-917
-917
-916
-915
-912
-912
-908
-907
-906
-906
-904
-904
-903
-901
-901
-900
-896
-893
-893
-889
-888
-887
-886
-886
-885
-885
-883
-880
-877
-872
-872
-867
-861
-852
-850
-849
-846
-843
-843
-841
-840
-834
-830
-828
-826
-826
-824
-818
-818
-817
-815
-814
-810
-809
-808
-803
-801
-801
-799
-794
-789
-789
-787
-780
-779
-777
-775
-773
-771
-769
-761
-761
-760
-754
-754
-751
-746
-744
-744
-739
-739
-739
-737
-731
-730
-728
-724
-717
-715
-710
-708
-707
-705
-703
-703
-700
-696
-695
-695
-693
-692
-690
-690
-689
-689
-688
-683
-683
-681
-681
-676
-674
-674
-671
-669
-667
-667
-667
-659
-658
-657
-655
-655
-651
-650
-650
-648
-643
-643
-642
-638
-636
-635
-633
-630
-624
-620
-617
-615
-614
-612
-608
-607
-606
-604
-600
-600
-599
-594
-593
-589
-587
-587
-584
-582
-581
-579
-575
-573
-571
-570
-564
-561
-560
-557
-557
-555
-553
-551
-548
-546
-542
-533
-533
-530
-526
-526
-525
-522
-519
-518
-517
-514
-510
-505
-501
-497
-495
-494
-490
-489
-486
-485
-481
-481
-480
-478
-477
-472
-471
-468
-468
-467
-466
-466
-458
-457
-456
-455
-454
-450
-449
-449
-443
-443
-441
-439
-438
-437
-436
-435
-435
-435
-434
-432
-427
-427
-426
-422
-421
-420
-417
-416
-413
-410
-405
-404
-403
-402
-402
-398
-396
-392
-390
-388
-388
-387
-380
-380
-380
-379
-378
-377
-376
-375
-373
-365
-365
-365
-355
-355
-355
-351
-350
-349
-346
-339
-339
-338
-336
-332
-332
-331
-329
-329
-327
-324
-322
-320
-304
-295
-294
-294
-293
-291
-285
-281
-281
-277
-276
-275
-274
-271
-269
-262
-262
-261
-258
-250
-250
-249
-246
-246
-244
-236
-234
-233
-232
-230
-228
-226
-225
-223
-222
-221
-221
-221
-220
-219
-218
-211
-210
-209
-203
-203
-202
-202
-202
-198
-198
-196
-195
-193
-192
-191
-186
-185
-179
-179
-179
-176
-176
-175
-175
-174
-173
-171
-170
-166
-166
-164
-163
-162
-160
-160
-159
-157
-156
-155
-153
-152
-149
-144
-140
-139
-139
-136
-135
-135
-134
-134
-130
-129
-129
-122
-121
-120
-117
-112
-111
-109
-105
-102
-101
-100
-98
-97
-97
-95
-92
-92
-91
-90
-90
-90
-86
-85
-80
-78
-78
-77
-75
-75
-72
-71
-68
-63
-61
-60
-56
-53
-53
-52
-51
-50
-40
-40
-35
-33
-31
-29
-25
-25
-20
-19
-18
-16
-15
-14
-9
-6
-4
0
5
6
7
7
10
12
13
17
19
22
22
24
25
26
27
28
29
34
37
38
40
40
42
44
46
47
49
50
54
57
58
58
62
63
64
65
65
65
65
66
66
71
74
78
79
81
81
84
89
90
90
91
92
92
92
93
94
95
95
97
98
102
102
103
103
107
107
110
110
111
111
117
119
123
125
127
130
133
133
133
135
135
136
137
144
144
145
147
147
150
152
153
155
166
166
167
168
168
170
172
172
176
177
178
180
182
184
185
187
188
188
190
191
191
192
192
193
193
193
195
197
199
203
204
205
210
210
213
213
215
219
219
221
225
227
227
229
229
233
235
236
237
240
245
246
246
247
251
251
252
256
256
257
260
260
261
262
262
264
265
267
268
269
273
274
274
277
278
281
282
282
286
287
290
291
292
294
294
295
300
305
305
306
306
307
307
308
311
312
313
316
319
321
321
322
334
334
334
339
342
345
350
357
358
363
368
378
378
379
379
380
383
389
391
392
394
395
398
401
404
407
408
409
409
410
411
412
413
414
415
417
419
423
424
425
428
429
430
430
435
435
436
439
442
444
447
453
455
456
457
458
459
461
462
463
464
474
474
477
478
481
482
483
484
489
492
492
493
500
501
502
507
508
511
512
512
514
515
520
520
521
522
523
524
525
526
530
530
531
533
533
534
535
536
536
539
539
540
541
541
547
549
552
557
557
560
563
567
569
576
578
579
580
583
583
585
588
589
589
591
591
593
594
596
602
603
605
609
610
611
613
614
615
618
621
621
621
624
625
628
628
629
633
637
641
642
642
644
645
647
649
651
652
653
658
659
668
673
676
678
679
682
683
683
687
688
691
693
697
699
700
701
701
703
712
712
712
714
716
717
729
734
734
737
738
738
739
740
742
744
744
745
748
749
751
756
757
761
761
764
765
765
768
769
770
770
770
774
777
780
781
782
782
784
788
788
791
796
797
797
800
801
805
805
811
816
816
821
821
823
827
828
828
829
829
834
836
841
844
846
848
851
851
852
854
855
855
855
856
856
857
869
871
871
873
874
876
881
881
884
884
885
898
898
899
901
902
904
905
905
907
907
907
909
912
916
917
919
920
920
920
921
922
924
925
927
931
932
934
935
936
936
937
938
939
945
946
947
948
951
954
955
955
958
958
960
963
964
965
967
969
971
979
979
981
983
987
990
992
994
994
995
996
998