-996
-991
-990
-989
-989
-985
-984
-982
-980
-980
-978
-977
-976
-973
-972
-965
-963
-960
-959
-959
-956
-950
-948
-945
-944
-944
-943
-940
-938
-937
-934
-934
-933
-929
-926
-924
-923
-922
-921
-921
-919
-918
-917
-916
-914
-911
-907
-906
-905
-904
-903
-896
-895
-894
-888
-887
-885
-881
-881
-879
-878
-875
-874
-872
-871
-871
-868
-864
-862
-860
-859
-856
-854
-853
-847
-846
-843
-840
-837
-835
-834
-834
-834
-829
-829
-827
-825
-822
-818
-818
-817
-817
-817
-816
-815
-814
-812
-809
-802
-800
-799
-797
-794
-793
-792
-791
-786
-785
-784
-783
-782
-781
-779
-777
-774
-769
-769
-766
-765
-765
-764
-758
-753
-752
-751
-750
-748
-748
-747
-737
-735
-733
-730
-726
-726
-726
-722
-718
-712
-711
-703
-700
-700
-698
-697
-697
-697
-695
-694
-694
-694
-686
-685
-685
-684
-682
-681
-680
-679
-675
-672
-671
-671
-670
-669
-667
-657
-656
-653
-649
-647
-647
-646
-645
-643
-642
-642
-642
-638
-635
-632
-632
-623
-619
-616
-615
-609
-608
-608
-604
-600
-598
-598
-597
-595
-595
-594
-590
-590
-590
-589
-589
-589
-586
-586
-585
-585
-583
-582
-580
-578
-575
-575
-574
-573
-568
-567
-562
-561
-559
-559
-554
-551
-550
-546
-538
-531
-529
-528
-526
-525
-524
-519
-518
-517
-514
-514
-513
-512
-512
-508
-508
-507
-505
-504
-501
-498
-497
-495
-492
-492
-492
-491
-491
-489
-489
-487
-486
-483
-483
-477
-474
-474
-463
-462
-455
-455
-453
-450
-448
-446
-446
-442
-433
-431
-431
-426
-424
-424
-423
-421
-420
-420
-418
-417
-417
-416
-415
-414
-410
-409
-407
-406
-403
-403
-403
-403
-402
-400
-398
-398
-397
-396
-392
-390
-390
-386
-386
-382
-382
-381
-381
-380
-380
-375
-374
-374
-372
-372
-361
-360
-359
-358
-355
-355
-354
-354
-353
-350
-349
-345
-343
-343
-342
-341
-340
-339
-337
-337
-337
-336
-333
-331
-330
-328
-326
-322
-322
-321
-318
-312
-308
-308
-307
-305
-304
-302
-300
-298
-296
-295
-295
-292
-283
-282
-282
-279
-276
-268
-267
-267
-267
-261
-260
-257
-256
-255
-251
-247
-246
-243
-242
-241
-238
-238
-236
-236
-232
-231
-230
-230
-229
-227
-224
-220
-219
-211
-208
-208
-206
-206
-201
-201
-200
-200
-197
-195
-194
-192
-190
-184
-184
-183
-179
-178
-178
-177
-175
-173
-172
-165
-164
-164
-162
-160
-159
-158
-157
-155
-154
-153
-153
-151
-149
-149
-147
-143
-141
-140
-134
-130
-124
-119
-119
-118
-117
-116
-112
-107
-100
-100
-95
-93
-93
-93
-90
-81
-77
-76
-75
-73
-70
-65
-58
-57
-57
-56
-56
-55
-52
-51
-51
-50
-39
-38
-37
-37
-34
-31
-30
-26
-24
-24
-23
-19
-15
-14
-13
-12
-10
-7
-7
-6
-4
0
1
6
9
10
10
15
15
16
17
17
17
20
22
22
24
29
30
37
38
38
38
40
41
45
45
46
50
50
51
52
53
53
56
60
62
65
71
71
72
74
81
81
84
86
87
92
97
98
101
104
105
105
106
108
109
116
118
120
121
124
125
131
131
131
131
132
132
134
138
140
142
142
144
146
146
150
152
153
161
163
164
164
165
165
169
173
175
179
179
180
180
181
182
183
189
192
193
196
201
201
203
203
203
206
207
208
208
208
212
212
212
214
217
217
218
218
230
233
235
237
238
239
239
240
240
240
242
246
247
248
249
249
251
252
254
255
255
258
267
271
275
276
279
281
285
288
289
290
293
297
300
301
303
307
311
312
314
314
315
316
318
320
323
324
327
327
330
331
332
334
334
335
335
336
338
342
343
343
343
348
349
352
353
354
356
358
359
359
361
366
369
371
372
372
376
377
379
380
380
380
381
385
386
389
390
390
390
392
393
394
397
399
399
402
402
405
413
416
416
417
417
419
420
422
425
428
432
433
433
440
440
441
441
442
443
443
446
446
454
455
456
458
458
462
463
465
467
469
471
473
482
485
485
486
488
489
489
490
498
500
505
515
520
521
521
525
528
532
537
539
542
547
548
552
557
558
559
559
559
559
560
563
563
565
570
577
587
587
590
592
593
593
595
596
599
601
601
602
604
604
608
610
612
612
612
614
614
615
617
617
618
619
620
621
623
623
631
631
631
633
634
634
638
638
639
640
641
643
648
651
652
655
656
657
659
659
661
664
666
667
670
670
671
672
672
679
680
680
684
687
690
695
696
697
697
701
702
703
703
706
707
707
711
715
717
719
721
721
723
725
725
726
727
729
730
731
731
731
738
741
744
744
745
753
754
754
756
759
760
760
765
765
765
765
772
773
774
775
778
780
781
782
785
789
790
790
795
799
800
800
802
803
806
812
813
814
814
820
822
824
827
828
835
837
839
841
842
845
846
847
848
848
849
849
852
853
857
860
861
868
871
872
876
878
882
884
885
887
889
890
890
891
892
893
900
901
901
905
906
912
915
924
926
928
932
933
934
935
936
936
944
947
949
951
951
953
954
955
956
958
958
961
964
965
965
966
967
970
973
973
975
985
986
986
989
991
991
991
995
995
996
997
998
998
1000