-999
-996
-991
-989
-989
-989
-987
-986
-983
-981
-980
-977
-976
-974
-974
-974
-974
-973
-970
-970
-969
-966
-966
-965
-964
-962
-961
-960
-955
-955
-954
-952
-951
-947
-946
-946
-945
-945
-941
-939
-935
-934
-934
-933
-933
-931
-927
-922
-922
-920
-919
-919
-918
-917
-914
-912
-908
-907
-905
-905
-903
-900
-898
-893
-889
-888
-883
-883
-881
-879
-878
-871
-868
-865
-864
-862
-860
-858
-856
-855
-854
-853
-852
-851
-850
-849
-846
-846
-842
-836
-833
-831
-829
-829
-828
-827
-827
-824
-824
-823
-823
-819
-817
-813
-810
-809
-807
-807
-796
-794
-793
-790
-789
-788
-787
-787
-786
-785
-783
-779
-775
-774
-774
-772
-765
-759
-756
-756
-754
-752
-752
-752
-751
-748
-747
-747
-745
-745
-742
-728
-722
-719
-718
-717
-712
-712
-710
-706
-704
-702
-701
-699
-699
-699
-695
-694
-694
-693
-690
-686
-685
-683
-679
-677
-677
-676
-676
-673
-670
-670
-669
-667
-666
-666
-664
-663
-661
-659
-658
-655
-647
-644
-643
-640
-640
-638
-637
-636
-635
-635
-633
-633
-632
-629
-627
-626
-623
-623
-623
-619
-618
-617
-613
-612
-611
-608
-607
-604
-602
-601
-597
-597
-597
-594
-590
-588
-588
-586
-586
-584
-582
-581
-576
-575
-575
-574
-573
-572
-571
-569
-569
-569
-566
-562
-560
-560
-559
-558
-557
-556
-552
-548
-547
-545
-537
-534
-530
-530
-529
-528
-526
-525
-523
-520
-518
-517
-516
-505
-504
-501
-500
-498
-497
-497
-496
-496
-495
-492
-491
-491
-491
-489
-486
-483
-482
-477
-476
-470
-470
-465
-465
-464
-458
-456
-455
-451
-443
-443
-439
-439
-436
-430
-427
-426
-420
-418
-413
-412
-412
-407
-403
-403
-401
-399
-393
-391
-391
-389
-388
-385
-385
-380
-379
-375
-375
-375
-374
-374
-373
-369
-369
-368
-366
-366
-365
-364
-364
-361
-358
-355
-352
-351
-351
-349
-347
-344
-342
-340
-340
-339
-334
-334
-334
-333
-332
-330
-326
-323
-319
-316
-315
-312
-311
-309
-309
-308
-306
-306
-301
-301
-299
-298
-297
-284
-284
-284
-284
-283
-282
-281
-277
-272
-271
-266
-265
-265
-265
-264
-262
-260
-259
-258
-255
-255
-253
-253
-251
-251
-250
-247
-247
-246
-246
-243
-243
-239
-233
-232
-227
-225
-223
-221
-217
-212
-211
-210
-209
-207
-205
-198
-197
-196
-195
-194
-192
-190
-187
-185
-185
-181
-181
-181
-180
-178
-175
-174
-172
-171
-170
-169
-169
-167
-166
-164
-164
-163
-163
-161
-157
-155
-154
-152
-151
-150
-145
-145
-144
-143
-142
-142
-141
-140
-136
-136
-135
-135
-134
-133
-131
-130
-130
-125
-125
-122
-121
-117
-114
-113
-112
-109
-108
-103
-101
-98
-97
-93
-92
-91
-90
-89
-88
-87
-86
-82
-82
-78
-74
-74
-71
-69
-64
-63
-63
-59
-58
-56
-56
-51
-50
-49
-48
-44
-44
-42
-39
-33
-32
-32
-29
-28
-25
-18
-18
-14
-12
-11
-10
-8
-8
-6
-5
-2
1
1
1
3
4
5
6
7
8
10
19
20
22
24
24
27
28
28
32
32
33
34
36
36
39
41
41
42
51
54
55
56
57
57
61
61
63
64
65
68
69
71
71
72
72
72
73
77
80
82
85
87
91
94
94
97
99
104
104
105
110
115
124
125
129
133
133
134
137
144
147
149
157
169
174
174
177
178
180
180
183
185
186
188
188
190
193
194
195
196
199
202
203
203
204
205
208
208
211
211
214
215
216
217
217
218
227
228
234
234
234
236
237
240
241
242
244
245
250
257
259
259
262
263
264
265
265
270
273
273
275
277
279
281
283
283
284
284
287
288
289
293
295
296
298
303
303
308
309
315
315
322
322
324
327
328
330
330
331
332
337
342
343
344
344
347
347
351
354
357
359
362
366
366
367
368
368
370
373
374
375
376
379
379
380
382
384
385
387
389
390
391
394
395
399
399
405
405
406
407
408
410
416
417
418
427
428
431
433
436
437
441
443
445
447
449
450
450
452
459
467
467
475
475
475
476
476
477
480
480
481
481
482
484
487
487
492
494
494
495
499
501
502
503
504
505
507
515
518
521
522
523
524
527
528
530
531
541
541
542
544
545
546
550
551
551
552
553
553
560
563
564
565
566
567
567
568
573
580
581
581
582
583
584
585
586
587
589
593
594
603
610
610
613
613
615
618
618
619
620
632
634
635
640
641
645
646
649
651
654
656
658
661
662
665
666
667
675
676
685
689
690
690
691
692
696
702
707
709
711
714
715
718
719
723
725
729
731
733
735
738
738
739
739
740
740
741
743
746
746
748
752
756
763
763
763
766
767
768
768
769
772
778
779
779
781
783
784
785
785
786
788
789
790
790
791
794
794
800
803
803
804
805
809
810
812
813
815
817
822
823
824
825
825
829
829
833
834
834
835
837
839
841
842
847
847
849
858
858
864
865
867
867
868
869
870
878
879
880
881
882
883
892
893
897
898
899
900
901
903
906
909
913
914
915
915
916
921
922
923
931
932
932
934
936
937
938
939
944
944
945
946
950
951
956
960
962
967
968
968
974
978
979
979
979
981
981
982
983
987
991
992
992
994
997
1000
1000
1000