-998
-993
-993
-992
-991
-985
-984
-978
-976
-975
-974
-971
-967
-966
-965
-963
-956
-954
-953
-952
-951
-949
-946
-945
-943
-943
-938
-936
-934
-931
-929
-923
-921
-917
-917
-910
-910
-907
-901
-901
-900
-897
-897
-894
-893
-892
-892
-892
-890
-888
-888
-888
-887
-884
-879
-873
-873
-871
-870
-869
-869
-867
-867
-865
-860
-858
-855
-853
-852
-848
-847
-847
-845
-845
-840
-837
-836
-835
-832
-831
-826
-825
-824
-820
-820
-819
-818
-814
-809
-804
-803
-801
-801
-798
-788
-784
-779
-773
-773
-769
-768
-767
-766
-765
-763
-763
-762
-762
-761
-757
-755
-755
-753
-749
-745
-731
-730
-729
-729
-726
-722
-720
-717
-716
-714
-710
-708
-704
-703
-697
-691
-691
-690
-689
-687
-687
-685
-682
-682
-680
-677
-677
-674
-671
-671
-670
-668
-668
-667
-666
-663
-662
-660
-660
-660
-657
-655
-654
-653
-653
-649
-648
-647
-646
-646
-642
-642
-639
-638
-636
-634
-633
-633
-631
-629
-624
-624
-622
-622
-617
-617
-610
-608
-608
-608
-605
-604
-602
-599
-598
-597
-596
-596
-593
-592
-591
-591
-589
-585
-583
-582
-580
-576
-572
-569
-568
-567
-567
-566
-564
-564
-563
-561
-558
-558
-558
-554
-553
-552
-551
-544
-542
-539
-532
-530
-530
-530
-528
-527
-527
-526
-525
-523
-523
-522
-521
-519
-516
-515
-511
-503
-496
-496
-495
-494
-494
-489
-486
-486
-482
-482
-476
-476
-476
-473
-468
-465
-464
-464
-463
-461
-460
-458
-458
-458
-452
-452
-448
-446
-445
-439
-438
-438
-436
-436
-434
-433
-432
-430
-429
-424
-422
-420
-418
-418
-417
-416
-415
-414
-411
-410
-410
-410
-408
-407
-407
-407
-405
-404
-402
-402
-402
-401
-401
-399
-396
-393
-391
-391
-389
-387
-386
-384
-384
-380
-380
-374
-372
-372
-371
-370
-366
-362
-359
-359
-359
-358
-357
-354
-352
-346
-346
-344
-342
-342
-336
-335
-332
-329
-327
-326
-326
-323
-318
-318
-317
-316
-316
-315
-314
-311
-309
-309
-308
-307
-307
-305
-305
-303
-302
-298
-297
-294
-293
-292
-290
-288
-287
-283
-282
-277
-274
-262
-260
-258
-254
-246
-241
-239
-238
-237
-237
-236
-233
-233
-232
-226
-225
-224
-224
-222
-218
-217
-215
-208
-202
-202
-198
-196
-192
-182
-182
-182
-181
-180
-177
-177
-173
-173
-169
-163
-162
-161
-160
-160
-157
-153
-150
-150
-150
-148
-141
-141
-139
-139
-137
-135
-129
-129
-128
-124
-124
-121
-120
-120
-120
-119
-118
-114
-112
-110
-107
-105
-97
-95
-94
-94
-90
-90
-90
-89
-87
-81
-80
-80
-79
-76
-76
-75
-75
-72
-70
-69
-62
-46
-46
-44
-44
-42
-38
-35
-34
-32
-31
-31
-29
-28
-25
-22
-21
-20
-18
-17
-17
-16
-15
-14
-13
-9
-9
-7
-5
-4
-4
-4
-3
1
1
3
4
6
16
20
22
22
23
24
25
31
32
33
38
39
41
41
42
44
46
52
54
55
55
57
58
61
62
66
69
72
72
73
75
77
84
85
85
86
86
91
93
95
96
97
101
101
102
102
111
116
117
119
122
123
124
126
126
127
128
129
133
135
135
136
138
139
147
148
148
150
151
153
154
154
155
156
157
162
162
170
172
173
174
175
178
178
179
183
186
188
189
192
192
194
194
198
199
203
208
211
211
212
214
214
215
219
219
222
224
225
227
227
227
228
232
236
236
236
237
240
240
242
244
244
247
252
258
259
259
263
263
263
268
273
273
275
277
278
280
284
287
287
288
288
290
291
293
294
297
300
303
304
305
309
311
312
315
316
317
317
321
323
327
333
334
336
340
341
342
344
345
346
346
352
353
353
354
360
361
365
366
368
371
373
381
384
390
391
394
397
400
404
406
409
410
411
413
415
418
418
419
420
423
424
424
425
433
436
436
437
438
439
439
443
446
446
452
453
455
456
456
460
461
461
462
463
463
464
464
465
466
469
472
473
474
474
474
476
483
485
486
489
489
490
492
496
498
499
502
505
505
507
507
510
515
518
520
520
524
526
529
534
535
537
539
541
543
543
547
548
548
549
549
551
552
554
558
559
560
562
564
565
565
566
567
567
572
573
574
575
576
577
581
582
583
583
584
584
586
588
591
591
598
599
599
600
605
608
609
616
619
620
621
623
624
625
625
629
631
633
641
644
646
648
648
652
654
655
657
661
661
663
664
665
665
671
673
673
676
676
678
679
680
682
683
686
688
691
692
692
695
698
700
701
702
703
704
704
705
706
707
708
711
714
717
718
719
720
723
733
736
736
737
738
738
740
741
741
745
745
752
754
756
756
758
767
771
772
773
774
787
787
787
788
788
791
794
797
804
805
806
810
812
814
817
818
821
821
822
828
829
830
830
830
831
831
831
832
837
840
841
843
846
847
849
849
850
851
851
852
855
856
858
861
861
862
864
865
866
868
868
869
870
871
874
879
879
879
881
885
885
889
891
898
900
905
910
912
914
914
914
915
916
916
917
918
918
920
920
921
921
922
927
930
933
933
935
935
935
941
943
948
948
952
954
954
955
957
959
960
961
962
964
967
968
976
978
979
989
993
994