-1000
-999
-997
-994
-990
-988
-983
-980
-978
-978
-978
-978
-975
-975
-974
-972
-967
-965
-963
-962
-961
-960
-953
-953
-953
-952
-951
-948
-948
-946
-945
-933
-933
-932
-932
-931
-927
-924
-923
-922
-922
-917
-915
-915
-906
-905
-903
-902
-900
-898
-895
-893
-893
-892
-891
-891
-891
-890
-887
-884
-884
-883
-882
-881
-877
-873
-871
-871
-866
-864
-863
-857
-857
-856
-850
-848
-846
-839
-839
-839
-838
-835
-835
-833
-832
-831
-831
-828
-826
-826
-826
-825
-825
-822
-820
-809
-809
-808
-806
-803
-801
-801
-801
-797
-797
-794
-792
-788
-788
-783
-783
-782
-781
-773
-768
-767
-765
-761
-757
-756
-751
-750
-750
-749
-748
-743
-741
-741
-740
-740
-739
-736
-735
-734
-732
-732
-731
-729
-728
-726
-722
-717
-715
-714
-713
-712
-711
-710
-704
-702
-699
-698
-696
-696
-694
-689
-688
-687
-682
-682
-679
-678
-675
-672
-667
-666
-665
-664
-662
-660
-660
-655
-654
-652
-652
-649
-647
-646
-645
-639
-639
-634
-634
-633
-632
-631
-627
-625
-620
-616
-613
-608
-608
-607
-603
-597
-591
-589
-587
-585
-584
-583
-583
-582
-580
-580
-572
-571
-569
-563
-562
-560
-559
-558
-555
-554
-553
-551
-550
-550
-545
-537
-534
-530
-525
-523
-522
-518
-515
-513
-509
-509
-507
-506
-504
-504
-503
-501
-500
-497
-497
-495
-494
-494
-494
-494
-492
-492
-491
-487
-486
-485
-482
-482
-480
-479
-478
-478
-478
-472
-468
-466
-466
-466
-466
-463
-456
-449
-448
-446
-446
-443
-439
-435
-432
-432
-427
-426
-423
-422
-422
-422
-407
-406
-404
-403
-402
-401
-398
-398
-393
-389
-388
-388
-388
-387
-386
-384
-384
-382
-375
-373
-372
-369
-367
-367
-367
-362
-356
-352
-351
-344
-339
-338
-335
-333
-331
-330
-330
-330
-329
-328
-321
-321
-319
-318
-317
-316
-315
-313
-311
-310
-309
-308
-307
-307
-305
-298
-297
-296
-286
-285
-284
-283
-281
-279
-278
-276
-274
-272
-269
-267
-264
-261
-261
-259
-259
-258
-256
-254
-254
-249
-245
-240
-237
-237
-237
-233
-231
-230
-225
-224
-222
-222
-221
-216
-216
-214
-211
-210
-209
-209
-208
-206
-205
-203
-200
-200
-195
-194
-190
-190
-189
-189
-187
-186
-179
-178
-175
-172
-172
-171
-168
-163
-161
-158
-156
-156
-154
-154
-154
-151
-150
-148
-147
-145
-140
-136
-133
-132
-125
-125
-125
-124
-123
-121
-120
-119
-117
-116
-113
-113
-113
-111
-111
-111
-107
-107
-105
-105
-103
-101
-95
-84
-84
-82
-80
-80
-78
-77
-73
-70
-70
-62
-62
-59
-57
-50
-50
-46
-46
-46
-45
-45
-42
-41
-41
-37
-36
-35
-33
-30
-27
-27
-23
-22
-22
-20
-4
-3
-2
-2
0
0
0
0
1
5
7
10
12
13
15
15
16
23
24
27
27
28
32
37
40
44
45
48
48
52
56
56
59
60
60
61
62
62
64
69
72
73
75
78
78
80
83
84
88
91
92
92
92
92
92
93
96
97
98
100
101
102
104
105
106
107
108
113
114
120
120
122
123
124
125
127
131
132
132
133
133
133
136
142
145
153
156
158
158
166
170
170
171
172
174
174
175
179
184
184
185
186
186
186
186
187
190
192
194
196
197
199
199
200
202
204
206
206
211
211
212
213
221
221
222
222
222
223
224
226
227
228
228
235
235
237
237
239
241
244
244
249
250
252
256
258
260
260
271
272
274
279
280
281
285
286
286
287
288
289
291
292
294
294
295
296
297
303
307
307
309
309
311
312
312
313
316
320
322
323
323
325
326
326
326
328
331
331
332
333
334
336
336
338
338
338
340
343
344
346
351
355
356
358
359
362
362
365
367
369
375
376
377
377
380
385
391
395
395
398
404
408
408
412
412
414
414
418
418
419
423
424
424
429
432
435
436
436
441
442
443
444
445
445
446
449
453
456
460
465
469
472
474
476
483
483
487
491
504
505
506
506
508
513
513
516
517
517
518
520
521
522
524
524
527
527
528
531
538
539
540
540
541
541
542
543
544
544
546
547
551
552
554
556
558
558
564
564
567
569
572
573
574
576
576
577
580
581
581
582
585
585
586
592
595
598
599
599
601
602
603
604
604
607
611
612
616
617
618
621
624
630
632
632
633
637
639
647
651
651
652
656
656
663
666
673
674
675
675
677
679
680
680
682
684
685
686
688
691
694
695
699
701
703
704
704
706
709
710
721
722
722
724
724
725
730
732
733
734
734
734
734
737
741
742
745
747
748
750
753
758
758
759
761
763
766
766
767
767
767
768
775
776
778
781
781
789
792
795
795
796
798
802
806
807
809
810
810
813
813
814
821
822
831
837
839
839
839
841
843
845
852
853
856
860
860
862
863
867
868
869
875
877
877
880
881
882
882
882
884
890
890
890
890
892
892
893
893
893
894
895
895
895
897
901
902
903
905
908
910
911
913
913
913
913
913
916
917
919
920
921
925
931
931
932
935
937
939
939
944
944
944
945
947
948
949
951
951
957
960
961
962
965
966
966
969
978
979
980
981
985
985
985
986
986
987
989
990
992
996
998
999