-1000
-1000
-998
-993
-992
-992
-991
-989
-984
-984
-983
-982
-981
-980
-980
-979
-977
-976
-971
-970
-970
-969
-969
-966
-966
-964
-962
-962
-961
-961
-957
-955
-953
-951
-951
-950
-949
-947
-946
-943
-941
-941
-941
-937
-933
-932
-927
-924
-920
-919
-917
-914
-909
-909
-908
-903
-901
-900
-900
-895
-893
-892
-890
-889
-888
-885
-884
-881
-879
-879
-877
-876
-873
-869
-866
-865
-864
-863
-863
-862
-861
-859
-856
-855
-855
-854
-851
-850
-850
-847
-844
-844
-842
-840
-838
-835
-833
-832
-829
-829
-828
-828
-827
-820
-818
-816
-814
-812
-811
-810
-809
-809
-807
-800
-800
-800
-799
-798
-796
-796
-796
-795
-795
-795
-795
-794
-793
-791
-789
-784
-783
-782
-779
-774
-773
-772
-765
-765
-764
-761
-759
-758
-758
-757
-757
-755
-753
-747
-738
-738
-737
-737
-736
-736
-733
-725
-724
-724
-722
-721
-720
-720
-719
-707
-707
-700
-698
-696
-695
-685
-683
-683
-683
-680
-679
-678
-678
-672
-671
-671
-669
-668
-665
-659
-659
-657
-657
-653
-641
-641
-632
-630
-627
-626
-621
-621
-621
-621
-618
-616
-613
-612
-612
-612
-605
-604
-602
-597
-591
-591
-591
-590
-589
-589
-589
-588
-587
-583
-577
-577
-574
-571
-565
-562
-560
-558
-557
-552
-551
-549
-549
-546
-537
-536
-534
-532
-530
-529
-528
-528
-527
-527
-527
-526
-525
-523
-519
-516
-506
-502
-499
-499
-497
-490
-489
-488
-487
-486
-485
-483
-482
-480
-477
-476
-466
-466
-461
-459
-456
-455
-452
-452
-451
-448
-446
-445
-443
-443
-441
-437
-426
-426
-423
-422
-421
-420
-420
-420
-420
-418
-416
-412
-410
-410
-406
-405
-402
-400
-399
-395
-393
-392
-391
-390
-389
-388
-384
-383
-382
-382
-378
-377
-376
-376
-376
-373
-371
-368
-366
-358
-357
-355
-354
-354
-351
-350
-343
-342
-340
-338
-336
-335
-332
-331
-328
-327
-326
-325
-325
-323
-321
-321
-319
-313
-308
-307
-304
-304
-300
-300
-300
-299
-291
-289
-288
-284
-284
-281
-279
-276
-274
-271
-270
-268
-266
-266
-261
-260
-258
-257
-253
-252
-250
-249
-246
-246
-240
-239
-238
-236
-234
-233
-233
-232
-231
-230
-229
-228
-228
-226
-225
-224
-222
-219
-216
-214
-213
-212
-212
-209
-206
-204
-203
-202
-201
-200
-195
-193
-192
-191
-184
-183
-182
-181
-179
-178
-178
-175
-175
-173
-171
-170
-170
-166
-165
-165
-162
-161
-160
-157
-152
-150
-150
-150
-150
-149
-148
-148
-141
-141
-137
-134
-132
-129
-128
-127
-125
-123
-122
-118
-114
-113
-112
-111
-109
-108
-106
-104
-98
-96
-96
-94
-91
-90
-84
-82
-77
-76
-73
-71
-63
-63
-61
-59
-59
-58
-57
-56
-55
-46
-44
-42
-37
-36
-32
-29
-28
-27
-26
-24
-23
-23
-23
-21
-19
-19
-18
-18
-16
-14
-14
-13
-11
-11
-9
-9
-9
-7
-6
1
1
2
2
9
9
15
17
18
20
22
22
25
25
26
26
33
33
35
37
39
44
47
48
52
54
54
56
60
65
66
66
66
66
67
68
70
72
73
77
79
82
83
83
83
85
89
89
90
90
90
92
94
95
96
97
98
101
102
103
108
111
111
116
118
119
122
125
127
133
136
136
139
140
143
146
148
148
149
150
151
152
160
161
162
170
171
171
172
172
173
173
174
176
177
177
179
179
180
185
186
187
188
189
192
192
192
194
196
197
198
198
202
202
204
212
213
214
215
218
221
222
226
226
231
231
232
233
233
239
240
243
244
245
245
245
247
247
250
251
254
258
262
267
269
269
269
270
272
272
272
273
276
276
277
278
279
280
280
280
280
281
281
284
285
289
295
297
301
302
302
306
308
308
308
309
309
316
320
321
323
323
324
324
329
329
331
333
333
335
336
337
338
341
342
343
343
344
345
345
346
350
351
352
353
353
354
354
358
359
362
374
378
378
379
381
381
387
392
395
396
402
403
404
405
405
406
408
408
409
411
414
415
419
419
419
420
422
422
423
423
426
432
435
439
440
445
445
446
446
450
453
455
458
461
462
464
465
466
472
472
473
473
475
480
481
484
485
489
496
496
497
498
501
504
508
514
514
515
520
520
530
532
533
534
534
536
536
543
545
547
548
556
556
557
557
565
567
569
575
578
578
581
583
583
586
590
593
595
595
606
608
616
617
618
619
620
621
624
625
626
628
628
630
631
633
633
636
637
638
639
639
640
641
642
645
647
650
650
652
655
664
665
673
676
686
688
690
690
690
694
696
696
700
706
706
709
711
712
713
714
721
723
723
724
728
732
733
734
737
738
738
742
743
744
745
748
748
749
754
755
756
757
758
758
760
761
767
770
771
775
778
782
782
784
786
788
793
799
803
803
805
807
809
810
811
819
820
820
831
833
836
836
839
840
846
846
848
849
851
852
853
854
855
857
859
861
863
863
872
873
875
876
877
884
891
893
895
895
898
900
900
905
905
906
907
908
908
909
909
910
912
913
914
916
917
921
923
925
928
931
933
934
936
936
940
943
949
950
951
952
955
958
958
961
964
965
967
970
971
973
979
980
986
986
988
993
994
995
997
998