-995
-993
-990
-989
-989
-986
-980
-979
-978
-976
-973
-968
-964
-963
-963
-960
-959
-952
-951
-950
-950
-949
-948
-944
-943
-941
-937
-935
-929
-925
-925
-923
-922
-917
-912
-912
-908
-905
-904
-898
-898
-897
-897
-894
-894
-893
-892
-889
-881
-880
-874
-872
-871
-871
-871
-871
-868
-864
-862
-860
-858
-858
-855
-853
-850
-850
-847
-845
-844
-844
-843
-841
-839
-838
-834
-833
-828
-825
-823
-823
-821
-819
-818
-814
-810
-806
-798
-797
-794
-794
-792
-786
-786
-784
-782
-778
-776
-776
-776
-775
-774
-773
-772
-766
-766
-765
-759
-759
-757
-756
-747
-742
-740
-739
-737
-737
-736
-735
-732
-729
-727
-727
-725
-724
-723
-722
-722
-717
-717
-716
-715
-714
-711
-711
-711
-710
-708
-707
-697
-697
-695
-694
-694
-694
-691
-690
-689
-687
-683
-677
-676
-675
-674
-669
-667
-664
-663
-660
-654
-653
-647
-646
-645
-643
-641
-638
-634
-633
-631
-630
-628
-628
-620
-616
-613
-610
-610
-608
-608
-603
-600
-600
-598
-598
-594
-593
-593
-588
-586
-585
-580
-575
-573
-571
-567
-565
-565
-561
-559
-556
-554
-554
-553
-551
-547
-547
-546
-545
-544
-543
-536
-534
-533
-533
-530
-530
-525
-523
-522
-521
-520
-515
-514
-512
-511
-511
-511
-507
-507
-506
-504
-503
-502
-499
-496
-487
-487
-487
-483
-483
-482
-480
-478
-478
-475
-474
-472
-471
-468
-468
-467
-466
-451
-449
-449
-447
-447
-447
-436
-433
-429
-429
-428
-424
-421
-421
-420
-419
-414
-413
-412
-411
-411
-411
-411
-407
-407
-402
-398
-397
-396
-396
-394
-394
-391
-390
-383
-383
-381
-379
-379
-379
-376
-375
-375
-373
-371
-371
-371
-368
-367
-359
-358
-358
-358
-358
-357
-356
-354
-352
-350
-350
-348
-347
-347
-346
-345
-342
-342
-337
-337
-337
-336
-334
-330
-327
-324
-323
-323
-323
-319
-319
-318
-310
-306
-305
-304
-301
-300
-296
-293
-293
-291
-290
-288
-288
-287
-284
-282
-280
-280
-277
-271
-269
-268
-267
-264
-260
-260
-258
-256
-255
-253
-251
-245
-242
-242
-242
-242
-236
-236
-234
-231
-231
-229
-228
-228
-225
-224
-221
-219
-216
-213
-208
-208
-206
-206
-203
-203
-202
-201
-201
-198
-196
-195
-191
-187
-185
-185
-182
-177
-174
-164
-162
-161
-161
-158
-156
-156
-155
-153
-153
-151
-150
-150
-150
-148
-147
-143
-143
-143
-141
-136
-136
-134
-131
-130
-128
-127
-124
-123
-122
-122
-117
-116
-116
-115
-113
-111
-110
-110
-110
-107
-101
-101
-100
-98
-96
-90
-89
-88
-88
-86
-85
-81
-80
-74
-73
-67
-67
-65
-64
-61
-57
-56
-53
-51
-51
-46
-46
-40
-39
-37
-37
-32
-27
-27
-26
-25
-22
-21
-19
-18
-16
-15
-14
-12
-12
-11
-7
-7
-3
-3
2
2
5
5
7
9
10
10
12
13
14
15
16
20
23
24
26
27
28
35
37
37
39
40
43
44
44
44
45
48
52
53
54
55
56
57
60
66
67
68
69
71
71
72
74
77
78
79
79
80
81
84
86
88
94
95
96
97
100
100
101
103
104
104
108
108
108
111
112
114
115
117
124
125
126
128
129
130
136
136
136
140
141
142
143
144
144
146
147
153
153
159
164
167
168
170
172
177
181
185
185
187
189
190
192
192
195
197
198
199
200
200
201
201
201
201
203
203
206
210
211
213
213
217
218
220
221
223
224
224
228
228
236
251
252
252
253
253
256
259
260
262
264
265
266
267
267
269
269
272
273
274
277
279
285
286
290
292
293
294
295
296
299
299
301
305
306
309
309
314
317
318
320
320
328
329
334
335
336
344
345
347
351
351
352
352
353
355
359
361
361
366
367
368
368
369
371
372
373
374
375
381
381
386
392
395
396
397
397
399
401
402
405
406
407
408
408
408
409
412
413
413
421
422
423
426
432
433
434
435
436
445
445
446
446
447
451
452
454
455
460
460
466
466
468
470
470
472
472
476
478
480
482
487
491
493
493
496
503
504
504
505
507
508
508
509
509
513
515
516
517
518
518
520
520
526
528
536
536
538
538
539
539
540
540
542
543
544
544
546
547
547
549
550
552
555
555
557
558
558
560
560
562
562
566
569
572
572
573
574
575
578
579
586
587
588
592
592
600
602
604
605
607
608
614
615
617
617
617
617
618
622
623
626
628
628
629
631
632
632
635
635
637
643
647
648
648
652
653
654
654
656
658
662
663
663
664
670
670
677
679
679
681
682
689
692
694
697
698
702
703
705
709
709
711
712
712
714
721
721
722
722
726
726
727
728
728
730
733
737
738
743
743
745
745
746
749
751
752
754
756
758
758
760
762
763
764
764
767
770
772
775
778
781
784
788
788
789
794
795
797
798
798
801
804
804
811
813
814
816
817
830
832
833
833
833
836
839
840
844
846
859
864
866
867
869
870
871
880
886
887
887
888
888
889
892
895
896
896
899
899
904
911
919
919
921
924
927
927
927
928
929
933
935
935
938
943
946
946
952
954
954
959
964
966
967
969
972
978
979
980
980
983
985
986
987
987
988
988
989
992
993
994
995
996
998
999