-999
-993
-991
-991
-987
-985
-985
-983
-983
-982
-981
-981
-977
-976
-973
-967
-966
-961
-960
-956
-955
-953
-953
-950
-946
-945
-940
-937
-936
-932
-930
-927
-927
-927
-923
-918
-918
-917
-916
-915
-913
-910
-910
-908
-906
-905
-900
-897
-895
-892
-892
-889
-883
-882
-881
-880
-878
-875
-875
-870
-868
-868
-866
-866
-864
-864
-862
-861
-860
-857
-855
-854
-854
-854
-849
-846
-846
-844
-839
-838
-838
-838
-837
-829
-829
-829
-828
-827
-823
-823
-818
-818
-817
-817
-815
-814
-814
-814
-813
-809
-808
-805
-804
-800
-798
-798
-795
-795
-794
-794
-794
-792
-791
-788
-786
-786
-782
-781
-780
-780
-773
-772
-770
-769
-763
-759
-758
-757
-756
-754
-752
-752
-752
-746
-744
-743
-742
-737
-737
-737
-733
-728
-727
-726
-725
-720
-719
-710
-709
-707
-707
-703
-700
-700
-699
-697
-696
-692
-690
-687
-687
-682
-678
-678
-674
-674
-673
-671
-671
-670
-668
-668
-665
-663
-661
-661
-659
-657
-654
-653
-645
-645
-643
-642
-642
-641
-638
-638
-633
-633
-629
-626
-623
-615
-614
-611
-611
-610
-609
-609
-607
-604
-604
-600
-600
-599
-598
-598
-597
-596
-595
-594
-594
-593
-590
-590
-585
-584
-577
-574
-571
-570
-570
-563
-560
-560
-559
-558
-557
-557
-556
-553
-552
-552
-552
-550
-548
-548
-543
-541
-539
-534
-532
-530
-528
-526
-526
-523
-520
-517
-512
-507
-507
-507
-504
-503
-503
-498
-496
-496
-495
-494
-493
-490
-489
-485
-482
-481
-481
-481
-480
-479
-475
-474
-473
-472
-471
-466
-466
-460
-459
-459
-459
-459
-457
-457
-453
-449
-448
-447
-446
-446
-445
-444
-435
-433
-431
-423
-423
-421
-421
-419
-418
-418
-417
-414
-405
-405
-405
-404
-403
-402
-399
-398
-397
-390
-390
-387
-386
-383
-382
-381
-381
-380
-380
-376
-374
-371
-366
-364
-353
-349
-349
-346
-346
-345
-344
-340
-339
-337
-333
-332
-328
-327
-325
-323
-320
-319
-319
-318
-316
-315
-315
-314
-313
-309
-309
-306
-306
-304
-304
-299
-297
-297
-295
-295
-290
-290
-290
-288
-287
-285
-278
-277
-276
-276
-276
-269
-269
-267
-266
-264
-261
-259
-259
-258
-250
-250
-249
-248
-246
-240
-237
-236
-235
-234
-233
-233
-232
-229
-226
-219
-218
-216
-214
-214
-213
-212
-211
-208
-207
-202
-200
-199
-198
-196
-195
-191
-189
-189
-188
-185
-183
-182
-180
-176
-174
-174
-174
-173
-171
-170
-169
-164
-163
-162
-161
-159
-158
-154
-150
-147
-146
-144
-143
-136
-136
-135
-134
-126
-125
-122
-117
-117
-115
-115
-115
-113
-112
-110
-108
-106
-105
-102
-102
-95
-92
-92
-90
-85
-85
-84
-84
-83
-80
-80
-76
-72
-72
-69
-69
-69
-62
-58
-55
-51
-47
-47
-45
-44
-44
-44
-43
-35
-32
-30
-28
-27
-26
-24
-23
-23
-22
-17
-15
-13
-12
-10
-10
-7
-4
-1
2
9
15
15
17
18
21
23
24
24
24
24
25
26
26
27
28
30
30
30
33
35
39
40
41
42
47
49
49
52
53
53
59
64
65
66
67
68
70
73
75
76
80
81
84
87
97
97
98
100
101
103
103
106
107
107
108
110
110
111
111
112
114
124
124
130
132
132
133
137
139
141
144
145
145
146
147
148
151
151
152
153
155
155
155
158
160
161
162
164
166
167
168
168
170
171
171
171
172
173
173
175
175
178
180
180
180
182
194
199
201
201
201
203
205
210
213
213
214
216
218
219
222
229
237
240
240
245
246
246
247
247
248
249
253
253
253
256
259
259
260
262
264
268
273
276
276
276
276
280
284
289
295
299
299
299
299
301
302
303
309
309
313
313
313
315
319
320
321
329
331
332
333
335
337
341
342
344
344
359
359
359
363
363
364
365
365
367
369
371
374
381
382
383
385
396
396
397
397
397
400
400
402
407
407
409
409
411
411
414
417
419
421
423
423
425
426
428
430
432
435
437
440
440
441
441
441
447
452
455
455
460
460
461
462
464
467
468
474
477
478
478
480
481
483
483
485
487
493
494
495
501
501
506
518
518
519
519
523
525
529
532
532
538
539
541
544
545
547
550
551
555
558
560
564
566
568
570
573
574
574
577
585
585
588
590
590
591
591
592
595
597
598
600
607
607
611
612
616
617
619
621
621
623
628
631
635
636
639
641
641
642
646
646
649
650
655
656
658
659
659
659
661
661
663
664
665
667
668
668
670
674
674
675
678
682
684
693
695
697
701
705
710
711
711
714
715
716
716
718
720
720
722
723
724
729
730
732
736
737
739
740
744
744
747
750
751
751
752
756
757
758
759
760
761
761
764
765
770
770
774
774
776
777
778
779
785
785
787
791
791
795
795
797
801
803
804
806
806
811
811
815
818
818
820
827
842
843
845
849
850
851
851
851
854
858
858
858
860
862
863
867
869
871
871
880
881
894
894
897
898
900
903
904
905
907
910
910
914
915
919
924
926
928
930
931
931
934
934
935
945
947
949
951
951
951
952
955
957
959
960
960
961
961
963
967
971
972
973
974
977
978
981
982
982
984
985
987
992
992
992
992
994
994
994
996
999
999