-997
-996
-995
-991
-990
-988
-986
-984
-983
-982
-980
-979
-978
-978
-977
-977
-976
-974
-973
-970
-967
-966
-965
-965
-964
-964
-963
-958
-957
-957
-957
-955
-955
-950
-947
-945
-945
-944
-938
-935
-934
-934
-933
-933
-930
-930
-921
-921
-920
-919
-918
-913
-913
-911
-911
-910
-908
-908
-906
-906
-902
-901
-893
-892
-889
-887
-886
-884
-884
-882
-880
-879
-876
-873
-870
-869
-867
-867
-866
-866
-865
-861
-861
-860
-859
-858
-855
-851
-840
-839
-838
-828
-827
-827
-827
-826
-823
-821
-820
-818
-817
-816
-815
-815
-811
-808
-807
-807
-806
-804
-804
-803
-801
-799
-799
-797
-795
-794
-793
-792
-791
-790
-785
-784
-782
-782
-782
-781
-779
-779
-775
-771
-771
-767
-766
-764
-764
-762
-761
-759
-755
-752
-750
-747
-746
-746
-744
-743
-742
-734
-731
-731
-731
-731
-730
-725
-724
-724
-720
-713
-711
-709
-708
-702
-701
-700
-695
-691
-688
-687
-687
-685
-679
-678
-676
-676
-671
-667
-667
-666
-663
-662
-661
-659
-657
-656
-655
-655
-653
-649
-647
-646
-645
-642
-641
-637
-637
-635
-630
-618
-613
-609
-606
-598
-597
-594
-592
-592
-592
-592
-585
-585
-583
-582
-578
-574
-571
-568
-565
-564
-563
-563
-561
-559
-553
-549
-548
-545
-545
-544
-544
-541
-541
-535
-533
-533
-533
-530
-529
-525
-525
-525
-524
-520
-519
-519
-518
-517
-517
-515
-514
-511
-510
-509
-508
-502
-498
-498
-497
-490
-489
-488
-487
-486
-482
-480
-480
-479
-479
-478
-476
-468
-465
-465
-463
-463
-463
-458
-455
-453
-450
-450
-450
-444
-444
-443
-443
-440
-438
-435
-432
-432
-432
-430
-427
-427
-426
-425
-422
-422
-416
-412
-408
-399
-398
-396
-390
-389
-388
-387
-387
-386
-385
-384
-384
-380
-375
-371
-368
-367
-364
-364
-360
-351
-347
-345
-343
-341
-338
-337
-332
-330
-329
-329
-327
-325
-324
-323
-321
-321
-320
-318
-317
-314
-313
-307
-307
-304
-303
-303
-296
-294
-294
-283
-279
-279
-279
-276
-276
-274
-271
-271
-269
-268
-265
-261
-261
-260
-259
-258
-254
-250
-248
-248
-246
-244
-243
-243
-242
-234
-231
-231
-230
-229
-228
-228
-227
-226
-222
-221
-219
-218
-217
-210
-209
-206
-206
-204
-204
-200
-199
-198
-195
-192
-188
-184
-182
-177
-176
-176
-176
-174
-173
-173
-172
-169
-168
-160
-159
-159
-159
-158
-149
-144
-142
-141
-141
-137
-137
-135
-131
-130
-128
-126
-125
-125
-124
-115
-113
-109
-109
-106
-106
-105
-105
-100
-99
-98
-98
-92
-91
-88
-88
-86
-86
-81
-78
-78
-78
-74
-70
-69
-66
-62
-61
-61
-59
-55
-54
-52
-48
-46
-45
-44
-43
-42
-36
-33
-32
-29
-29
-29
-28
-26
-25
-21
-19
-18
-17
-14
-13
-8
-7
-4
-4
-2
0
0
1
1
1
2
5
7
8
8
10
11
14
16
18
19
23
25
27
27
27
28
29
29
32
32
36
39
41
42
43
58
58
59
61
62
64
68
72
73
73
75
76
77
78
87
88
94
96
96
100
101
103
105
106
106
109
111
112
113
113
117
117
119
120
122
122
123
124
126
127
129
130
132
133
134
135
139
141
141
142
146
147
148
153
156
156
157
161
161
169
171
175
176
178
179
186
186
188
189
197
199
206
207
208
216
221
223
223
223
227
230
237
239
240
242
243
245
248
249
251
255
259
259
260
261
262
263
271
273
274
278
280
284
284
286
288
288
291
293
293
295
298
302
306
309
311
311
316
317
318
320
320
322
326
327
327
331
336
339
339
344
354
355
356
356
358
359
359
360
363
363
364
365
365
367
369
371
372
374
375
376
378
378
379
379
381
384
384
386
386
386
389
393
393
394
395
395
397
398
399
399
401
402
403
404
405
406
406
407
408
408
410
410
415
417
417
418
419
421
423
423
425
426
429
429
434
434
435
440
441
442
443
444
448
450
451
452
455
455
456
458
460
462
463
464
468
469
471
472
473
475
475
476
483
485
486
494
497
500
502
506
506
507
507
513
517
527
527
527
528
528
529
530
533
533
534
538
539
540
540
541
545
545
546
550
553
555
560
561
564
564
568
569
570
571
572
575
580
581
583
585
602
602
604
610
617
617
617
619
619
625
626
630
634
638
639
640
641
643
644
644
645
646
646
647
648
648
649
650
651
653
653
654
660
662
663
665
667
672
673
676
678
679
681
683
683
684
684
690
695
696
698
698
700
708
709
714
715
717
718
720
720
730
730
733
733
736
737
737
740
742
744
748
748
750
754
755
758
758
759
760
761
763
763
766
768
768
770
770
772
774
775
777
778
781
786
788
798
806
814
816
817
817
818
821
822
823
824
827
830
830
830
832
834
835
836
839
845
846
849
853
855
857
858
859
861
862
866
867
870
871
872
878
878
879
879
882
883
883
884
886
895
897
898
899
900
905
905
906
908
912
914
917
925
926
927
928
929
929
931
932
932
932
933
935
935
936
938
948
949
952
958
960
960
961
962
962
963
963
964
964
965
971
973
973
973
975
975
976
977
979
982
985
987
988
995
996
996
997
998
999
999
1000