-1000
-1000
-997
-996
-989
-988
-986
-986
-984
-984
-983
-981
-978
-978
-977
-973
-973
-972
-971
-966
-964
-954
-954
-953
-953
-949
-946
-939
-939
-937
-934
-934
-928
-928
-925
-923
-922
-920
-918
-916
-915
-914
-913
-912
-911
-907
-906
-906
-904
-904
-903
-899
-895
-895
-889
-887
-887
-886
-884
-877
-873
-870
-869
-866
-860
-856
-852
-850
-846
-845
-842
-842
-841
-841
-839
-836
-835
-832
-830
-830
-828
-828
-827
-823
-822
-819
-819
-816
-815
-814
-814
-813
-812
-808
-807
-806
-806
-804
-803
-803
-803
-801
-799
-799
-798
-797
-794
-793
-790
-787
-786
-783
-781
-778
-771
-766
-766
-763
-763
-760
-759
-758
-758
-755
-753
-752
-750
-749
-745
-744
-741
-737
-737
-736
-731
-730
-730
-727
-722
-721
-715
-712
-712
-707
-706
-704
-702
-698
-687
-687
-686
-683
-683
-681
-677
-675
-674
-673
-672
-666
-664
-662
-654
-652
-650
-649
-648
-648
-647
-646
-646
-645
-644
-643
-639
-633
-630
-629
-628
-628
-623
-623
-620
-614
-613
-611
-610
-603
-600
-594
-593
-593
-590
-587
-585
-583
-583
-583
-583
-579
-579
-579
-574
-573
-573
-573
-572
-571
-571
-568
-567
-563
-563
-563
-559
-559
-554
-554
-550
-549
-546
-545
-544
-542
-542
-542
-536
-535
-532
-531
-529
-529
-522
-518
-517
-517
-516
-516
-516
-510
-508
-508
-508
-507
-504
-502
-501
-501
-499
-497
-492
-489
-487
-484
-483
-478
-475
-474
-472
-470
-470
-466
-464
-464
-459
-459
-456
-454
-454
-452
-449
-447
-447
-444
-443
-441
-441
-440
-439
-439
-438
-437
-432
-432
-426
-425
-424
-424
-424
-424
-423
-420
-415
-412
-407
-407
-406
-404
-403
-402
-400
-400
-398
-398
-387
-386
-386
-381
-381
-379
-379
-378
-378
-376
-375
-375
-375
-374
-373
-372
-368
-366
-365
-352
-351
-350
-350
-345
-341
-340
-338
-338
-338
-337
-336
-332
-327
-327
-323
-322
-320
-319
-319
-316
-315
-313
-312
-302
-301
-299
-299
-298
-298
-295
-295
-295
-294
-294
-294
-292
-291
-286
-285
-279
-274
-274
-273
-273
-267
-266
-265
-262
-261
-260
-260
-260
-254
-252
-251
-249
-249
-243
-239
-238
-237
-235
-234
-233
-229
-227
-223
-220
-220
-220
-217
-214
-213
-209
-209
-204
-202
-202
-200
-199
-199
-198
-195
-190
-188
-187
-185
-175
-174
-174
-172
-171
-171
-169
-168
-168
-164
-164
-163
-163
-163
-160
-155
-152
-150
-148
-146
-144
-138
-132
-131
-128
-128
-126
-125
-125
-123
-121
-120
-115
-111
-109
-109
-105
-104
-104
-101
-99
-97
-95
-95
-92
-92
-90
-88
-85
-84
-84
-82
-81
-80
-80
-69
-68
-67
-65
-64
-62
-59
-59
-55
-55
-53
-49
-43
-36
-34
-29
-23
-15
-13
-12
-10
-9
-8
-6
-2
15
16
18
21
25
29
32
32
33
34
35
35
35
36
39
39
40
44
45
46
46
48
48
49
49
50
52
52
53
53
54
56
57
59
59
59
63
64
67
68
71
72
75
76
77
78
78
80
82
89
90
92
92
94
96
99
103
105
108
110
110
110
112
117
120
125
125
126
128
133
140
141
142
146
151
152
153
163
165
165
168
171
176
177
178
179
182
182
183
185
185
188
190
191
195
196
196
197
197
198
199
199
200
200
203
206
207
208
208
208
209
213
214
215
216
223
224
229
231
232
234
234
235
236
238
240
242
243
247
249
253
253
254
257
258
259
261
261
264
267
269
272
274
274
276
276
277
278
278
281
282
283
287
290
292
295
297
300
305
307
308
313
314
317
318
322
323
325
326
326
332
332
332
337
339
340
341
350
353
354
356
357
361
362
362
363
364
366
366
369
377
377
379
381
382
382
383
384
386
388
394
394
398
401
406
409
409
412
414
416
417
417
420
421
422
422
427
428
430
432
432
433
437
437
437
443
443
445
445
445
448
451
453
454
455
455
456
458
463
465
468
474
475
476
476
478
483
486
487
488
492
497
500
500
504
505
507
510
510
512
514
515
517
517
518
524
542
543
547
551
554
559
560
560
561
564
564
565
568
570
576
577
577
582
585
587
588
589
590
590
603
604
608
609
613
618
620
622
625
627
630
631
632
632
633
636
638
641
644
646
648
650
652
658
662
664
670
672
677
680
683
684
685
685
686
687
689
689
690
692
692
694
695
696
697
697
698
699
701
702
703
708
709
710
711
714
715
717
717
717
722
727
728
729
729
729
732
739
739
739
740
742
743
746
746
747
753
753
757
759
759
765
766
767
767
767
767
768
769
770
770
770
772
773
774
775
775
778
778
778
779
779
783
783
785
786
789
789
792
801
804
805
805
805
805
805
806
810
811
811
811
819
822
823
826
827
827
828
828
830
831
833
835
844
846
848
850
850
852
853
854
854
859
859
861
861
863
869
870
873
875
876
878
878
879
881
884
887
887
891
891
892
892
892
892
895
899
901
904
907
910
917
920
922
922
924
925
930
931
931
931
931
934
936
940
941
944
947
948
950
951
952
952
955
955
955
959
959
959
960
960
961
968
969
970
975
977
981
984
989
989
991
991
992
992
996
999
999
999