-1000
-1000
-999
-998
-995
-995
-993
-992
-991
-987
-982
-981
-981
-980
-979
-979
-972
-971
-967
-964
-964
-964
-964
-963
-962
-962
-957
-957
-957
-955
-955
-954
-954
-954
-952
-952
-951
-949
-949
-948
-947
-942
-941
-939
-934
-933
-931
-930
-928
-927
-926
-924
-923
-918
-918
-918
-918
-917
-914
-912
-911
-911
-904
-903
-902
-902
-899
-898
-895
-895
-894
-893
-892
-890
-890
-889
-889
-888
-886
-882
-881
-881
-878
-873
-873
-871
-871
-869
-867
-866
-866
-865
-864
-864
-860
-860
-854
-853
-853
-852
-852
-850
-841
-841
-841
-835
-830
-827
-826
-815
-812
-809
-806
-805
-800
-800
-798
-798
-798
-794
-781
-774
-773
-772
-772
-771
-770
-770
-770
-762
-761
-759
-756
-752
-751
-750
-750
-747
-745
-741
-740
-740
-736
-735
-734
-732
-732
-727
-722
-720
-719
-718
-714
-713
-713
-712
-710
-709
-708
-702
-695
-693
-693
-688
-687
-686
-684
-684
-679
-675
-674
-674
-673
-673
-672
-669
-664
-659
-658
-658
-656
-656
-654
-653
-648
-647
-646
-646
-640
-639
-638
-638
-631
-630
-626
-618
-618
-617
-617
-617
-616
-615
-614
-614
-614
-613
-612
-608
-608
-606
-606
-602
-599
-596
-589
-582
-577
-576
-575
-575
-573
-573
-572
-572
-568
-567
-561
-561
-561
-560
-559
-555
-555
-553
-551
-550
-550
-548
-545
-543
-543
-537
-536
-535
-531
-527
-522
-513
-513
-513
-511
-508
-508
-507
-507
-505
-504
-498
-498
-498
-496
-495
-493
-493
-492
-487
-486
-484
-483
-481
-477
-475
-470
-466
-463
-462
-462
-462
-458
-453
-452
-451
-450
-450
-448
-442
-442
-441
-435
-434
-427
-426
-426
-423
-423
-423
-421
-415
-414
-413
-411
-406
-406
-404
-401
-395
-392
-391
-385
-382
-381
-380
-379
-379
-376
-375
-374
-373
-371
-365
-363
-355
-352
-352
-352
-348
-346
-340
-339
-338
-336
-333
-332
-331
-330
-329
-329
-326
-320
-319
-318
-314
-311
-310
-308
-307
-307
-306
-305
-304
-304
-303
-300
-299
-294
-293
-290
-288
-287
-284
-284
-281
-277
-277
-276
-275
-275
-274
-271
-268
-266
-265
-263
-262
-261
-260
-256
-255
-254
-248
-248
-246
-244
-242
-240
-239
-237
-237
-233
-232
-229
-228
-226
-224
-219
-219
-218
-216
-214
-210
-209
-209
-207
-207
-206
-204
-202
-199
-197
-193
-188
-187
-186
-185
-184
-179
-177
-176
-173
-171
-169
-169
-166
-161
-161
-159
-154
-151
-151
-150
-150
-146
-146
-145
-141
-135
-134
-130
-129
-124
-123
-122
-119
-116
-116
-115
-115
-114
-114
-107
-106
-101
-100
-93
-92
-90
-89
-88
-87
-87
-86
-86
-84
-72
-71
-70
-68
-64
-61
-52
-48
-47
-43
-40
-40
-39
-38
-36
-35
-34
-31
-30
-25
-23
-17
-17
-13
-12
-8
-4
-1
0
1
3
3
4
6
6
6
6
7
8
9
11
13
15
21
25
30
30
33
37
38
43
45
46
53
54
56
58
58
60
61
62
64
65
66
68
69
73
81
85
87
90
92
94
97
99
99
102
105
106
107
109
111
114
115
115
117
119
124
125
126
128
129
129
130
131
132
135
136
137
142
142
143
146
147
147
148
149
150
150
151
155
156
156
158
158
159
160
162
163
165
166
169
172
176
181
182
182
185
189
191
192
196
198
198
201
202
206
210
212
212
218
222
222
224
224
228
228
228
229
236
236
238
239
239
247
250
256
260
264
268
268
269
270
274
276
277
278
280
289
290
293
296
296
298
300
302
302
304
304
306
307
308
315
316
323
324
326
326
328
328
328
329
330
332
332
340
340
341
345
350
350
355
356
357
359
359
360
363
364
364
370
373
374
376
379
383
387
390
392
392
399
405
406
409
410
412
416
417
418
420
421
426
428
431
431
432
434
435
437
437
443
443
443
445
446
450
452
452
455
459
461
463
465
465
474
475
476
481
482
485
489
490
495
495
499
499
502
506
507
509
515
518
521
522
525
527
527
529
531
531
532
534
535
537
537
537
539
540
542
542
543
543
545
548
549
549
552
552
557
559
560
564
565
567
568
570
572
572
574
574
575
578
581
582
583
587
591
592
592
592
593
595
596
597
598
600
600
605
607
608
608
612
612
613
619
619
620
621
623
623
624
626
630
630
633
636
637
639
641
644
644
645
650
653
655
655
658
658
661
663
665
665
676
677
680
681
683
683
684
684
687
693
698
698
700
701
703
708
713
718
721
725
725
726
730
730
732
732
734
735
735
738
742
743
743
745
746
748
750
752
754
756
757
758
758
762
762
762
762
763
768
770
770
771
775
775
775
776
777
779
784
786
788
789
791
791
793
794
794
796
797
798
799
799
800
801
801
802
802
804
806
806
816
817
818
821
821
823
823
826
827
829
831
838
844
845
845
846
848
849
856
858
858
859
860
861
866
872
872
873
877
881
883
886
887
887
887
887
890
894
896
901
902
904
905
905
906
907
907
908
908
911
913
925
927
929
929
931
932
932
933
934
936
940
942
943
944
948
948
949
950
951
952
952
957
957
958
960
961
962
962
964
965
970
972
972
973
974
975
976
977
982
984
989
990
995
998