-999
-999
-999
-997
-995
-993
-990
-989
-989
-988
-988
-988
-987
-986
-985
-982
-982
-982
-980
-978
-978
-976
-974
-967
-964
-964
-958
-958
-957
-951
-949
-949
-946
-944
-938
-936
-935
-928
-927
-926
-925
-925
-921
-921
-920
-916
-916
-915
-910
-910
-910
-909
-908
-907
-907
-904
-898
-897
-894
-893
-892
-891
-891
-891
-890
-889
-889
-887
-886
-885
-885
-883
-879
-877
-876
-870
-869
-868
-864
-862
-861
-860
-859
-858
-852
-851
-847
-847
-847
-846
-845
-844
-843
-841
-840
-838
-835
-833
-832
-826
-812
-811
-807
-807
-807
-806
-806
-804
-804
-799
-789
-789
-787
-785
-785
-783
-780
-780
-777
-777
-775
-771
-767
-766
-765
-765
-764
-757
-757
-753
-753
-752
-749
-748
-747
-745
-745
-742
-740
-737
-735
-733
-732
-732
-732
-729
-724
-717
-713
-711
-710
-708
-704
-704
-704
-703
-702
-702
-699
-698
-697
-697
-697
-696
-696
-695
-694
-691
-690
-687
-686
-685
-684
-684
-684
-681
-680
-677
-674
-670
-669
-669
-667
-666
-665
-658
-655
-654
-653
-651
-650
-645
-645
-644
-644
-643
-641
-640
-634
-633
-632
-631
-630
-630
-629
-627
-625
-623
-623
-623
-623
-621
-621
-618
-610
-610
-606
-606
-604
-602
-602
-594
-593
-593
-592
-582
-579
-576
-572
-572
-567
-566
-561
-559
-558
-557
-556
-555
-555
-553
-551
-551
-544
-542
-540
-540
-532
-528
-527
-524
-523
-522
-522
-521
-514
-510
-510
-510
-509
-506
-505
-498
-491
-487
-487
-485
-479
-478
-474
-473
-472
-472
-471
-471
-469
-469
-468
-462
-462
-461
-459
-457
-453
-452
-452
-452
-451
-449
-446
-444
-443
-440
-440
-439
-438
-436
-435
-434
-432
-429
-428
-427
-425
-425
-423
-422
-422
-416
-416
-413
-411
-409
-406
-406
-387
-385
-384
-383
-380
-373
-370
-363
-360
-359
-354
-354
-354
-346
-346
-345
-342
-340
-336
-328
-327
-327
-327
-326
-326
-326
-325
-320
-317
-316
-316
-314
-310
-308
-308
-304
-304
-302
-299
-299
-297
-295
-292
-292
-291
-291
-287
-281
-280
-275
-274
-271
-268
-267
-267
-266
-263
-262
-260
-259
-254
-254
-254
-254
-253
-253
-252
-249
-249
-249
-247
-246
-244
-243
-240
-237
-234
-234
-232
-231
-231
-230
-230
-229
-228
-225
-225
-222
-220
-219
-217
-214
-213
-208
-207
-206
-206
-204
-201
-199
-199
-193
-191
-190
-185
-184
-181
-181
-179
-178
-177
-175
-174
-173
-171
-170
-170
-167
-166
-164
-163
-162
-162
-159
-158
-156
-155
-154
-151
-150
-147
-145
-144
-141
-141
-139
-139
-129
-128
-126
-125
-124
-119
-118
-113
-111
-108
-108
-102
-101
-100
-100
-96
-93
-92
-91
-87
-83
-82
-78
-77
-77
-74
-71
-71
-70
-68
-66
-64
-61
-61
-57
-53
-53
-52
-51
-49
-48
-47
-46
-45
-44
-42
-42
-41
-40
-40
-37
-36
-34
-30
-29
-25
-25
-24
-24
-23
-22
-20
-19
-19
-17
-16
-12
-9
-8
-7
-4
0
1
1
1
1
2
2
3
5
10
10
13
14
16
19
22
23
23
27
32
34
34
36
36
39
41
49
50
54
58
60
62
62
63
67
67
74
76
78
80
83
86
87
87
88
91
91
94
94
95
96
97
100
102
104
112
114
115
117
118
118
120
120
125
127
129
130
131
135
135
137
138
139
140
141
142
142
143
144
149
150
158
158
161
163
165
167
167
171
172
172
174
175
175
175
176
176
181
185
185
187
189
190
191
191
192
193
195
200
202
202
204
209
211
212
213
225
230
231
237
237
240
241
241
243
243
243
246
251
252
253
253
254
258
263
264
266
274
275
276
289
290
294
296
297
298
299
300
303
306
306
309
309
310
312
319
320
320
321
322
327
329
332
334
334
334
336
336
337
338
339
341
347
350
359
360
363
365
368
368
372
372
373
374
375
376
377
377
379
379
385
385
386
390
391
393
394
394
396
397
397
398
400
402
407
407
408
410
411
413
414
414
415
417
419
422
423
427
428
429
431
431
435
435
439
442
442
443
446
446
448
449
450
450
453
454
459
459
465
465
469
469
472
472
473
478
479
481
483
486
487
490
491
494
495
495
497
500
503
506
506
508
508
510
511
520
522
523
523
526
529
536
541
546
547
554
556
556
557
561
563
566
566
567
568
573
573
574
577
579
581
587
590
593
594
595
596
596
601
605
606
608
609
614
617
619
623
624
628
631
633
635
635
649
650
650
650
659
660
661
662
662
663
664
664
665
667
670
670
670
670
677
682
683
687
688
688
689
689
690
690
695
699
700
701
703
708
708
709
711
712
713
713
713
716
724
726
731
734
737
740
743
750
750
755
759
761
762
763
764
766
767
768
769
770
770
774
777
779
782
783
785
787
789
789
792
793
795
796
797
797
798
802
805
808
809
809
813
818
824
825
827
830
836
844
848
850
851
856
857
859
859
859
863
864
868
868
869
870
872
877
877
884
885
886
888
888
889
892
898
900
904
906
908
909
911
913
913
913
919
922
924
926
929
932
935
936
937
938
939
939
942
944
948
949
951
952
953
959
959
961
961
964
965
965
967
968
970
970
974
983
986
989
992
994
999
1000
1000