-994
-994
-994
-991
-990
-990
-989
-989
-988
-986
-984
-983
-983
-981
-980
-980
-980
-979
-977
-972
-971
-970
-963
-963
-961
-960
-956
-951
-948
-947
-945
-944
-940
-940
-939
-938
-938
-937
-935
-933
-932
-930
-928
-927
-922
-920
-919
-918
-915
-915
-911
-906
-905
-900
-899
-897
-895
-892
-891
-890
-888
-885
-879
-879
-877
-876
-875
-874
-873
-873
-870
-870
-870
-865
-863
-861
-858
-856
-854
-849
-837
-837
-836
-835
-833
-832
-832
-830
-827
-827
-826
-825
-820
-820
-819
-817
-816
-813
-812
-812
-811
-803
-792
-790
-788
-786
-786
-781
-779
-777
-776
-767
-762
-761
-759
-758
-757
-756
-751
-750
-749
-749
-749
-745
-744
-743
-743
-739
-738
-737
-733
-733
-732
-732
-731
-731
-730
-729
-728
-724
-723
-723
-720
-717
-715
-712
-711
-708
-708
-708
-707
-707
-704
-704
-704
-702
-702
-700
-695
-691
-687
-686
-683
-680
-676
-672
-671
-671
-671
-670
-669
-669
-667
-662
-661
-658
-656
-652
-652
-649
-648
-647
-645
-643
-642
-641
-640
-638
-633
-633
-632
-629
-627
-622
-622
-620
-617
-613
-611
-610
-609
-603
-602
-599
-598
-595
-593
-591
-591
-590
-588
-588
-584
-583
-581
-581
-579
-575
-575
-575
-575
-573
-565
-565
-561
-558
-556
-555
-553
-552
-551
-550
-547
-546
-546
-543
-543
-539
-537
-537
-533
-530
-530
-529
-527
-527
-527
-526
-525
-515
-514
-514
-510
-509
-508
-506
-503
-501
-498
-497
-497
-497
-496
-495
-495
-491
-489
-486
-485
-478
-476
-469
-469
-467
-464
-459
-458
-458
-453
-453
-445
-444
-444
-441
-440
-437
-437
-435
-433
-432
-432
-431
-428
-427
-427
-426
-421
-420
-420
-418
-418
-417
-413
-411
-404
-403
-403
-397
-396
-395
-392
-389
-386
-384
-383
-379
-379
-376
-374
-371
-363
-363
-361
-360
-359
-358
-358
-356
-353
-349
-346
-345
-343
-335
-335
-329
-329
-326
-325
-323
-322
-319
-319
-318
-312
-311
-310
-309
-309
-307
-305
-305
-301
-297
-296
-293
-287
-286
-280
-279
-275
-274
-269
-267
-265
-265
-260
-259
-258
-254
-253
-250
-248
-246
-245
-240
-240
-239
-237
-232
-232
-232
-231
-230
-229
-224
-224
-223
-217
-213
-211
-211
-210
-209
-208
-207
-203
-202
-201
-200
-198
-197
-197
-196
-195
-195
-191
-189
-187
-186
-183
-178
-177
-170
-169
-168
-168
-167
-165
-163
-160
-158
-152
-147
-146
-146
-146
-142
-140
-140
-139
-137
-136
-135
-133
-132
-130
-129
-128
-126
-126
-125
-124
-123
-122
-120
-117
-114
-114
-112
-110
-110
-109
-108
-106
-104
-103
-93
-93
-90
-86
-85
-84
-81
-80
-80
-78
-77
-76
-74
-73
-73
-70
-69
-69
-65
-60
-57
-55
-54
-52
-43
-41
-34
-30
-29
-28
-28
-22
-21
-20
-19
-18
-16
-15
-15
-14
-13
-11
-10
-9
-9
-7
-6
-2
1
2
2
2
4
9
12
13
14
15
16
18
21
22
22
23
24
27
30
31
33
41
43
44
44
46
46
48
48
49
51
52
54
59
60
60
61
63
65
66
69
69
71
72
76
76
77
78
79
79
79
80
81
83
86
90
91
92
94
94
95
95
96
106
109
111
112
114
121
122
122
124
125
126
127
131
136
136
137
150
150
150
151
152
153
155
157
160
166
166
174
175
176
178
178
179
180
182
187
187
192
196
197
198
199
200
206
208
211
215
216
220
223
223
228
229
235
237
238
238
239
241
243
245
246
247
249
251
252
256
256
261
266
267
270
271
272
274
277
278
282
283
284
285
286
287
288
290
290
293
293
297
298
298
299
306
310
312
315
316
316
317
319
319
320
325
327
330
333
336
337
338
343
345
349
354
356
358
361
362
366
366
368
369
371
373
376
378
378
379
381
382
384
388
388
391
391
391
393
394
394
395
399
404
406
407
407
411
413
414
417
419
421
421
422
426
428
430
431
432
434
434
434
434
435
437
440
444
446
448
450
451
455
458
461
467
468
474
478
478
479
480
481
483
484
488
488
489
493
495
495
495
499
500
501
501
502
502
504
505
505
506
508
509
510
514
517
518
525
532
533
542
545
551
553
554
556
556
557
559
560
561
561
563
564
567
567
570
573
575
575
581
587
588
588
589
592
600
601
602
603
605
607
607
607
609
610
610
611
613
614
615
616
617
618
624
626
627
627
630
631
631
635
635
635
635
636
638
640
641
645
646
657
659
660
664
666
667
673
675
676
676
677
679
679
681
685
686
687
692
699
699
699
700
701
701
701
702
702
705
709
712
719
721
722
724
727
730
731
732
734
735
735
736
737
740
744
745
747
765
767
769
770
771
772
772
775
776
780
780
784
785
786
790
791
791
791
793
794
798
802
802
804
807
810
812
813
813
813
815
817
820
823
824
826
829
829
831
833
833
833
834
839
840
842
844
845
848
853
857
857
861
861
864
868
870
870
872
873
881
882
884
886
889
890
892
895
897
898
898
900
905
906
914
915
917
918
920
922
922
926
927
928
929
933
936
937
938
941
945
946
947
947
950
951
952
953
955
956
960
964
969
970
974
975
976
978
978
979
988
988
993
993
998
1000