-996
-991
-990
-990
-990
-987
-985
-984
-982
-979
-978
-978
-977
-976
-974
-971
-966
-966
-965
-965
-965
-962
-956
-948
-946
-940
-939
-938
-938
-936
-934
-930
-927
-927
-927
-926
-924
-922
-921
-920
-919
-918
-917
-916
-916
-915
-910
-907
-903
-900
-900
-900
-896
-893
-892
-892
-890
-887
-886
-881
-880
-876
-871
-863
-862
-861
-856
-847
-841
-840
-839
-835
-835
-833
-830
-827
-826
-825
-823
-818
-810
-810
-806
-799
-798
-797
-797
-796
-796
-794
-793
-791
-789
-787
-786
-785
-785
-785
-782
-781
-778
-776
-775
-774
-774
-772
-772
-766
-766
-765
-763
-759
-759
-757
-756
-755
-752
-752
-744
-743
-742
-742
-741
-740
-737
-736
-736
-735
-734
-731
-731
-724
-721
-717
-712
-711
-711
-710
-705
-702
-702
-699
-697
-694
-692
-691
-691
-691
-691
-690
-686
-685
-685
-684
-682
-681
-679
-676
-674
-674
-672
-669
-669
-666
-664
-657
-652
-651
-650
-646
-644
-637
-635
-633
-629
-628
-625
-616
-613
-609
-608
-607
-603
-600
-599
-599
-596
-595
-595
-594
-593
-593
-593
-592
-588
-585
-585
-583
-583
-581
-580
-578
-576
-575
-573
-572
-571
-571
-571
-571
-565
-558
-558
-558
-555
-554
-554
-554
-551
-549
-549
-548
-544
-541
-541
-537
-536
-536
-535
-534
-532
-531
-529
-525
-523
-523
-520
-518
-516
-515
-514
-510
-510
-504
-503
-501
-501
-500
-496
-495
-492
-487
-486
-484
-484
-483
-482
-477
-468
-468
-467
-465
-464
-460
-460
-458
-457
-450
-450
-449
-446
-442
-442
-436
-435
-435
-434
-434
-433
-432
-428
-426
-426
-425
-424
-424
-423
-422
-421
-421
-419
-415
-415
-415
-413
-411
-410
-408
-407
-407
-403
-402
-402
-402
-396
-394
-392
-391
-390
-383
-382
-381
-378
-376
-369
-366
-366
-364
-362
-362
-361
-359
-358
-354
-354
-353
-347
-342
-342
-339
-337
-337
-337
-332
-331
-325
-325
-321
-307
-296
-296
-296
-295
-289
-288
-287
-284
-283
-283
-278
-272
-272
-268
-267
-265
-265
-262
-262
-259
-259
-259
-256
-254
-253
-253
-249
-249
-248
-248
-247
-246
-244
-241
-239
-239
-236
-236
-235
-234
-230
-227
-226
-225
-225
-220
-219
-219
-218
-218
-217
-217
-215
-213
-210
-209
-209
-206
-206
-205
-194
-192
-190
-189
-189
-187
-182
-180
-180
-179
-176
-174
-174
-173
-173
-170
-169
-168
-163
-163
-157
-157
-154
-152
-151
-147
-145
-145
-144
-143
-140
-138
-137
-137
-136
-135
-134
-132
-127
-126
-126
-125
-123
-121
-115
-114
-112
-108
-107
-107
-106
-105
-104
-102
-101
-100
-97
-91
-89
-87
-86
-86
-85
-85
-82
-81
-80
-79
-76
-76
-75
-75
-70
-69
-68
-68
-65
-63
-63
-62
-61
-59
-58
-56
-55
-48
-46
-45
-41
-39
-37
-37
-36
-34
-34
-32
-30
-30
-28
-27
-20
-18
-18
-17
-15
-12
-11
-10
-9
-9
-5
-4
-3
1
3
3
3
3
4
6
7
8
10
15
17
24
26
27
27
27
29
30
31
35
35
37
37
37
39
40
41
47
53
54
64
64
68
69
70
70
71
76
77
78
83
88
90
93
94
96
100
102
107
109
109
109
110
111
112
112
114
118
119
120
123
124
125
126
128
130
134
137
138
141
141
141
146
146
148
150
150
151
154
155
155
155
156
156
157
157
160
167
169
170
170
172
176
182
182
182
182
183
185
187
188
189
190
190
202
206
207
213
213
215
220
226
230
232
236
237
239
242
243
245
248
250
252
259
263
263
265
265
270
272
273
282
284
287
287
287
290
292
294
296
299
301
306
313
313
314
315
315
316
316
318
319
323
325
325
326
331
333
336
338
340
342
346
347
350
350
352
353
355
357
358
361
364
367
373
374
374
375
376
382
383
384
385
389
389
393
394
395
397
398
398
398
405
406
408
408
410
410
414
416
425
431
436
437
440
441
441
442
442
444
445
445
448
448
451
453
455
456
456
457
459
459
464
464
466
468
469
470
480
482
483
485
486
489
489
491
492
495
502
502
503
505
508
508
510
514
517
519
522
526
527
527
529
531
533
533
539
548
554
558
558
559
561
564
564
567
568
569
569
574
574
580
583
584
585
590
591
592
594
595
599
601
608
609
611
614
617
618
618
619
619
619
620
620
628
631
640
641
643
643
644
646
646
646
646
647
647
647
648
648
649
649
654
657
660
661
663
665
667
667
668
668
669
673
675
677
681
684
685
686
689
692
693
694
700
702
702
703
708
709
710
717
718
720
720
724
727
729
732
733
734
738
740
741
741
743
746
749
750
751
753
754
756
756
758
758
760
762
762
767
770
774
775
777
780
782
783
786
789
789
790
796
798
799
800
802
803
803
806
808
808
809
812
815
815
819
819
821
822
826
827
828
830
833
833
833
835
835
838
843
846
846
847
847
849
851
853
858
860
862
863
863
868
875
876
881
882
889
892
896
897
898
900
903
903
903
904
907
907
912
914
915
919
920
922
923
924
925
926
930
932
934
936
937
939
939
940
941
941
944
948
948
948
950
954
958
962
963
965
970
972
973
973
974
978
979
980
982
982
982
983
986
992
992
994
994
995