-1000
-996
-995
-994
-992
-990
-989
-989
-987
-986
-985
-985
-982
-981
-978
-978
-975
-964
-963
-960
-960
-960
-957
-957
-956
-955
-955
-954
-954
-954
-954
-950
-949
-949
-948
-944
-940
-937
-934
-933
-931
-929
-928
-927
-924
-923
-922
-921
-920
-918
-916
-916
-913
-911
-910
-908
-908
-900
-898
-896
-895
-895
-892
-892
-891
-889
-887
-886
-883
-882
-882
-882
-882
-878
-874
-873
-869
-867
-865
-862
-862
-859
-859
-854
-853
-852
-850
-846
-845
-844
-841
-839
-835
-830
-829
-829
-824
-821
-820
-820
-819
-818
-815
-812
-808
-808
-807
-807
-806
-806
-806
-805
-804
-801
-800
-796
-796
-792
-792
-789
-789
-785
-782
-782
-778
-777
-775
-769
-766
-766
-764
-761
-757
-756
-749
-747
-742
-741
-737
-737
-736
-735
-734
-733
-733
-731
-722
-721
-716
-713
-712
-707
-698
-697
-693
-685
-685
-685
-684
-683
-682
-676
-674
-673
-669
-669
-664
-663
-660
-660
-660
-652
-648
-648
-646
-645
-642
-640
-639
-638
-635
-632
-631
-627
-626
-624
-622
-619
-618
-618
-616
-611
-611
-609
-607
-607
-605
-604
-598
-596
-592
-592
-589
-585
-585
-583
-578
-577
-577
-576
-570
-569
-568
-567
-566
-564
-560
-560
-559
-558
-552
-550
-549
-548
-545
-541
-539
-539
-535
-532
-530
-529
-529
-528
-528
-527
-525
-521
-519
-512
-504
-504
-502
-499
-498
-494
-493
-491
-489
-489
-489
-485
-484
-480
-479
-477
-475
-475
-473
-472
-469
-468
-468
-467
-463
-458
-456
-455
-453
-450
-448
-446
-446
-442
-441
-437
-436
-436
-433
-428
-427
-427
-427
-425
-421
-420
-419
-418
-415
-414
-412
-411
-411
-410
-409
-403
-401
-401
-396
-391
-390
-389
-388
-384
-383
-373
-372
-371
-371
-370
-368
-366
-364
-363
-361
-360
-356
-355
-355
-353
-348
-344
-342
-342
-339
-338
-338
-337
-335
-334
-334
-334
-331
-331
-326
-324
-324
-318
-317
-316
-315
-310
-310
-309
-309
-304
-303
-301
-300
-300
-299
-298
-292
-285
-285
-283
-281
-279
-276
-275
-274
-274
-272
-271
-271
-270
-267
-267
-266
-264
-263
-261
-255
-255
-252
-249
-249
-247
-247
-246
-246
-246
-244
-241
-241
-241
-240
-236
-235
-233
-232
-229
-227
-227
-227
-226
-226
-225
-224
-223
-222
-222
-221
-220
-217
-213
-212
-212
-209
-209
-209
-205
-205
-204
-203
-201
-198
-193
-188
-186
-185
-183
-178
-175
-173
-168
-168
-168
-167
-166
-164
-164
-161
-158
-156
-153
-150
-149
-148
-147
-146
-142
-141
-140
-140
-138
-138
-134
-133
-133
-133
-126
-126
-123
-122
-121
-121
-118
-117
-112
-110
-109
-104
-101
-100
-100
-97
-97
-95
-88
-88
-84
-81
-76
-72
-71
-70
-70
-69
-68
-68
-66
-65
-65
-63
-61
-54
-54
-48
-46
-46
-45
-42
-39
-39
-38
-38
-36
-35
-34
-26
-24
-16
-15
-11
-5
0
0
0
1
2
5
6
9
9
11
12
13
13
15
15
15
18
26
28
28
28
30
30
31
31
39
39
40
43
44
45
46
50
55
56
56
56
57
58
60
62
64
69
69
71
71
79
80
80
84
87
88
91
97
106
107
107
110
112
113
113
117
117
117
121
121
122
126
126
129
130
132
133
135
136
137
139
143
143
148
149
150
152
154
154
155
157
161
163
163
166
167
167
168
169
172
177
182
183
183
189
191
191
192
194
194
196
197
202
204
205
207
208
209
213
216
218
219
220
220
221
224
226
227
231
231
233
234
235
237
240
240
250
254
254
254
254
256
256
260
263
266
267
267
269
271
271
274
283
284
284
286
288
288
293
295
295
296
296
298
306
311
312
313
316
317
317
318
320
326
328
328
328
331
332
333
334
340
340
341
344
349
350
351
356
358
359
363
370
373
374
375
375
376
378
378
380
380
384
385
385
385
386
387
388
389
390
392
393
394
394
399
399
409
410
410
411
411
412
413
413
413
414
416
419
419
420
420
423
423
428
429
432
433
438
448
451
453
453
458
460
461
461
462
466
467
472
472
472
474
478
479
479
481
483
485
492
496
499
499
500
504
504
505
509
515
518
526
526
531
531
532
533
533
536
539
539
540
540
540
541
541
545
545
547
550
550
552
553
556
557
557
562
563
566
569
570
573
574
574
577
577
579
581
581
582
582
585
586
588
592
602
606
608
610
612
614
616
618
625
631
632
633
634
635
639
641
645
645
646
646
648
649
649
651
652
653
654
657
657
664
667
668
670
676
685
687
691
691
692
692
695
696
698
700
707
708
708
710
711
714
715
715
716
726
730
730
732
732
733
735
735
738
739
742
748
749
751
753
755
759
760
762
765
766
767
771
777
778
779
780
780
781
783
784
785
789
789
790
792
793
799
800
801
802
803
804
805
806
807
808
809
810
813
815
816
817
830
832
834
835
838
844
845
854
856
856
857
859
865
867
868
868
869
872
872
873
879
881
882
882
884
889
893
899
904
906
906
907
910
911
911
914
915
916
916
917
917
921
922
924
926
931
933
933
933
939
943
944
944
948
948
948
952
955
956
958
959
963
964
964
964
965
970
973
979
979
981
985
988
990
990
993
1000