-996
-993
-993
-989
-988
-987
-986
-985
-982
-980
-979
-978
-976
-972
-963
-963
-962
-959
-959
-959
-953
-953
-953
-949
-935
-933
-933
-932
-932
-930
-914
-913
-911
-910
-909
-908
-906
-901
-901
-898
-893
-887
-886
-883
-883
-879
-878
-878
-874
-874
-874
-872
-871
-868
-866
-866
-865
-865
-864
-864
-860
-858
-856
-850
-848
-846
-844
-844
-840
-837
-833
-831
-829
-829
-828
-827
-823
-821
-817
-817
-811
-809
-806
-806
-802
-801
-801
-801
-796
-795
-788
-786
-785
-785
-783
-783
-782
-782
-781
-779
-778
-777
-776
-776
-776
-772
-770
-769
-766
-765
-761
-756
-753
-753
-748
-742
-742
-739
-737
-730
-729
-729
-729
-725
-725
-721
-718
-718
-713
-712
-709
-708
-708
-705
-704
-702
-701
-698
-697
-696
-694
-689
-687
-683
-682
-681
-679
-676
-675
-672
-668
-668
-664
-663
-661
-657
-647
-646
-646
-646
-640
-637
-629
-627
-626
-625
-622
-621
-619
-618
-614
-612
-611
-610
-603
-603
-595
-594
-587
-587
-587
-586
-586
-586
-577
-576
-575
-571
-571
-568
-568
-568
-568
-565
-563
-560
-558
-554
-552
-547
-546
-542
-541
-539
-539
-538
-537
-530
-529
-527
-527
-524
-524
-521
-520
-519
-518
-518
-518
-515
-515
-515
-513
-510
-509
-508
-508
-504
-503
-503
-503
-502
-500
-498
-496
-495
-490
-490
-489
-485
-480
-478
-478
-476
-468
-465
-464
-464
-463
-463
-462
-461
-461
-457
-457
-455
-453
-453
-451
-451
-451
-447
-445
-439
-438
-437
-437
-435
-435
-434
-432
-432
-431
-429
-423
-422
-417
-417
-414
-414
-412
-411
-411
-409
-404
-404
-401
-400
-394
-394
-393
-392
-392
-390
-390
-389
-385
-385
-381
-381
-379
-379
-377
-372
-370
-367
-365
-363
-362
-360
-358
-357
-356
-349
-347
-346
-341
-340
-340
-339
-336
-333
-331
-331
-328
-327
-327
-317
-313
-313
-312
-311
-308
-307
-302
-302
-301
-298
-296
-292
-291
-289
-288
-285
-281
-280
-279
-278
-278
-277
-276
-276
-275
-275
-274
-274
-273
-272
-270
-270
-268
-265
-265
-263
-263
-262
-259
-257
-254
-254
-252
-252
-252
-251
-251
-248
-245
-242
-241
-240
-238
-233
-225
-223
-223
-219
-215
-214
-213
-211
-210
-208
-207
-203
-202
-198
-197
-197
-194
-190
-190
-188
-187
-187
-182
-178
-177
-176
-173
-172
-170
-169
-168
-168
-168
-167
-162
-161
-159
-159
-158
-158
-156
-156
-154
-153
-151
-150
-149
-149
-147
-146
-146
-142
-141
-138
-138
-134
-133
-133
-132
-131
-129
-129
-129
-128
-127
-126
-125
-123
-123
-122
-121
-119
-118
-116
-116
-111
-111
-110
-109
-108
-101
-100
-96
-93
-89
-85
-84
-78
-76
-75
-74
-70
-68
-63
-53
-49
-48
-41
-33
-32
-31
-31
-29
-22
-16
-15
-13
-11
-8
-7
-7
-6
-3
-3
-3
-1
-1
0
1
1
3
10
11
12
14
14
15
15
17
21
27
28
32
33
37
37
38
39
41
41
43
46
50
53
54
56
57
60
62
68
68
70
70
74
80
80
86
87
93
94
97
97
98
100
101
102
103
104
107
108
108
109
110
113
117
117
119
120
123
123
133
134
135
140
141
145
149
151
151
152
157
157
160
164
167
175
179
179
179
181
183
185
186
187
188
188
190
194
195
198
200
209
212
213
215
216
216
220
227
228
229
234
237
238
239
239
242
243
248
248
250
250
254
255
259
259
260
262
263
264
265
265
272
277
282
283
285
285
292
292
293
297
298
301
303
305
306
309
313
314
315
318
319
320
322
322
324
325
327
328
329
333
336
348
348
348
349
353
354
357
358
361
364
365
367
367
369
370
373
374
375
376
379
382
384
387
387
388
389
391
391
393
395
397
398
402
403
405
412
413
414
416
419
422
423
430
432
434
434
434
434
435
440
442
444
448
452
453
457
458
459
460
461
461
462
465
466
466
467
467
467
469
474
476
479
482
484
490
490
491
491
492
492
493
493
493
497
497
498
501
502
505
506
507
508
509
516
516
516
519
520
521
523
523
530
533
533
535
536
536
542
544
544
547
551
553
553
556
557
559
561
564
567
568
568
569
570
574
577
577
581
583
584
588
588
588
589
589
598
598
598
600
600
601
605
605
607
610
618
619
619
623
626
628
629
629
630
630
630
632
634
636
637
638
639
641
643
653
653
654
656
656
658
660
667
670
672
673
673
674
674
677
680
681
682
686
688
689
693
693
696
697
697
700
706
707
708
720
722
727
727
729
730
731
731
733
735
735
739
740
742
744
747
749
751
752
754
755
759
759
760
762
763
764
765
766
767
768
769
770
772
785
789
792
796
797
800
802
802
803
806
806
807
808
809
810
812
813
813
814
815
817
817
820
821
822
827
835
839
839
841
841
841
844
844
847
851
852
854
857
857
858
858
860
865
871
872
873
876
877
881
884
885
885
886
890
894
896
903
905
906
908
908
910
910
911
912
913
914
916
917
924
924
925
930
932
933
933
936
938
938
939
939
940
940
942
944
945
947
947
948
953
959
963
966
967
967
969
973
974
976
976
976
976
980
982
983
985
990
991
992
993
994
995
996
996
997
999