-999
-998
-994
-993
-992
-991
-990
-989
-988
-987
-984
-978
-972
-972
-971
-970
-968
-967
-966
-965
-965
-955
-953
-952
-952
-952
-948
-947
-945
-945
-945
-941
-937
-937
-932
-931
-930
-930
-928
-924
-924
-920
-919
-917
-915
-915
-913
-912
-912
-907
-905
-903
-901
-899
-899
-899
-898
-897
-896
-895
-883
-881
-880
-878
-874
-864
-859
-859
-859
-858
-857
-854
-854
-853
-853
-853
-853
-852
-850
-850
-849
-848
-846
-841
-837
-836
-833
-832
-828
-827
-824
-810
-804
-801
-801
-797
-792
-791
-791
-789
-787
-786
-780
-780
-776
-776
-775
-774
-771
-770
-769
-769
-763
-762
-761
-758
-757
-756
-755
-754
-753
-752
-750
-749
-749
-745
-743
-740
-740
-739
-735
-734
-730
-728
-721
-720
-719
-718
-717
-717
-716
-714
-712
-709
-708
-699
-698
-698
-697
-695
-695
-695
-695
-691
-691
-690
-687
-677
-674
-673
-671
-668
-668
-666
-661
-655
-655
-654
-653
-652
-652
-649
-646
-643
-642
-640
-636
-634
-630
-622
-620
-616
-614
-614
-613
-613
-611
-610
-608
-604
-604
-602
-602
-602
-601
-597
-595
-591
-589
-587
-586
-584
-584
-583
-579
-579
-577
-572
-569
-568
-567
-564
-561
-559
-558
-558
-558
-555
-554
-553
-548
-547
-542
-541
-537
-535
-533
-532
-530
-530
-529
-527
-527
-525
-524
-524
-521
-518
-515
-511
-510
-510
-505
-502
-501
-500
-500
-497
-494
-493
-493
-490
-489
-484
-482
-476
-471
-470
-469
-467
-466
-465
-464
-463
-463
-461
-460
-453
-448
-445
-444
-431
-430
-429
-426
-425
-418
-416
-415
-415
-404
-403
-402
-401
-398
-395
-393
-391
-388
-387
-387
-381
-380
-378
-377
-377
-372
-371
-370
-368
-366
-365
-364
-363
-363
-362
-361
-355
-354
-354
-354
-354
-353
-352
-352
-351
-350
-349
-348
-346
-345
-344
-344
-341
-337
-336
-332
-331
-324
-320
-317
-316
-315
-313
-309
-308
-307
-301
-301
-300
-299
-298
-297
-296
-296
-292
-288
-285
-283
-279
-279
-278
-271
-266
-265
-263
-262
-261
-259
-259
-256
-256
-254
-254
-253
-253
-251
-251
-251
-250
-248
-245
-243
-243
-241
-241
-236
-235
-233
-233
-223
-220
-219
-217
-215
-208
-204
-203
-202
-201
-198
-197
-195
-193
-193
-187
-186
-186
-182
-177
-176
-174
-173
-171
-171
-170
-167
-166
-164
-164
-161
-160
-158
-157
-156
-155
-154
-154
-152
-149
-145
-145
-144
-144
-143
-143
-142
-139
-136
-136
-135
-134
-131
-125
-118
-116
-116
-110
-110
-108
-108
-108
-106
-106
-105
-105
-104
-101
-98
-94
-92
-91
-84
-82
-81
-80
-79
-77
-76
-76
-76
-70
-69
-69
-68
-68
-67
-64
-61
-60
-59
-58
-57
-55
-53
-52
-51
-47
-46
-45
-43
-40
-39
-38
-38
-36
-36
-35
-35
-34
-33
-32
-28
-28
-27
-25
-23
-22
-16
-15
-14
-12
-11
-10
-9
-7
-2
1
2
3
6
8
10
14
15
17
17
17
18
21
23
24
25
26
37
39
42
45
45
47
48
52
64
65
67
69
71
74
75
76
80
82
84
88
89
89
92
93
94
95
100
105
105
107
111
113
115
116
119
119
120
123
123
126
128
134
135
136
137
138
138
142
142
145
150
150
150
150
153
153
153
153
156
160
162
162
163
167
170
171
171
172
172
173
174
176
176
178
181
181
186
186
187
188
195
195
199
202
203
209
210
213
214
214
214
214
219
225
227
230
234
234
236
237
238
238
239
240
241
244
245
247
248
251
251
251
253
256
257
260
261
265
273
273
275
276
276
276
276
281
288
288
291
291
291
294
294
295
296
296
297
300
303
307
312
317
319
324
325
328
333
334
336
336
338
338
340
341
343
347
355
357
362
363
368
371
372
376
380
382
384
385
386
389
390
391
395
397
397
398
400
400
402
403
404
407
408
411
411
412
413
416
416
418
420
421
425
432
432
437
438
440
440
440
441
442
446
446
447
451
455
455
460
460
461
464
465
466
472
472
475
477
487
488
495
497
499
501
502
502
503
503
505
505
506
508
509
512
514
520
522
522
526
527
531
531
531
532
534
537
538
538
539
540
541
545
547
553
553
558
559
559
561
562
562
564
565
571
573
576
578
580
587
590
592
594
595
595
597
597
598
598
600
602
603
603
605
605
609
614
614
616
618
620
623
626
629
629
631
632
633
633
634
635
638
641
644
644
646
646
649
649
652
657
660
664
665
665
667
671
672
672
672
680
682
683
683
690
693
696
697
698
699
699
699
702
703
704
708
713
714
720
721
724
725
726
727
727
729
730
731
736
742
744
748
749
754
754
756
757
761
764
767
770
771
772
774
776
777
777
780
780
787
789
791
792
793
799
800
802
804
808
808
810
811
813
817
823
824
825
826
831
840
841
847
853
853
854
858
859
866
867
869
870
874
874
874
876
878
879
879
884
885
888
892
893
893
894
895
897
899
900
900
900
903
905
905
905
906
906
907
907
907
910
912
912
918
920
920
921
924
926
928
931
935
935
935
937
938
941
941
942
943
947
947
947
949
950
951
952
953
960
962
962
963
964
967
972
974
975
980
981
984
988
989
990
993
994
996
998