-995
-994
-991
-989
-988
-983
-982
-982
-982
-980
-980
-978
-978
-974
-973
-965
-962
-960
-960
-953
-948
-947
-946
-944
-941
-940
-938
-934
-933
-933
-933
-928
-926
-926
-926
-925
-924
-921
-920
-914
-913
-913
-912
-909
-908
-903
-900
-894
-893
-888
-887
-885
-885
-883
-882
-882
-875
-869
-867
-866
-865
-864
-862
-862
-858
-858
-852
-847
-843
-839
-836
-834
-831
-831
-828
-825
-825
-821
-820
-816
-814
-813
-812
-810
-800
-798
-796
-795
-793
-788
-785
-783
-779
-775
-773
-773
-765
-765
-762
-762
-760
-757
-754
-750
-750
-749
-748
-748
-745
-745
-742
-737
-734
-733
-729
-728
-725
-722
-718
-718
-717
-717
-713
-712
-712
-704
-704
-702
-699
-698
-697
-691
-691
-690
-689
-686
-686
-683
-679
-675
-669
-669
-668
-667
-662
-660
-660
-658
-656
-656
-655
-654
-654
-648
-645
-645
-645
-644
-642
-640
-632
-631
-629
-627
-625
-621
-621
-619
-619
-619
-618
-617
-617
-616
-616
-615
-613
-610
-609
-602
-594
-592
-590
-589
-588
-585
-582
-577
-574
-572
-571
-570
-569
-566
-561
-558
-557
-556
-555
-555
-553
-553
-550
-547
-547
-543
-540
-539
-537
-535
-534
-534
-527
-527
-526
-526
-524
-524
-523
-521
-520
-516
-514
-512
-510
-507
-504
-501
-500
-494
-492
-491
-490
-487
-486
-482
-482
-480
-479
-479
-476
-476
-474
-470
-469
-468
-465
-459
-459
-458
-455
-455
-454
-453
-453
-452
-451
-451
-448
-448
-447
-445
-443
-441
-438
-436
-434
-433
-432
-430
-429
-427
-425
-425
-424
-420
-418
-417
-416
-413
-411
-411
-410
-410
-401
-397
-395
-395
-391
-389
-384
-382
-381
-381
-381
-381
-379
-377
-376
-376
-375
-374
-372
-370
-370
-370
-369
-368
-367
-365
-363
-362
-360
-359
-359
-358
-358
-353
-350
-349
-348
-348
-347
-347
-347
-346
-343
-336
-332
-328
-327
-325
-320
-320
-319
-315
-314
-314
-313
-310
-308
-300
-296
-295
-293
-293
-293
-293
-293
-292
-291
-289
-289
-281
-280
-277
-273
-271
-271
-269
-264
-264
-261
-252
-251
-249
-249
-247
-246
-241
-239
-239
-238
-237
-235
-235
-233
-232
-231
-228
-225
-225
-223
-219
-218
-217
-211
-210
-208
-205
-199
-197
-194
-193
-188
-185
-183
-171
-166
-165
-164
-163
-163
-162
-161
-160
-157
-153
-150
-148
-147
-141
-140
-133
-125
-122
-120
-120
-119
-117
-116
-116
-113
-111
-111
-110
-108
-105
-103
-102
-101
-98
-93
-92
-88
-87
-86
-83
-80
-79
-79
-78
-63
-61
-60
-58
-57
-56
-54
-53
-52
-52
-51
-47
-47
-46
-43
-37
-33
-31
-30
-28
-27
-26
-24
-23
-23
-23
-22
-14
-14
-11
-10
-5
-3
-2
5
7
9
10
10
11
12
15
15
16
16
17
19
19
22
22
22
26
27
29
30
33
34
34
35
36
37
43
46
47
47
50
50
50
52
53
58
59
61
61
62
62
63
64
67
68
69
70
79
83
84
85
86
87
90
91
91
92
93
94
100
104
106
107
108
108
109
110
111
112
116
119
119
122
124
124
125
125
125
132
132
133
135
141
142
142
143
148
150
151
151
153
155
157
159
160
163
164
167
167
169
172
174
176
177
177
178
179
180
182
184
187
190
190
191
192
195
195
198
204
205
205
210
214
221
221
225
227
229
230
232
233
234
238
238
239
239
243
244
256
258
258
259
261
261
263
264
266
271
272
275
277
280
281
282
282
283
285
287
288
290
291
292
292
293
293
293
296
298
302
302
305
305
307
308
310
311
317
317
320
320
323
324
324
325
325
327
329
332
333
333
335
335
336
337
339
340
346
348
358
359
361
366
371
373
375
375
378
384
390
396
403
403
404
406
407
408
409
409
409
410
410
414
416
418
421
423
423
427
427
430
432
433
440
442
442
446
449
458
458
460
462
462
462
465
468
473
474
476
476
479
480
482
482
484
487
487
487
488
492
493
498
499
499
499
502
506
516
516
518
519
532
534
534
536
539
540
543
543
546
547
553
553
555
558
560
561
563
564
568
568
569
570
574
574
574
576
581
583
584
585
588
591
591
595
598
598
599
600
601
603
614
615
619
619
620
623
627
628
630
632
633
634
635
640
641
642
642
643
644
646
648
653
654
655
655
657
663
664
664
666
668
668
669
670
675
677
677
678
681
682
683
684
685
685
687
687
688
689
691
691
692
694
696
696
696
697
697
698
704
707
707
708
708
712
713
714
717
721
722
722
723
729
729
729
730
731
732
735
736
738
740
740
741
742
748
748
751
751
753
757
757
758
758
760
762
763
764
766
773
775
775
775
783
784
787
788
788
791
792
793
795
796
798
798
799
799
803
804
807
814
818
825
826
828
832
833
835
837
842
843
844
844
844
845
848
850
850
851
852
853
856
860
866
866
866
870
871
872
872
874
879
882
884
884
887
896
901
905
908
912
913
915
917
918
920
921
921
923
924
925
928
929
938
939
939
941
942
943
944
945
946
947
950
952
952
954
957
960
961
962
963
964
965
967
968
968
970
974
974
975
979
980
982
983
984
984
987
992
993
995
995
996
996