-998
-997
-995
-993
-990
-987
-985
-985
-977
-975
-971
-969
-969
-967
-962
-957
-955
-955
-952
-948
-945
-945
-941
-941
-941
-940
-937
-937
-935
-933
-933
-929
-927
-925
-925
-923
-923
-922
-921
-920
-915
-912
-910
-907
-907
-901
-900
-899
-898
-897
-893
-893
-892
-891
-891
-890
-889
-889
-888
-878
-878
-876
-875
-873
-873
-872
-871
-868
-858
-856
-855
-853
-842
-841
-838
-836
-834
-834
-832
-832
-831
-830
-830
-829
-828
-827
-825
-815
-812
-806
-805
-804
-803
-800
-796
-786
-781
-781
-780
-779
-777
-773
-772
-769
-768
-768
-766
-762
-757
-756
-756
-749
-748
-747
-746
-743
-741
-735
-733
-731
-730
-729
-727
-727
-727
-726
-722
-715
-715
-713
-711
-708
-707
-705
-705
-702
-696
-693
-693
-689
-689
-684
-684
-681
-677
-674
-670
-668
-667
-664
-663
-661
-661
-659
-658
-658
-654
-653
-651
-651
-650
-645
-645
-641
-638
-638
-637
-637
-634
-629
-627
-626
-624
-621
-619
-616
-614
-606
-604
-604
-601
-600
-599
-597
-588
-586
-586
-585
-585
-582
-578
-575
-575
-574
-573
-571
-571
-570
-567
-567
-566
-563
-562
-559
-550
-549
-544
-541
-540
-539
-536
-533
-524
-520
-518
-515
-515
-512
-510
-509
-508
-507
-503
-501
-494
-492
-490
-489
-489
-487
-485
-480
-480
-474
-472
-469
-468
-467
-464
-464
-463
-462
-461
-457
-457
-457
-456
-455
-454
-453
-453
-449
-449
-448
-448
-445
-444
-443
-443
-442
-442
-441
-439
-436
-434
-432
-430
-427
-423
-421
-420
-418
-417
-412
-412
-410
-408
-404
-401
-398
-394
-394
-393
-393
-391
-389
-389
-385
-379
-378
-377
-374
-372
-371
-370
-368
-364
-361
-360
-359
-356
-355
-355
-350
-344
-344
-342
-341
-339
-339
-337
-336
-335
-334
-333
-331
-330
-329
-328
-323
-323
-322
-320
-319
-317
-316
-314
-312
-308
-308
-305
-305
-304
-304
-301
-298
-297
-297
-295
-295
-294
-290
-287
-286
-286
-284
-282
-276
-276
-276
-274
-272
-270
-268
-267
-267
-267
-262
-260
-259
-257
-254
-248
-246
-246
-245
-244
-244
-243
-242
-239
-235
-229
-226
-224
-223
-223
-223
-222
-219
-218
-217
-217
-217
-214
-214
-214
-213
-209
-208
-207
-207
-200
-196
-196
-195
-193
-193
-192
-192
-192
-182
-180
-179
-178
-176
-176
-169
-166
-165
-165
-155
-150
-150
-145
-137
-136
-136
-134
-134
-134
-125
-123
-122
-122
-121
-118
-115
-114
-111
-109
-103
-99
-98
-98
-94
-88
-88
-88
-87
-84
-83
-83
-78
-77
-75
-74
-74
-74
-70
-64
-61
-58
-56
-55
-54
-53
-52
-51
-51
-50
-44
-38
-37
-35
-35
-35
-35
-31
-30
-29
-27
-25
-23
-22
-21
-19
-19
-18
-18
-17
-13
-9
-8
-7
-5
-4
-3
-2
2
3
3
4
7
8
13
15
17
25
26
27
29
29
32
36
36
37
38
38
39
42
43
45
45
46
52
52
54
54
56
58
61
63
65
65
69
71
74
75
77
81
82
82
87
90
92
92
99
101
104
105
105
106
106
109
109
110
110
112
112
115
117
119
120
136
137
137
143
145
149
151
151
153
154
155
156
158
158
159
161
162
162
164
165
167
171
173
177
179
179
184
185
185
186
188
192
193
193
194
195
195
196
197
207
209
211
212
213
214
216
221
221
221
225
225
225
225
230
232
234
236
244
248
250
250
252
254
258
260
260
261
265
268
269
273
273
274
275
276
276
280
282
284
284
286
286
286
287
289
289
290
293
294
295
299
301
301
303
304
305
306
310
310
312
313
314
316
316
318
320
323
326
330
332
332
332
340
341
352
355
356
358
359
360
362
363
368
368
369
369
373
375
377
377
378
378
378
380
383
385
389
391
394
394
395
406
408
409
410
410
413
413
414
415
415
417
418
422
426
426
428
429
433
435
438
439
441
444
445
445
445
446
447
450
451
456
457
458
459
463
466
474
475
475
477
479
481
481
482
484
493
499
504
506
510
512
512
516
517
517
518
520
525
526
527
533
542
543
546
549
549
556
557
558
559
559
560
561
561
566
566
568
577
580
581
583
586
588
590
594
595
596
603
604
605
605
607
607
607
610
612
612
614
618
618
619
625
633
634
637
643
643
644
646
652
652
652
652
656
658
659
660
662
664
665
668
671
674
675
677
682
682
684
685
686
687
688
689
689
690
691
694
696
699
700
701
703
705
705
707
713
715
717
717
720
721
721
726
731
733
733
734
735
736
740
743
747
751
753
754
760
762
763
763
770
770
772
772
772
775
775
776
778
783
787
788
789
791
792
793
794
796
797
799
800
801
802
802
802
804
807
808
808
809
809
809
810
810
815
815
817
826
827
828
829
830
830
832
832
834
834
838
840
845
849
850
850
851
853
855
855
857
861
862
863
863
865
868
871
872
872
873
873
876
877
880
882
882
886
887
889
890
890
893
895
895
897
901
906
911
911
913
914
916
919
919
921
921
921
922
923
926
926
929
933
937
937
944
944
947
956
956
956
958
959
962
962
962
964
964
964
965
968
970
972
976
978
979
980
981
981
982
983
985
988
991
991
993
993
999