-995
-995
-992
-990
-984
-979
-979
-975
-975
-971
-965
-964
-963
-963
-955
-954
-952
-952
-951
-951
-948
-947
-943
-943
-943
-942
-941
-939
-939
-938
-937
-936
-936
-935
-934
-933
-933
-931
-930
-920
-918
-918
-916
-914
-914
-914
-912
-912
-911
-907
-906
-906
-904
-901
-899
-899
-895
-895
-894
-893
-893
-890
-889
-887
-885
-885
-884
-883
-883
-881
-880
-878
-876
-875
-874
-873
-870
-868
-866
-866
-865
-865
-863
-863
-861
-860
-860
-859
-854
-851
-844
-841
-840
-836
-835
-835
-834
-832
-831
-830
-828
-828
-824
-823
-823
-821
-820
-819
-819
-815
-815
-813
-810
-808
-804
-804
-803
-800
-799
-795
-793
-793
-792
-791
-788
-787
-787
-777
-775
-774
-773
-773
-766
-766
-764
-763
-755
-755
-752
-751
-751
-751
-749
-747
-746
-744
-742
-741
-736
-734
-733
-732
-731
-730
-727
-724
-722
-721
-716
-715
-711
-707
-705
-703
-702
-702
-702
-701
-700
-699
-699
-694
-693
-692
-687
-685
-682
-675
-674
-668
-661
-660
-659
-659
-655
-649
-649
-647
-645
-645
-640
-632
-629
-628
-628
-625
-623
-616
-613
-611
-611
-610
-609
-608
-605
-604
-600
-599
-598
-598
-597
-596
-595
-594
-593
-592
-592
-589
-589
-586
-577
-573
-570
-568
-568
-565
-559
-558
-556
-552
-551
-548
-537
-534
-533
-532
-528
-524
-524
-524
-518
-518
-517
-517
-515
-513
-510
-508
-508
-507
-506
-503
-497
-488
-486
-485
-483
-482
-482
-480
-479
-478
-472
-470
-469
-467
-467
-466
-466
-463
-462
-462
-455
-452
-448
-447
-440
-439
-438
-434
-432
-432
-420
-418
-416
-413
-412
-412
-412
-411
-409
-408
-408
-405
-403
-403
-400
-399
-398
-395
-394
-387
-386
-384
-384
-384
-382
-380
-379
-377
-373
-373
-372
-371
-371
-369
-368
-367
-366
-361
-360
-359
-359
-358
-357
-353
-352
-351
-350
-349
-349
-344
-343
-343
-340
-334
-333
-332
-331
-330
-325
-323
-320
-320
-318
-315
-313
-312
-310
-306
-300
-297
-296
-293
-290
-289
-289
-287
-286
-285
-280
-280
-279
-277
-276
-275
-275
-272
-267
-266
-264
-260
-258
-257
-254
-254
-250
-249
-242
-237
-234
-232
-232
-231
-228
-227
-227
-222
-220
-219
-218
-218
-214
-214
-212
-210
-208
-205
-202
-201
-199
-199
-192
-191
-190
-188
-186
-185
-184
-184
-180
-180
-179
-179
-178
-176
-172
-170
-169
-169
-165
-164
-160
-157
-155
-154
-153
-152
-151
-151
-148
-148
-147
-143
-142
-140
-136
-135
-135
-132
-132
-131
-130
-126
-126
-125
-124
-124
-117
-114
-114
-113
-105
-101
-101
-99
-99
-98
-96
-95
-93
-89
-87
-85
-83
-81
-78
-78
-75
-70
-69
-67
-60
-60
-58
-55
-54
-52
-51
-47
-45
-42
-41
-41
-39
-39
-37
-35
-34
-33
-33
-30
-24
-21
-15
-9
-9
-7
-6
-4
-4
0
1
10
10
12
15
16
19
19
20
22
22
23
30
30
32
34
34
41
43
44
46
47
52
53
53
55
56
57
58
58
58
58
63
64
67
71
72
72
76
77
80
81
89
90
90
90
94
94
97
100
101
102
102
103
109
109
117
117
120
125
127
127
131
133
136
139
143
144
146
147
148
149
151
152
155
158
158
160
161
162
164
165
168
172
176
180
185
188
191
192
199
200
202
204
205
206
207
211
217
217
217
218
225
226
228
228
228
232
232
239
243
245
245
247
248
249
252
254
259
262
263
263
265
265
265
268
270
271
273
274
274
277
279
280
280
280
280
281
283
285
286
287
289
290
290
290
290
295
298
303
304
304
306
307
308
311
315
317
319
319
321
321
326
330
335
336
336
336
337
337
339
342
343
346
347
349
349
349
350
350
358
360
360
374
377
379
379
380
380
381
388
388
389
397
402
404
410
411
411
412
413
415
415
415
415
416
418
418
420
425
429
432
433
434
435
437
439
439
439
440
447
448
450
451
454
455
455
458
459
462
462
469
469
471
472
475
477
479
481
483
484
485
488
491
494
496
497
500
501
501
503
505
506
508
509
510
510
511
512
513
514
516
518
521
524
527
529
531
532
535
538
538
543
543
544
551
552
553
554
554
556
558
559
560
563
564
570
575
576
585
585
590
592
598
598
598
599
600
600
604
605
611
617
617
619
623
624
626
628
628
628
629
630
631
633
635
635
636
637
638
639
639
648
648
649
650
657
659
660
664
665
665
666
673
675
677
678
678
679
682
687
690
692
692
693
696
696
697
698
699
701
705
708
708
717
721
722
722
723
724
725
725
729
734
735
738
740
741
744
745
746
748
752
753
754
755
757
758
759
759
760
764
765
767
768
769
769
771
776
779
779
779
780
781
782
782
783
783
791
792
793
796
797
800
801
802
802
813
818
819
819
821
821
824
827
828
836
838
838
844
846
851
855
859
859
861
861
862
862
862
864
866
867
870
871
874
874
875
876
876
878
878
879
881
881
884
885
886
890
890
895
895
897
902
902
903
904
904
906
909
912
913
914
915
916
916
917
919
921
925
925
925
928
932
935
937
938
941
944
955
956
959
962
962
963
963
965
973
982
982
986
987
989
990
990
992
998
1000