-999
-999
-998
-995
-986
-985
-983
-983
-982
-981
-980
-976
-976
-973
-972
-966
-966
-960
-959
-959
-957
-953
-952
-952
-948
-948
-944
-940
-940
-940
-939
-939
-939
-937
-937
-936
-936
-935
-932
-931
-928
-926
-925
-923
-922
-919
-917
-917
-916
-907
-903
-902
-900
-899
-892
-892
-887
-882
-879
-876
-874
-872
-868
-867
-864
-862
-861
-860
-857
-856
-855
-851
-850
-849
-849
-847
-846
-845
-844
-841
-840
-840
-840
-838
-835
-832
-831
-829
-829
-828
-827
-826
-826
-824
-822
-819
-819
-813
-811
-810
-806
-805
-805
-801
-799
-798
-793
-790
-790
-789
-787
-787
-785
-784
-775
-772
-771
-770
-769
-765
-761
-761
-757
-756
-754
-753
-752
-751
-748
-744
-742
-741
-740
-739
-739
-739
-734
-732
-732
-731
-727
-727
-727
-726
-726
-723
-721
-716
-714
-711
-709
-707
-705
-702
-700
-694
-692
-691
-690
-688
-685
-685
-683
-682
-682
-680
-678
-678
-677
-676
-676
-674
-674
-671
-670
-668
-668
-667
-665
-664
-662
-662
-661
-657
-657
-656
-647
-644
-640
-638
-636
-634
-633
-633
-630
-628
-628
-623
-618
-613
-612
-609
-608
-607
-607
-605
-602
-598
-596
-595
-595
-594
-593
-591
-587
-585
-585
-583
-577
-573
-570
-565
-563
-561
-561
-555
-554
-553
-551
-548
-546
-544
-544
-542
-541
-541
-539
-538
-536
-534
-530
-529
-527
-525
-522
-522
-522
-518
-515
-514
-513
-510
-509
-504
-499
-496
-490
-488
-488
-486
-486
-486
-485
-484
-483
-481
-480
-478
-477
-475
-474
-473
-472
-469
-468
-467
-466
-465
-465
-464
-462
-458
-455
-455
-453
-452
-452
-451
-451
-449
-448
-448
-448
-447
-447
-446
-445
-445
-441
-437
-435
-434
-429
-429
-428
-428
-424
-424
-424
-420
-417
-416
-415
-414
-413
-412
-406
-404
-404
-403
-403
-402
-401
-400
-399
-395
-394
-392
-391
-387
-384
-384
-382
-381
-379
-378
-377
-373
-369
-362
-359
-354
-353
-350
-350
-349
-345
-339
-339
-334
-334
-333
-331
-329
-328
-327
-324
-323
-321
-315
-315
-315
-314
-314
-313
-311
-301
-293
-293
-292
-291
-287
-285
-284
-282
-281
-278
-278
-269
-269
-265
-264
-262
-259
-256
-253
-250
-245
-238
-237
-234
-233
-231
-228
-228
-225
-224
-222
-222
-222
-222
-221
-215
-214
-214
-213
-211
-209
-207
-203
-200
-200
-200
-198
-197
-194
-189
-189
-186
-185
-185
-178
-178
-178
-169
-168
-167
-164
-163
-160
-160
-158
-155
-155
-151
-151
-149
-149
-148
-148
-147
-147
-144
-142
-141
-138
-137
-135
-129
-129
-127
-126
-124
-124
-121
-119
-117
-114
-114
-110
-110
-110
-104
-102
-100
-98
-95
-94
-93
-92
-89
-86
-78
-78
-74
-71
-66
-61
-60
-58
-58
-58
-51
-49
-49
-47
-43
-42
-39
-39
-36
-32
-31
-29
-26
-24
-24
-23
-20
-19
-17
-15
-11
-9
-8
-8
-8
-7
-7
-4
-4
-4
0
3
4
4
12
12
15
15
18
22
24
30
31
33
37
38
38
42
43
43
45
46
50
50
51
52
52
53
59
60
60
61
69
70
72
75
77
78
78
80
81
81
82
83
83
84
86
90
95
97
98
99
102
104
106
107
110
110
110
110
114
116
121
121
122
122
123
123
124
125
129
130
133
136
137
138
139
144
147
148
148
151
155
160
161
162
163
167
167
169
173
173
178
179
193
199
200
200
200
200
206
210
211
215
217
217
220
221
222
222
223
223
226
226
228
228
228
231
234
235
236
239
240
245
248
248
251
252
253
255
260
261
263
264
265
267
268
270
270
271
274
276
276
276
277
278
280
280
283
283
284
286
289
290
291
295
297
299
304
306
307
310
314
315
316
319
329
331
332
333
334
335
339
343
348
348
350
351
352
354
355
357
359
359
360
366
366
368
368
371
373
377
384
387
388
388
395
396
397
398
398
399
400
400
402
405
406
413
415
415
415
416
417
419
419
421
421
427
427
433
436
436
438
442
443
443
444
445
449
451
451
452
455
457
457
460
463
470
470
472
474
478
479
482
483
486
490
493
495
495
497
499
503
504
506
509
511
512
513
515
515
516
525
525
528
531
532
533
534
534
536
536
536
538
539
540
554
556
558
559
559
559
568
574
575
576
576
581
583
583
584
589
593
593
593
595
597
599
602
608
610
611
612
613
613
618
623
625
626
629
631
631
642
644
645
648
649
651
653
653
653
658
665
670
670
671
678
680
682
685
687
689
689
690
698
698
699
702
705
705
705
708
709
710
710
711
712
721
723
724
724
725
726
726
728
730
730
730
732
733
735
736
737
737
738
738
738
739
744
748
757
760
767
769
769
771
771
773
775
779
779
782
785
787
788
789
790
796
797
799
803
803
803
807
807
808
808
809
813
815
817
818
818
819
819
823
823
824
826
830
833
836
838
840
841
842
842
845
847
849
852
854
855
858
865
866
869
872
873
873
875
877
878
879
884
884
884
891
891
896
896
897
906
907
908
909
911
912
913
913
916
917
919
921
922
926
928
931
933
934
935
937
938
939
941
943
946
950
953
955
956
961
969
975
976
976
977
977
978
979
980
982
984
984
987
990
998
999