-1000
-997
-995
-995
-990
-990
-990
-988
-987
-987
-985
-985
-984
-983
-981
-981
-981
-979
-978
-977
-975
-975
-973
-971
-970
-970
-970
-968
-966
-966
-966
-963
-963
-962
-957
-957
-957
-957
-955
-952
-951
-951
-948
-946
-945
-942
-941
-936
-935
-926
-925
-919
-919
-917
-913
-909
-907
-907
-907
-905
-905
-902
-901
-901
-901
-899
-897
-896
-894
-891
-890
-886
-886
-884
-879
-879
-875
-875
-873
-873
-869
-868
-866
-864
-860
-860
-858
-857
-856
-854
-853
-847
-845
-845
-844
-841
-838
-838
-837
-837
-835
-834
-831
-830
-829
-828
-825
-821
-820
-819
-819
-817
-816
-815
-804
-803
-800
-799
-799
-796
-794
-793
-792
-792
-792
-791
-789
-789
-788
-785
-782
-780
-777
-771
-770
-767
-767
-766
-753
-750
-745
-741
-740
-738
-737
-736
-734
-734
-732
-731
-730
-727
-720
-720
-719
-715
-713
-712
-712
-709
-709
-708
-707
-705
-704
-702
-700
-700
-698
-697
-693
-690
-685
-683
-680
-680
-679
-679
-679
-676
-676
-675
-675
-672
-671
-668
-667
-666
-666
-666
-664
-660
-656
-651
-651
-649
-648
-647
-647
-645
-645
-643
-642
-637
-637
-636
-636
-635
-634
-634
-632
-629
-626
-626
-618
-617
-616
-615
-607
-603
-602
-602
-600
-598
-598
-598
-597
-591
-591
-590
-588
-583
-583
-578
-577
-573
-569
-568
-566
-566
-565
-563
-560
-560
-560
-555
-554
-553
-553
-552
-552
-552
-549
-544
-537
-536
-535
-534
-533
-533
-526
-526
-525
-524
-522
-519
-518
-512
-509
-508
-505
-504
-503
-500
-498
-498
-498
-497
-491
-490
-486
-485
-485
-484
-483
-482
-482
-481
-480
-480
-479
-478
-478
-474
-474
-470
-467
-466
-466
-466
-462
-461
-461
-455
-451
-450
-449
-446
-444
-441
-437
-434
-434
-431
-431
-426
-426
-424
-424
-423
-423
-422
-422
-414
-411
-410
-408
-407
-406
-405
-402
-392
-388
-386
-386
-385
-383
-382
-379
-379
-377
-376
-374
-372
-371
-365
-363
-362
-361
-356
-354
-352
-351
-351
-349
-343
-341
-340
-339
-339
-338
-337
-336
-335
-334
-331
-328
-327
-324
-323
-320
-320
-319
-318
-318
-316
-314
-314
-310
-308
-307
-306
-303
-303
-300
-299
-299
-294
-292
-290
-286
-285
-283
-282
-281
-281
-278
-274
-270
-270
-269
-268
-266
-266
-266
-266
-261
-259
-259
-254
-253
-250
-246
-246
-245
-243
-242
-242
-234
-227
-227
-223
-220
-219
-217
-210
-205
-203
-199
-198
-194
-194
-194
-190
-188
-186
-185
-184
-183
-183
-181
-181
-175
-174
-171
-164
-164
-162
-161
-158
-158
-157
-157
-157
-156
-156
-155
-155
-154
-146
-145
-138
-136
-135
-134
-132
-131
-130
-119
-118
-117
-115
-114
-113
-110
-110
-105
-105
-96
-93
-86
-85
-78
-71
-70
-68
-67
-65
-62
-61
-60
-59
-55
-50
-48
-47
-46
-44
-44
-41
-40
-39
-38
-35
-35
-28
-27
-27
-26
-26
-25
-25
-22
-19
-15
-13
-11
-11
-10
-9
-7
-3
-2
5
5
7
8
9
12
12
15
15
19
22
24
25
25
25
26
29
30
32
35
39
39
42
43
45
45
51
53
53
55
58
58
61
63
65
68
68
69
70
71
76
88
90
90
91
93
95
95
97
98
99
101
101
102
102
103
105
109
110
110
118
119
120
124
125
129
129
131
134
134
136
138
139
141
141
148
148
150
151
152
153
154
155
160
168
171
174
175
179
181
182
183
184
187
187
188
191
191
194
202
205
207
208
211
215
217
217
218
222
223
224
224
225
226
227
229
234
240
242
244
250
251
253
256
258
259
260
261
267
268
269
270
270
272
279
286
290
292
292
293
294
294
299
300
302
302
303
303
308
308
310
312
314
316
318
325
327
328
330
337
338
338
340
341
342
344
348
348
355
357
357
359
361
363
365
366
368
369
377
384
386
392
393
395
398
402
406
409
411
413
415
416
417
418
427
427
429
430
434
440
443
446
448
449
450
453
454
457
458
460
466
466
470
471
472
472
478
481
489
491
492
495
495
500
500
501
502
504
505
510
511
511
514
514
515
515
516
519
520
521
522
526
529
533
533
535
536
537
538
538
539
550
552
553
553
557
558
560
560
564
565
565
567
568
571
571
573
575
577
590
596
597
598
598
600
602
609
609
610
612
615
617
618
618
623
624
626
629
632
635
636
638
643
643
643
643
644
645
648
650
650
657
657
659
663
663
664
666
666
666
671
673
674
677
678
682
684
684
685
688
691
691
692
693
696
697
697
697
697
701
702
711
711
715
717
719
719
719
724
726
727
729
729
731
732
733
734
734
735
737
743
746
751
754
758
758
758
759
761
761
770
770
773
774
782
786
790
792
793
793
797
800
801
807
810
812
812
813
814
815
816
817
821
827
829
829
829
832
833
834
834
836
836
841
842
844
844
846
846
847
847
853
858
861
861
861
864
867
867
868
869
870
870
874
874
877
878
880
885
886
886
888
888
891
892
898
899
901
904
906
907
910
912
913
916
916
916
925
926
926
931
932
933
933
937
938
942
947
949
960
960
962
962
964
966
966
968
975
975
978
979
979
979
980
981
984
986
987
988
988
988
988
989
989
990
994
1000