-996
-995
-995
-990
-988
-987
-987
-987
-984
-980
-979
-978
-978
-977
-975
-975
-972
-964
-964
-960
-959
-958
-957
-956
-954
-942
-939
-934
-929
-921
-914
-911
-909
-909
-906
-906
-904
-904
-904
-904
-901
-900
-899
-899
-898
-895
-894
-894
-886
-882
-877
-877
-873
-873
-870
-868
-866
-866
-865
-865
-864
-862
-862
-852
-850
-848
-847
-845
-843
-840
-838
-836
-835
-835
-833
-833
-826
-825
-822
-821
-821
-820
-818
-816
-814
-813
-813
-813
-809
-807
-807
-805
-802
-798
-795
-794
-791
-791
-791
-786
-786
-778
-775
-774
-773
-772
-771
-770
-770
-763
-763
-760
-758
-757
-755
-754
-751
-750
-749
-746
-746
-735
-732
-731
-731
-730
-730
-729
-725
-714
-712
-712
-711
-711
-711
-710
-710
-708
-706
-705
-703
-703
-703
-701
-693
-692
-691
-691
-691
-688
-687
-684
-681
-679
-675
-675
-674
-674
-673
-671
-668
-667
-667
-665
-664
-662
-661
-660
-657
-656
-650
-649
-648
-647
-644
-643
-642
-636
-632
-627
-626
-618
-616
-612
-610
-606
-603
-602
-602
-600
-599
-599
-599
-596
-596
-595
-593
-593
-592
-589
-588
-587
-586
-585
-582
-582
-581
-578
-578
-578
-578
-575
-571
-571
-570
-569
-568
-567
-562
-556
-555
-552
-551
-550
-550
-549
-546
-544
-542
-542
-537
-535
-534
-526
-526
-525
-524
-524
-523
-521
-520
-518
-516
-514
-513
-511
-511
-510
-508
-508
-507
-506
-503
-500
-499
-492
-492
-489
-489
-487
-483
-483
-481
-481
-480
-480
-476
-474
-470
-468
-467
-466
-466
-464
-464
-461
-461
-454
-454
-452
-452
-451
-450
-448
-442
-442
-442
-440
-437
-433
-431
-427
-422
-422
-422
-421
-412
-411
-410
-409
-408
-408
-407
-406
-402
-402
-400
-396
-394
-393
-391
-387
-383
-382
-380
-380
-369
-368
-367
-364
-364
-364
-364
-360
-356
-348
-347
-345
-341
-339
-337
-332
-331
-328
-328
-323
-318
-318
-318
-313
-312
-311
-310
-310
-306
-305
-305
-305
-303
-303
-302
-302
-302
-300
-299
-297
-296
-295
-289
-288
-285
-284
-284
-279
-279
-278
-274
-273
-271
-271
-270
-270
-270
-266
-263
-263
-263
-262
-262
-260
-259
-259
-255
-255
-251
-242
-242
-241
-236
-236
-233
-223
-222
-221
-219
-218
-218
-214
-212
-211
-207
-204
-204
-200
-197
-193
-192
-191
-188
-185
-184
-184
-180
-179
-179
-178
-177
-177
-175
-174
-172
-172
-172
-171
-170
-170
-169
-167
-167
-165
-162
-162
-161
-161
-157
-153
-152
-147
-146
-143
-142
-139
-139
-138
-138
-134
-131
-127
-127
-126
-120
-116
-115
-114
-114
-111
-107
-105
-103
-103
-103
-102
-101
-101
-98
-96
-90
-89
-88
-88
-85
-84
-82
-81
-79
-79
-79
-77
-71
-70
-65
-63
-58
-53
-50
-48
-47
-47
-46
-39
-35
-34
-31
-28
-15
-13
-12
-6
10
13
13
14
14
16
20
22
29
30
35
36
37
39
42
48
52
54
54
55
62
62
66
66
67
68
71
72
73
73
77
81
81
84
86
87
87
88
89
90
90
92
92
93
94
95
97
103
107
107
110
111
114
115
116
120
120
120
123
125
129
130
131
132
133
136
137
137
138
142
146
148
149
150
152
153
158
158
163
166
167
168
169
171
171
171
174
175
177
179
179
179
179
180
181
184
189
191
194
194
195
197
198
206
207
209
210
212
213
216
218
218
219
220
225
228
235
238
238
239
240
240
242
242
244
246
250
250
251
257
260
261
262
262
264
264
267
269
269
272
272
276
278
281
283
284
285
290
293
297
298
300
301
304
304
305
311
313
314
315
317
322
323
323
324
326
328
329
331
333
334
334
336
337
343
345
345
345
349
351
351
352
354
355
356
359
361
362
363
364
366
366
369
372
373
373
375
375
376
379
380
381
382
385
386
389
390
392
394
395
396
398
402
408
409
410
412
414
415
422
422
422
426
428
429
431
432
433
433
434
435
437
439
445
445
450
452
452
453
453
456
460
462
462
463
465
467
469
479
480
485
485
485
485
488
489
490
491
492
496
496
499
500
500
501
504
507
507
510
513
517
522
524
527
528
532
533
538
539
541
544
555
556
558
561
562
562
563
563
563
563
563
564
566
568
571
574
575
576
579
581
583
586
587
593
593
594
594
597
598
598
601
604
605
612
613
620
625
626
631
633
640
641
643
643
646
648
648
652
652
654
655
655
655
655
656
657
658
659
664
665
665
665
670
671
671
672
673
674
676
676
677
683
684
685
688
692
694
694
695
696
698
700
701
701
703
706
707
707
707
708
710
711
716
719
721
723
725
725
727
729
731
731
732
732
735
739
741
748
750
753
759
761
761
764
765
766
767
772
773
774
774
775
775
775
776
778
779
780
784
785
798
801
803
804
808
812
812
815
816
816
817
819
819
819
820
823
824
825
827
829
834
835
836
836
839
840
843
844
846
848
851
851
852
852
862
863
863
864
865
866
868
869
871
871
875
879
882
884
886
887
888
889
893
895
897
899
903
905
906
908
911
918
919
924
924
925
925
926
929
933
933
934
938
940
944
947
949
951
953
960
966
967
973
973
974
980
985
986
986
996
1000