-1000
-999
-998
-997
-996
-994
-993
-991
-990
-987
-987
-983
-983
-982
-981
-981
-981
-980
-979
-978
-978
-978
-977
-976
-970
-970
-969
-968
-964
-963
-960
-960
-956
-952
-945
-945
-945
-940
-939
-939
-939
-938
-938
-936
-934
-933
-932
-932
-930
-927
-926
-926
-926
-925
-918
-915
-912
-909
-907
-906
-906
-904
-903
-903
-900
-900
-897
-896
-896
-894
-893
-891
-891
-890
-888
-887
-884
-879
-877
-877
-876
-874
-873
-867
-859
-859
-859
-855
-855
-853
-853
-851
-844
-843
-842
-840
-839
-832
-828
-828
-824
-820
-819
-814
-814
-812
-811
-806
-805
-802
-801
-799
-799
-798
-795
-792
-790
-790
-789
-788
-788
-786
-785
-779
-778
-776
-775
-773
-768
-768
-763
-763
-761
-760
-759
-756
-755
-755
-753
-753
-752
-751
-750
-748
-747
-744
-738
-738
-737
-736
-733
-729
-723
-718
-717
-712
-710
-707
-705
-704
-702
-701
-699
-698
-698
-696
-694
-694
-693
-693
-686
-684
-683
-682
-680
-676
-674
-671
-670
-670
-668
-666
-664
-663
-657
-656
-655
-655
-654
-653
-652
-651
-638
-635
-635
-628
-622
-621
-621
-621
-614
-609
-609
-608
-598
-594
-593
-591
-586
-582
-582
-581
-580
-579
-578
-575
-573
-573
-573
-569
-568
-567
-567
-562
-561
-560
-559
-557
-556
-555
-554
-550
-549
-545
-545
-544
-541
-539
-539
-539
-538
-528
-521
-521
-520
-520
-516
-516
-515
-515
-515
-513
-513
-512
-511
-509
-508
-504
-503
-501
-499
-497
-496
-495
-493
-491
-491
-489
-486
-484
-483
-482
-479
-475
-474
-471
-471
-465
-463
-461
-460
-455
-454
-454
-449
-435
-429
-428
-428
-424
-420
-419
-419
-416
-415
-415
-414
-414
-410
-410
-408
-405
-403
-403
-401
-400
-398
-397
-394
-392
-391
-389
-388
-388
-388
-387
-387
-385
-384
-382
-379
-379
-378
-377
-360
-356
-356
-346
-344
-342
-340
-340
-335
-330
-328
-327
-327
-326
-323
-321
-320
-319
-315
-315
-311
-311
-309
-308
-308
-306
-305
-301
-296
-294
-293
-292
-290
-288
-286
-281
-278
-277
-275
-271
-270
-269
-267
-264
-264
-260
-258
-258
-257
-256
-254
-253
-251
-249
-247
-244
-242
-240
-240
-239
-236
-236
-234
-230
-229
-227
-225
-220
-218
-218
-216
-211
-210
-209
-209
-207
-204
-200
-200
-199
-198
-197
-192
-190
-188
-188
-186
-186
-184
-184
-181
-177
-176
-175
-174
-174
-168
-167
-165
-165
-164
-163
-156
-156
-154
-154
-153
-150
-144
-144
-142
-140
-140
-138
-136
-134
-127
-126
-124
-120
-119
-115
-114
-111
-111
-111
-108
-108
-106
-106
-105
-105
-105
-102
-102
-101
-100
-98
-94
-93
-93
-90
-87
-87
-86
-86
-84
-83
-82
-80
-79
-76
-75
-74
-73
-69
-68
-68
-66
-64
-60
-60
-59
-59
-58
-57
-57
-56
-55
-45
-45
-45
-44
-43
-40
-32
-31
-29
-27
-26
-24
-20
-20
-17
-11
-6
-5
-1
-1
1
2
5
6
7
8
8
11
11
12
16
17
18
18
23
23
25
29
29
31
40
41
41
44
45
45
47
49
50
51
54
54
55
60
60
61
62
63
66
68
70
71
74
77
77
82
84
87
89
89
95
97
99
100
104
104
105
109
110
117
119
120
123
124
124
125
129
129
130
132
137
140
148
149
150
153
154
155
157
160
168
183
186
186
188
188
189
191
195
196
196
200
200
202
203
205
207
208
209
213
213
222
224
225
229
230
231
235
242
243
248
248
249
251
252
254
254
255
256
257
257
259
263
267
267
269
270
272
275
277
278
281
283
284
286
286
287
288
289
291
292
293
294
296
296
296
296
298
299
300
300
306
310
310
311
314
316
316
317
319
319
320
322
324
328
329
330
332
333
333
336
336
338
338
339
340
342
342
345
347
349
351
354
356
361
361
366
369
369
377
378
379
379
383
385
386
386
396
399
404
404
405
408
408
408
408
408
408
410
413
415
415
416
419
420
421
421
423
423
424
425
427
431
434
434
440
442
445
446
449
451
455
456
462
464
465
466
467
471
473
480
482
483
485
486
487
489
491
491
491
492
496
497
498
501
502
506
508
509
510
510
511
512
513
513
514
519
519
520
523
526
531
535
541
542
543
544
547
550
554
554
555
558
559
559
562
567
570
576
577
578
578
579
579
581
583
584
584
584
587
587
590
592
594
599
599
601
602
603
605
606
606
607
608
609
610
615
619
620
623
625
627
628
631
638
639
641
643
644
646
646
647
647
648
648
649
650
650
650
655
660
661
665
674
675
679
683
685
689
690
691
693
698
699
707
708
710
711
711
714
717
718
718
722
723
723
734
735
738
739
741
748
751
752
755
761
761
762
765
765
766
766
770
771
772
773
777
778
783
783
785
785
791
795
796
799
801
802
806
810
812
816
826
828
828
833
834
837
837
838
839
845
847
849
849
859
859
864
864
867
869
869
869
871
871
873
873
880
880
880
885
887
891
891
895
895
897
898
899
899
900
900
900
901
907
912
913
916
916
916
918
919
920
922
925
930
931
932
933
937
937
938
939
939
944
948
957
958
958
959
959
960
966
973
980
981
982
983
983
984
986
986
991
994
995
996
997