-998
-998
-997
-996
-996
-995
-992
-977
-976
-973
-972
-971
-968
-966
-963
-962
-959
-958
-950
-948
-948
-947
-947
-946
-946
-942
-942
-938
-934
-930
-928
-928
-926
-921
-921
-921
-918
-917
-915
-912
-910
-907
-906
-899
-897
-897
-894
-891
-889
-888
-886
-884
-884
-879
-878
-877
-876
-875
-875
-868
-868
-865
-864
-862
-862
-858
-857
-855
-854
-850
-849
-848
-848
-843
-838
-836
-834
-831
-830
-830
-829
-829
-827
-827
-825
-825
-824
-822
-820
-814
-813
-805
-804
-803
-801
-799
-796
-796
-795
-795
-794
-789
-785
-783
-781
-776
-772
-771
-771
-770
-769
-769
-767
-766
-761
-758
-756
-755
-755
-755
-753
-750
-748
-744
-744
-743
-742
-741
-739
-737
-734
-733
-729
-724
-716
-714
-713
-712
-711
-711
-709
-706
-704
-702
-695
-693
-693
-692
-692
-689
-688
-688
-687
-686
-681
-678
-675
-674
-672
-669
-669
-667
-664
-664
-662
-661
-660
-657
-655
-653
-650
-649
-649
-647
-647
-646
-646
-645
-644
-643
-642
-640
-638
-635
-634
-633
-632
-625
-625
-624
-620
-618
-609
-609
-606
-602
-601
-597
-594
-594
-594
-592
-588
-578
-576
-575
-573
-570
-569
-568
-566
-564
-561
-558
-555
-552
-551
-549
-549
-547
-546
-545
-543
-538
-538
-529
-525
-524
-523
-523
-520
-518
-515
-511
-510
-509
-509
-499
-499
-497
-497
-494
-490
-489
-486
-486
-480
-475
-473
-472
-467
-458
-458
-457
-457
-456
-454
-452
-448
-445
-445
-444
-441
-441
-440
-437
-432
-432
-431
-430
-427
-426
-423
-420
-418
-417
-417
-415
-411
-411
-411
-408
-407
-402
-402
-397
-396
-396
-390
-389
-386
-384
-384
-382
-381
-374
-373
-371
-371
-371
-371
-368
-367
-366
-365
-365
-362
-360
-357
-353
-352
-351
-350
-350
-346
-346
-344
-344
-336
-335
-334
-327
-326
-325
-324
-315
-314
-312
-310
-309
-305
-305
-305
-303
-303
-299
-299
-297
-297
-295
-291
-290
-289
-286
-283
-283
-282
-279
-279
-278
-273
-273
-273
-271
-270
-265
-265
-263
-259
-259
-253
-250
-247
-246
-245
-245
-242
-241
-240
-236
-234
-231
-229
-228
-227
-225
-222
-222
-219
-218
-216
-212
-212
-211
-211
-208
-207
-206
-201
-197
-191
-190
-189
-187
-187
-186
-185
-175
-169
-166
-164
-164
-163
-160
-160
-157
-157
-155
-154
-154
-153
-150
-146
-141
-141
-140
-139
-139
-136
-136
-134
-129
-125
-123
-117
-117
-114
-104
-104
-102
-100
-97
-93
-91
-90
-87
-86
-85
-85
-72
-71
-69
-68
-67
-65
-63
-63
-60
-59
-59
-57
-57
-54
-53
-52
-50
-49
-49
-48
-48
-47
-46
-46
-40
-36
-35
-33
-33
-32
-31
-31
-30
-29
-26
-25
-23
-23
-22
-21
-19
-16
-9
-4
-4
-2
-1
4
5
6
6
14
16
18
21
21
21
27
28
31
31
31
32
33
34
35
37
38
41
41
43
45
45
47
52
52
56
56
57
57
57
60
60
66
67
67
68
70
72
73
75
76
76
80
80
84
87
88
88
93
95
96
97
101
104
107
109
112
112
114
120
122
125
125
125
128
129
134
134
139
139
140
140
142
142
143
143
143
145
145
148
149
151
151
152
154
156
156
156
157
159
160
161
165
166
166
168
170
170
171
175
177
178
179
179
182
183
185
188
189
189
190
191
194
197
198
199
202
202
203
204
208
209
210
210
212
216
219
221
221
224
225
228
236
242
245
245
248
249
251
255
256
257
268
270
271
275
278
286
288
288
289
291
292
293
296
299
301
309
313
318
318
322
323
324
325
325
328
332
334
335
338
340
340
348
353
353
354
354
355
356
359
361
362
365
366
367
369
370
371
373
373
374
380
381
385
385
385
386
387
388
389
395
396
398
401
401
403
406
408
408
408
409
410
412
412
414
415
416
419
421
421
425
425
427
428
433
434
437
446
448
449
449
458
460
460
464
465
466
466
467
469
470
472
473
474
474
479
480
486
487
487
490
491
493
493
493
494
497
498
501
502
508
508
509
511
511
517
519
521
523
523
528
528
529
530
531
532
533
535
537
537
540
543
548
549
550
550
552
552
555
557
558
560
560
567
571
572
575
578
578
580
580
580
583
584
587
589
590
592
593
594
599
600
600
603
604
605
606
607
610
614
618
620
621
622
624
626
629
635
636
638
640
640
640
641
643
646
646
649
649
650
651
656
657
660
663
664
672
673
673
673
674
678
678
685
688
691
696
697
698
699
702
703
704
704
709
709
719
720
720
720
721
723
726
727
732
733
734
735
739
740
740
743
746
747
748
751
754
756
757
757
758
759
759
759
761
761
761
762
762
764
765
766
769
772
774
784
784
785
785
786
786
786
789
789
797
800
804
806
808
811
813
814
821
821
823
825
825
827
828
830
830
832
835
838
840
842
844
845
847
850
852
858
858
859
860
861
870
872
874
876
877
880
881
885
886
890
891
891
892
893
898
900
904
907
910
911
911
916
916
919
922
922
922
924
925
927
931
931
932
932
933
938
941
946
947
948
948
949
952
953
955
960
961
961
963
968
969
972
972
974
982
984
984
986
988
989
990
990
999