-999
-998
-996
-996
-991
-989
-988
-987
-984
-981
-980
-980
-973
-972
-966
-963
-963
-962
-961
-961
-957
-956
-952
-951
-950
-949
-948
-946
-940
-940
-935
-935
-935
-935
-933
-933
-931
-930
-929
-922
-920
-920
-918
-915
-912
-911
-909
-902
-899
-896
-894
-894
-892
-889
-889
-887
-886
-886
-883
-881
-881
-880
-879
-878
-873
-873
-872
-870
-865
-862
-860
-859
-859
-857
-856
-856
-854
-852
-850
-848
-846
-845
-845
-844
-840
-835
-834
-834
-832
-829
-829
-828
-821
-817
-817
-817
-816
-816
-812
-812
-811
-802
-798
-798
-792
-788
-788
-787
-784
-784
-780
-779
-773
-772
-768
-764
-761
-761
-760
-760
-759
-754
-752
-751
-748
-746
-744
-741
-739
-737
-735
-734
-733
-731
-730
-730
-729
-727
-727
-726
-724
-721
-720
-719
-718
-716
-715
-711
-708
-706
-705
-703
-699
-697
-693
-692
-691
-691
-688
-687
-685
-682
-681
-679
-678
-677
-676
-670
-664
-664
-662
-660
-658
-658
-657
-657
-654
-654
-653
-646
-646
-643
-639
-639
-638
-635
-635
-629
-629
-623
-622
-619
-619
-618
-614
-614
-610
-605
-604
-602
-601
-599
-599
-594
-594
-591
-590
-589
-589
-588
-578
-577
-577
-576
-567
-566
-564
-563
-561
-560
-560
-556
-555
-552
-548
-548
-538
-538
-533
-532
-532
-531
-531
-530
-526
-525
-524
-524
-524
-520
-519
-515
-510
-509
-505
-504
-502
-500
-498
-496
-494
-490
-482
-479
-479
-478
-477
-476
-468
-465
-465
-464
-461
-460
-460
-460
-455
-451
-448
-444
-440
-438
-437
-437
-432
-429
-429
-428
-427
-423
-420
-416
-416
-412
-411
-410
-410
-409
-405
-404
-401
-398
-398
-391
-390
-387
-386
-378
-376
-376
-375
-375
-373
-373
-371
-371
-366
-361
-359
-358
-358
-355
-353
-353
-351
-347
-346
-346
-343
-341
-341
-339
-332
-329
-329
-328
-327
-326
-321
-319
-319
-316
-315
-314
-309
-309
-304
-302
-302
-301
-298
-296
-294
-287
-287
-284
-282
-276
-275
-271
-271
-268
-267
-265
-264
-263
-263
-261
-259
-254
-252
-251
-249
-249
-246
-244
-244
-240
-233
-231
-230
-230
-224
-224
-223
-222
-221
-218
-217
-217
-216
-213
-211
-210
-207
-204
-203
-200
-198
-197
-196
-196
-195
-186
-183
-182
-177
-177
-176
-171
-167
-167
-166
-165
-165
-161
-159
-158
-158
-155
-151
-150
-149
-147
-147
-144
-144
-140
-138
-136
-134
-129
-129
-127
-127
-126
-123
-116
-115
-108
-108
-107
-106
-97
-96
-94
-92
-83
-82
-80
-76
-75
-70
-69
-66
-65
-64
-59
-58
-56
-53
-52
-50
-47
-46
-40
-39
-39
-35
-35
-34
-34
-32
-30
-29
-27
-26
-26
-17
-15
-12
-12
-11
-10
-10
-7
-5
-3
-2
-1
0
6
10
13
13
17
20
21
22
22
23
24
25
25
28
30
31
33
34
34
37
37
39
39
40
44
45
45
46
47
48
48
49
51
52
66
69
70
71
73
73
74
76
79
83
84
85
85
93
97
98
98
99
99
101
102
103
103
105
110
115
117
118
118
119
119
121
121
122
123
126
127
127
128
128
129
131
137
138
139
143
147
150
152
153
154
155
155
157
157
158
158
158
161
162
163
166
167
167
167
169
169
172
176
180
183
186
186
189
191
194
195
200
201
202
204
204
206
207
214
214
214
219
222
223
224
225
228
232
233
236
238
238
239
239
240
242
243
244
244
251
251
253
253
255
258
261
261
262
262
263
265
266
270
270
271
272
274
276
277
281
283
285
288
293
294
298
298
302
304
305
306
307
309
313
317
318
319
321
321
324
328
332
337
338
342
342
346
348
348
350
350
352
357
357
357
359
360
360
361
365
365
366
368
369
372
374
374
377
379
379
381
385
386
389
393
396
396
401
402
403
404
408
410
417
418
420
424
427
429
429
429
435
437
437
438
443
444
445
453
454
455
455
455
457
458
458
460
462
465
472
473
477
482
482
485
485
486
491
496
498
501
506
507
511
513
514
514
515
528
534
539
544
545
548
548
553
554
554
557
560
560
562
563
568
570
573
573
576
579
579
580
581
582
585
586
587
587
588
589
589
590
592
592
594
594
598
598
600
602
602
602
606
607
609
612
612
613
617
618
620
624
624
625
625
625
628
630
632
633
635
636
644
645
647
648
648
653
658
659
660
660
663
663
663
667
669
672
674
676
678
680
682
686
688
690
690
691
693
694
694
695
696
698
700
700
703
705
707
709
709
710
711
712
714
715
715
722
722
722
726
728
731
732
733
734
735
736
737
739
740
741
742
742
747
749
750
751
754
754
756
758
759
768
769
774
776
777
779
780
780
781
781
783
787
787
789
790
791
792
793
794
795
797
797
798
807
810
810
811
815
818
822
822
823
824
830
836
836
839
840
842
846
846
848
848
849
851
852
852
855
855
858
863
867
871
875
875
876
877
880
881
881
881
885
886
889
889
890
894
894
894
903
904
905
908
910
912
919
920
922
922
925
934
936
936
938
942
942
945
946
949
950
954
955
956
962
964
964
965
972
974
975
980
983
983
984
986
986
986
987
989
990
993
994
996
997
1000
1000
1000