-997
-993
-992
-991
-987
-987
-986
-984
-982
-980
-980
-976
-972
-971
-968
-968
-966
-965
-964
-963
-963
-962
-955
-955
-954
-952
-949
-946
-945
-944
-941
-938
-937
-936
-935
-934
-931
-931
-926
-925
-925
-919
-919
-918
-917
-914
-905
-905
-902
-900
-899
-899
-898
-896
-892
-890
-890
-889
-889
-885
-885
-882
-880
-879
-878
-876
-873
-872
-867
-866
-864
-860
-856
-854
-854
-854
-851
-848
-842
-840
-840
-835
-831
-831
-827
-827
-826
-824
-823
-823
-822
-820
-817
-815
-815
-811
-809
-808
-808
-805
-805
-804
-804
-804
-803
-802
-798
-797
-797
-797
-796
-796
-795
-791
-790
-789
-789
-788
-788
-783
-783
-779
-774
-772
-771
-767
-762
-762
-761
-759
-759
-757
-755
-754
-752
-750
-745
-743
-740
-739
-738
-731
-729
-729
-727
-725
-724
-722
-719
-713
-712
-710
-709
-706
-701
-700
-699
-698
-696
-694
-693
-690
-689
-689
-687
-686
-686
-685
-684
-684
-684
-682
-681
-677
-676
-676
-675
-674
-671
-669
-669
-664
-664
-664
-658
-658
-656
-654
-650
-650
-650
-650
-649
-646
-646
-644
-642
-640
-640
-636
-631
-630
-628
-624
-618
-612
-611
-610
-606
-606
-604
-603
-603
-600
-593
-591
-590
-587
-586
-586
-585
-585
-585
-579
-578
-574
-571
-569
-569
-569
-566
-566
-565
-565
-563
-563
-561
-555
-555
-548
-547
-542
-542
-541
-539
-539
-534
-534
-533
-527
-525
-525
-522
-522
-515
-515
-513
-508
-504
-501
-499
-497
-497
-494
-489
-489
-487
-486
-485
-485
-482
-480
-478
-478
-476
-476
-475
-474
-474
-472
-466
-457
-455
-454
-446
-442
-437
-431
-430
-430
-425
-423
-423
-418
-416
-412
-411
-411
-410
-406
-402
-401
-401
-400
-399
-396
-396
-393
-387
-386
-385
-380
-378
-378
-377
-376
-374
-372
-369
-364
-363
-362
-361
-359
-358
-355
-355
-354
-352
-351
-346
-345
-344
-342
-339
-339
-337
-337
-334
-332
-329
-326
-326
-323
-322
-320
-319
-319
-319
-316
-314
-313
-312
-311
-310
-303
-293
-293
-293
-292
-291
-287
-283
-281
-280
-277
-276
-276
-266
-266
-265
-261
-260
-256
-250
-248
-247
-244
-242
-242
-238
-235
-231
-230
-228
-223
-221
-220
-218
-218
-217
-217
-216
-214
-212
-212
-210
-210
-207
-206
-205
-204
-203
-203
-202
-201
-201
-197
-195
-194
-192
-191
-189
-186
-182
-179
-177
-175
-170
-169
-169
-163
-162
-160
-157
-157
-154
-152
-143
-143
-140
-139
-135
-135
-134
-133
-133
-131
-130
-129
-128
-118
-115
-112
-110
-110
-106
-105
-102
-102
-98
-97
-96
-96
-94
-94
-93
-92
-92
-90
-89
-89
-89
-87
-86
-83
-82
-80
-76
-76
-76
-75
-74
-73
-70
-69
-66
-62
-57
-51
-49
-46
-42
-38
-36
-36
-29
-27
-26
-18
-16
-12
-10
-6
-6
-4
-2
0
2
3
3
6
8
9
13
13
18
19
22
25
26
27
31
34
34
36
37
38
38
39
43
44
45
45
48
52
52
62
63
65
67
71
71
73
73
74
79
80
80
83
85
89
90
91
94
94
94
98
101
103
105
109
110
115
115
117
119
122
123
123
124
125
128
129
129
131
135
136
139
140
143
144
145
146
148
149
150
152
152
153
156
159
159
165
173
174
174
178
180
182
184
184
184
187
187
187
189
194
194
200
202
205
206
208
212
213
213
215
215
217
218
224
225
228
231
231
232
234
236
237
239
240
243
244
246
247
248
250
250
251
253
262
265
265
267
271
274
274
274
276
280
282
293
298
302
304
307
307
307
309
312
312
316
316
318
322
322
323
325
326
327
328
329
330
332
339
341
342
344
345
349
351
357
359
360
363
364
365
365
366
368
371
374
375
376
377
380
381
381
382
383
383
383
384
387
396
396
397
398
401
403
407
410
411
411
411
414
415
415
416
417
418
418
419
420
422
423
424
427
428
432
434
434
437
438
438
439
440
444
445
448
451
454
454
454
454
456
457
458
458
460
463
466
466
467
470
471
471
482
483
483
487
488
490
491
492
493
494
496
498
502
503
505
505
506
513
515
517
519
520
521
521
529
531
532
532
536
538
541
542
545
546
549
551
552
552
552
555
556
558
558
565
568
578
578
583
588
589
590
590
594
595
595
597
599
600
600
603
603
604
607
613
616
618
618
619
621
621
622
624
632
639
642
646
647
647
648
649
649
649
653
658
659
670
672
672
677
682
683
684
685
686
688
690
693
698
698
700
702
703
703
709
710
711
715
718
719
720
723
727
728
731
732
739
746
748
749
750
751
752
753
755
757
757
760
760
762
764
770
770
773
774
776
776
780
781
781
782
782
785
785
790
791
794
795
795
798
798
799
805
806
806
806
810
810
815
818
818
820
825
826
828
830
831
835
837
846
846
847
848
851
856
859
859
860
862
866
868
870
871
871
874
874
874
875
876
879
879
879
881
881
882
885
887
887
888
889
891
892
893
897
898
899
899
900
902
906
912
915
919
920
920
923
926
927
929
932
934
935
937
940
943
943
946
948
949
955
956
957
957
958
964
967
971
972
973
973
974
974
975
982
982
985
988
988
989
990
991
993
993