-1000
-998
-997
-995
-990
-987
-987
-980
-972
-971
-965
-964
-960
-957
-956
-953
-951
-950
-947
-947
-943
-943
-942
-936
-935
-932
-930
-918
-914
-912
-912
-912
-911
-908
-907
-905
-905
-904
-903
-902
-901
-900
-893
-893
-890
-889
-888
-888
-887
-886
-882
-882
-881
-878
-875
-873
-871
-871
-869
-864
-863
-861
-859
-856
-856
-855
-854
-854
-852
-847
-845
-842
-838
-838
-836
-836
-835
-834
-832
-830
-829
-826
-825
-823
-823
-821
-820
-818
-817
-816
-816
-815
-813
-811
-811
-808
-805
-805
-804
-804
-802
-796
-795
-793
-793
-792
-790
-787
-784
-783
-780
-778
-778
-777
-774
-770
-769
-768
-766
-765
-760
-758
-757
-755
-753
-753
-751
-750
-750
-748
-745
-738
-737
-737
-735
-735
-734
-734
-728
-723
-721
-719
-716
-716
-715
-714
-712
-710
-704
-704
-704
-702
-700
-699
-693
-690
-690
-686
-683
-678
-675
-675
-673
-670
-668
-665
-662
-660
-660
-658
-649
-649
-649
-647
-645
-643
-643
-638
-637
-635
-631
-630
-629
-627
-625
-623
-622
-619
-616
-613
-613
-612
-610
-603
-598
-596
-596
-595
-594
-592
-592
-591
-591
-590
-586
-586
-584
-582
-581
-581
-579
-579
-579
-574
-572
-572
-570
-570
-568
-567
-567
-565
-564
-560
-553
-552
-550
-545
-545
-543
-543
-542
-542
-540
-539
-533
-532
-532
-531
-530
-527
-526
-525
-522
-519
-518
-516
-515
-515
-515
-512
-509
-508
-508
-505
-504
-503
-501
-495
-494
-490
-486
-484
-479
-477
-476
-474
-473
-472
-468
-466
-465
-464
-463
-461
-459
-459
-458
-458
-457
-452
-452
-451
-449
-449
-444
-442
-438
-438
-438
-438
-437
-436
-436
-436
-428
-426
-425
-422
-421
-418
-417
-416
-412
-409
-404
-403
-401
-398
-396
-395
-394
-394
-390
-386
-386
-385
-383
-381
-381
-381
-381
-381
-379
-378
-377
-375
-375
-372
-370
-368
-366
-365
-361
-359
-358
-357
-355
-351
-351
-351
-350
-349
-345
-344
-343
-342
-341
-339
-338
-337
-337
-332
-330
-324
-323
-321
-319
-318
-318
-318
-315
-315
-314
-314
-313
-310
-307
-304
-302
-300
-300
-296
-293
-293
-291
-287
-281
-280
-280
-272
-270
-270
-265
-265
-264
-261
-261
-261
-257
-257
-252
-250
-248
-246
-246
-242
-239
-236
-234
-233
-227
-224
-223
-218
-214
-213
-212
-210
-210
-209
-209
-209
-206
-206
-204
-204
-203
-202
-202
-200
-199
-194
-191
-191
-190
-188
-187
-184
-182
-181
-181
-174
-173
-173
-173
-172
-170
-169
-166
-165
-164
-164
-163
-162
-159
-159
-151
-148
-147
-144
-144
-141
-140
-139
-136
-133
-129
-123
-122
-119
-119
-119
-118
-117
-115
-111
-108
-106
-104
-103
-99
-96
-95
-94
-91
-89
-87
-87
-83
-82
-81
-80
-80
-78
-77
-73
-69
-69
-68
-62
-61
-61
-59
-59
-56
-56
-56
-56
-55
-55
-52
-51
-51
-48
-48
-47
-40
-35
-34
-33
-29
-25
-22
-22
-20
-19
-18
-17
-16
-15
-12
-12
-10
-7
-6
-4
-3
-2
7
7
10
10
11
11
13
13
14
15
16
16
16
17
18
18
23
23
23
26
29
29
34
35
35
36
36
37
37
42
46
51
51
56
58
62
64
65
70
70
70
71
79
79
80
84
96
99
101
101
103
105
110
111
116
127
127
128
132
134
134
135
146
147
151
153
156
157
158
159
163
164
164
172
176
184
185
191
192
192
194
198
199
200
201
204
211
215
217
218
219
219
219
220
223
224
231
232
235
236
237
237
245
249
250
252
254
254
254
259
261
264
265
267
268
268
268
271
273
273
273
277
280
281
283
287
291
292
292
292
292
292
293
293
295
303
307
309
309
310
311
313
316
320
327
328
330
330
330
331
332
333
336
336
338
345
346
352
359
359
364
364
367
367
369
373
374
374
374
376
376
379
381
381
382
382
384
385
387
392
393
394
395
396
397
397
402
404
404
405
405
407
409
414
415
419
420
423
427
429
430
440
440
442
444
444
448
449
450
452
452
454
456
459
459
463
464
466
468
472
473
473
474
475
476
477
480
482
485
485
487
495
498
499
499
507
508
508
509
511
513
516
516
521
525
527
537
539
548
551
552
556
557
559
560
560
562
566
569
570
572
576
578
579
579
581
582
584
585
588
591
593
595
597
604
604
605
607
609
609
609
609
609
611
611
613
616
620
621
622
624
625
632
636
637
641
641
643
645
646
649
652
653
654
663
664
665
668
669
672
672
673
673
675
676
683
685
690
690
691
695
695
696
700
700
700
701
703
704
704
706
707
710
716
718
718
722
724
726
729
732
735
742
743
747
752
753
753
755
755
756
758
760
760
760
761
762
765
767
769
769
771
772
774
778
780
780
781
781
783
784
785
788
792
795
798
801
802
802
811
815
816
819
819
820
822
825
826
827
829
829
830
830
834
840
843
844
844
844
846
847
856
858
863
866
868
868
868
869
873
874
876
878
878
881
882
883
884
886
888
892
892
892
896
897
905
905
912
913
916
917
923
923
925
927
928
929
931
935
935
938
939
940
942
942
944
947
948
951
952
952
953
954
955
962
963
966
967
968
971
974
978
978
980
980
982
991
991
993
996
999