-999
-997
-995
-995
-989
-988
-987
-982
-982
-979
-977
-976
-976
-976
-976
-975
-972
-969
-966
-966
-965
-965
-958
-954
-952
-950
-949
-946
-936
-936
-933
-932
-932
-923
-903
-901
-901
-900
-900
-898
-896
-886
-877
-876
-876
-875
-873
-873
-871
-860
-858
-857
-854
-853
-848
-846
-842
-837
-836
-834
-832
-827
-827
-826
-823
-823
-823
-821
-821
-817
-815
-814
-812
-810
-808
-805
-804
-804
-804
-802
-801
-798
-798
-797
-797
-794
-785
-785
-785
-777
-775
-775
-774
-773
-771
-771
-769
-767
-761
-754
-752
-749
-747
-746
-746
-744
-743
-740
-739
-738
-738
-735
-732
-730
-729
-727
-726
-725
-723
-723
-719
-715
-714
-713
-711
-711
-711
-710
-708
-705
-701
-700
-699
-698
-697
-696
-696
-691
-687
-685
-684
-683
-682
-682
-680
-678
-675
-674
-674
-672
-672
-669
-669
-667
-666
-662
-662
-660
-656
-655
-655
-651
-649
-639
-637
-634
-630
-623
-623
-622
-619
-618
-616
-605
-603
-601
-601
-598
-596
-595
-592
-592
-591
-590
-589
-588
-588
-588
-587
-584
-579
-572
-570
-568
-567
-565
-561
-560
-558
-558
-557
-554
-551
-544
-543
-540
-539
-537
-537
-535
-535
-530
-530
-524
-523
-522
-521
-518
-517
-514
-513
-510
-502
-501
-500
-497
-496
-493
-491
-490
-485
-482
-482
-481
-481
-480
-467
-465
-464
-463
-461
-460
-452
-449
-448
-443
-439
-433
-433
-432
-432
-430
-429
-428
-424
-423
-422
-420
-417
-415
-415
-412
-412
-408
-408
-399
-398
-398
-397
-393
-392
-390
-390
-390
-387
-387
-380
-379
-372
-372
-370
-369
-365
-362
-362
-359
-359
-354
-348
-344
-337
-335
-335
-332
-331
-316
-315
-314
-312
-311
-303
-302
-295
-295
-294
-289
-288
-288
-283
-283
-280
-280
-279
-277
-276
-275
-273
-272
-271
-269
-269
-269
-269
-267
-266
-266
-263
-263
-262
-260
-260
-258
-258
-257
-255
-255
-254
-252
-250
-248
-248
-248
-246
-243
-239
-239
-233
-231
-231
-230
-226
-224
-223
-221
-219
-218
-216
-212
-210
-210
-208
-208
-207
-205
-204
-204
-200
-200
-197
-195
-194
-189
-185
-185
-182
-182
-181
-175
-175
-174
-171
-169
-162
-162
-161
-158
-158
-151
-150
-148
-148
-148
-145
-143
-143
-138
-134
-131
-126
-124
-124
-118
-115
-115
-114
-112
-112
-111
-110
-109
-109
-109
-107
-106
-106
-103
-102
-101
-97
-93
-90
-89
-89
-85
-81
-80
-80
-79
-74
-73
-72
-71
-71
-70
-70
-68
-66
-64
-62
-60
-59
-53
-51
-51
-48
-47
-46
-43
-42
-39
-38
-37
-34
-33
-33
-32
-29
-24
-21
-16
-14
-14
-13
-13
-13
-12
-12
-11
-8
-4
-4
0
0
0
2
2
2
4
4
8
10
10
13
13
14
14
16
17
19
19
22
23
25
25
27
28
28
30
30
33
37
38
40
42
43
44
47
47
47
48
48
49
53
56
58
60
63
66
66
67
68
68
69
70
74
81
83
87
90
91
93
93
94
95
96
98
99
107
107
112
112
113
120
122
124
127
131
132
134
141
142
146
146
148
150
154
155
155
156
160
167
167
168
180
180
181
182
183
184
185
186
194
198
201
203
206
207
211
212
214
217
217
218
220
221
222
224
225
225
227
232
232
232
235
237
241
243
247
247
250
253
253
254
254
255
262
262
262
262
263
264
268
268
269
270
272
274
274
278
279
281
281
282
283
283
283
286
286
289
294
296
300
300
305
305
306
309
309
312
316
316
319
319
321
321
322
324
326
326
328
328
329
332
335
336
337
337
338
339
339
343
345
346
346
350
351
352
359
360
361
363
363
368
369
370
373
374
379
379
380
380
381
384
384
388
390
390
390
391
392
394
395
395
396
396
397
400
402
402
402
403
403
403
406
410
412
413
414
416
421
421
422
422
423
426
426
427
429
430
430
437
437
439
440
441
442
447
448
448
450
451
452
453
453
460
461
461
463
465
467
469
471
472
473
473
474
477
478
479
480
481
481
481
482
482
487
490
492
496
498
499
499
504
505
508
509
513
517
517
520
526
527
536
536
538
539
541
554
556
556
556
557
557
558
560
561
567
568
568
569
572
573
575
576
577
578
578
578
581
584
588
593
593
594
597
606
609
609
611
611
611
615
616
616
617
619
621
625
625
627
627
628
640
642
647
650
651
651
652
657
658
659
666
667
670
674
675
676
678
680
680
687
688
688
689
689
689
689
690
690
692
697
702
704
706
709
711
714
716
716
716
717
719
719
719
720
722
722
725
727
728
733
733
733
739
739
740
741
743
746
746
746
750
752
753
753
756
761
762
766
766
768
772
772
774
775
776
777
783
784
786
787
791
792
794
800
805
808
808
810
813
813
815
816
816
817
818
818
824
829
829
830
833
835
839
841
842
843
844
844
845
849
850
851
856
857
863
869
870
873
874
876
880
882
887
889
895
896
899
900
903
905
905
905
907
911
911
912
912
912
915
917
917
918
919
921
922
926
928
929
932
935
935
936
936
953
955
959
959
960
962
963
963
964
964
965
969
971
976
982
982
984
986
988
989
989
992
994
997
999