-999
-998
-997
-997
-992
-988
-987
-987
-982
-978
-976
-974
-971
-970
-968
-968
-968
-967
-960
-958
-956
-953
-949
-948
-947
-943
-942
-936
-933
-932
-931
-930
-930
-930
-928
-925
-924
-922
-922
-921
-921
-919
-917
-916
-915
-915
-910
-909
-906
-905
-903
-903
-900
-899
-899
-899
-893
-893
-892
-890
-887
-885
-883
-882
-881
-878
-877
-875
-873
-871
-870
-870
-869
-868
-867
-866
-864
-863
-862
-859
-859
-857
-857
-856
-851
-851
-848
-848
-848
-847
-844
-843
-843
-843
-842
-841
-840
-839
-835
-833
-833
-831
-830
-828
-821
-811
-805
-804
-801
-798
-795
-793
-793
-791
-789
-783
-783
-782
-780
-780
-778
-769
-768
-768
-768
-767
-767
-763
-762
-761
-758
-758
-755
-754
-753
-747
-745
-743
-742
-739
-737
-736
-735
-729
-725
-717
-716
-716
-715
-714
-713
-711
-709
-709
-708
-707
-703
-699
-699
-697
-696
-690
-681
-679
-679
-678
-675
-674
-673
-670
-669
-667
-665
-662
-658
-658
-655
-654
-652
-648
-648
-645
-644
-643
-641
-640
-635
-635
-634
-630
-623
-621
-620
-618
-617
-617
-617
-614
-614
-612
-610
-609
-604
-604
-602
-602
-597
-596
-594
-593
-593
-592
-588
-586
-585
-585
-584
-580
-577
-577
-576
-576
-565
-561
-559
-558
-557
-556
-556
-555
-554
-549
-548
-547
-546
-544
-539
-530
-529
-528
-528
-524
-523
-522
-519
-519
-518
-518
-518
-515
-511
-511
-509
-508
-508
-507
-506
-505
-505
-503
-499
-493
-492
-490
-488
-488
-488
-487
-486
-485
-482
-481
-480
-479
-476
-475
-475
-473
-468
-468
-468
-459
-456
-452
-452
-447
-445
-445
-440
-440
-437
-436
-431
-422
-419
-418
-418
-417
-416
-416
-413
-407
-398
-397
-396
-396
-395
-393
-393
-389
-385
-382
-380
-378
-378
-376
-376
-372
-368
-367
-367
-367
-366
-364
-363
-360
-360
-357
-354
-353
-352
-351
-350
-350
-348
-347
-347
-347
-345
-343
-341
-341
-339
-338
-331
-330
-329
-328
-327
-325
-325
-324
-316
-314
-309
-299
-297
-294
-287
-286
-285
-282
-279
-278
-278
-278
-276
-276
-274
-272
-270
-269
-268
-263
-262
-260
-258
-257
-254
-253
-250
-246
-246
-239
-238
-237
-237
-235
-232
-230
-230
-229
-229
-227
-225
-222
-217
-215
-214
-211
-210
-209
-209
-205
-198
-194
-190
-189
-187
-187
-184
-183
-181
-179
-179
-179
-175
-172
-170
-170
-167
-167
-162
-162
-161
-161
-160
-160
-154
-152
-152
-151
-150
-147
-145
-141
-141
-141
-140
-140
-137
-127
-125
-122
-121
-121
-120
-119
-118
-117
-113
-110
-110
-109
-105
-99
-99
-96
-93
-92
-91
-90
-89
-85
-81
-81
-76
-76
-76
-74
-73
-73
-71
-71
-66
-65
-61
-58
-58
-55
-52
-48
-39
-37
-34
-33
-32
-31
-29
-26
-24
-24
-22
-21
-17
-15
-14
-14
-12
-11
-10
-9
-6
-3
-1
2
2
3
4
10
12
12
13
14
15
16
20
23
23
26
28
28
29
30
32
34
35
35
38
40
42
45
47
51
52
58
63
69
70
71
73
81
84
85
86
87
87
87
90
90
94
96
97
97
98
102
104
108
112
112
113
116
118
121
121
121
122
133
139
150
153
153
154
155
156
160
165
170
171
175
177
179
183
184
186
187
187
194
194
194
197
198
201
204
206
207
207
209
210
211
213
215
216
216
217
222
223
226
228
231
232
236
236
237
239
240
241
242
246
246
248
255
256
256
260
261
265
266
269
274
274
275
275
278
286
289
289
292
293
294
297
299
300
300
302
303
304
308
309
309
315
321
325
328
329
329
340
341
342
345
346
347
347
350
353
354
362
364
366
367
368
371
373
377
377
378
379
380
381
381
384
386
389
393
396
397
397
398
403
404
412
413
415
417
418
419
425
425
426
428
431
434
437
438
443
444
446
446
449
452
455
457
458
466
467
470
472
473
474
474
475
475
475
477
477
478
480
481
481
484
485
486
489
490
492
494
494
494
497
498
499
501
503
508
509
511
512
516
521
522
523
528
528
530
533
535
541
543
549
550
551
551
551
552
553
553
553
556
557
560
562
562
565
565
570
574
576
576
578
581
581
582
585
585
587
591
593
594
595
596
603
604
610
611
612
613
615
617
617
618
621
622
625
629
630
633
636
636
638
640
641
643
643
645
646
647
648
651
652
654
655
656
657
658
658
668
669
672
673
674
680
685
688
690
693
696
696
696
698
699
699
701
701
703
705
705
705
710
710
712
713
715
715
715
720
721
721
723
724
726
727
728
729
730
730
733
741
742
742
747
749
750
755
756
756
758
759
760
761
762
762
763
766
766
767
767
771
771
778
782
782
783
785
785
789
790
802
803
804
808
810
812
813
815
819
821
822
823
824
825
827
830
830
838
839
840
842
844
845
848
849
849
850
852
860
863
865
866
873
873
875
876
877
880
881
881
884
885
885
888
894
895
895
897
897
900
904
906
909
910
911
912
915
915
917
919
922
922
923
925
927
927
928
929
930
934
935
937
943
944
944
945
953
955
956
959
961
961
962
963
965
967
970
971
971
971
972
973
973
977
978
980
984
985
986
986
987
989
992
995