-997
-997
-995
-995
-994
-990
-985
-984
-979
-978
-977
-977
-971
-969
-967
-965
-965
-965
-964
-962
-961
-961
-961
-951
-951
-950
-949
-944
-936
-936
-936
-935
-934
-932
-928
-926
-926
-925
-923
-922
-920
-917
-917
-913
-912
-911
-910
-909
-908
-908
-906
-903
-901
-901
-900
-895
-891
-888
-888
-883
-882
-880
-878
-877
-873
-873
-872
-872
-872
-871
-871
-867
-861
-860
-855
-854
-854
-853
-853
-853
-851
-850
-850
-844
-842
-841
-840
-839
-831
-830
-829
-828
-827
-823
-823
-822
-820
-820
-813
-812
-809
-807
-806
-806
-800
-791
-788
-787
-782
-780
-778
-776
-774
-773
-771
-768
-767
-766
-758
-758
-757
-756
-754
-751
-749
-743
-743
-738
-736
-735
-734
-733
-732
-732
-726
-723
-723
-721
-717
-715
-714
-708
-707
-705
-701
-701
-700
-699
-699
-698
-695
-694
-693
-692
-687
-687
-687
-683
-681
-679
-678
-677
-676
-675
-674
-674
-673
-670
-670
-669
-667
-664
-663
-659
-658
-656
-650
-645
-644
-644
-641
-637
-636
-635
-635
-633
-630
-626
-626
-625
-625
-621
-616
-614
-609
-607
-602
-601
-596
-594
-594
-593
-593
-592
-590
-588
-587
-587
-585
-585
-582
-574
-570
-568
-567
-566
-566
-565
-563
-560
-557
-557
-557
-555
-554
-554
-551
-551
-548
-548
-546
-542
-542
-538
-535
-531
-530
-521
-520
-519
-516
-516
-515
-515
-508
-508
-508
-506
-505
-504
-504
-501
-500
-495
-495
-494
-493
-490
-489
-488
-487
-480
-476
-474
-473
-470
-469
-469
-466
-463
-461
-461
-459
-459
-456
-455
-453
-451
-451
-448
-447
-446
-444
-444
-444
-440
-437
-436
-436
-433
-433
-431
-429
-425
-424
-424
-420
-420
-420
-417
-415
-414
-409
-407
-407
-404
-399
-397
-389
-388
-386
-384
-382
-375
-374
-373
-373
-372
-366
-365
-365
-362
-360
-358
-354
-352
-351
-350
-349
-348
-347
-346
-343
-341
-340
-340
-330
-330
-328
-326
-326
-326
-325
-324
-320
-310
-301
-300
-299
-298
-293
-293
-293
-291
-288
-285
-283
-283
-281
-280
-279
-278
-277
-272
-271
-269
-268
-268
-268
-268
-267
-267
-265
-265
-262
-258
-251
-251
-247
-244
-241
-238
-238
-235
-232
-231
-231
-230
-226
-224
-223
-223
-222
-222
-221
-220
-216
-216
-215
-212
-210
-207
-207
-203
-201
-201
-200
-200
-199
-197
-195
-193
-192
-190
-187
-187
-183
-178
-176
-176
-173
-172
-169
-169
-168
-166
-163
-162
-160
-155
-155
-151
-151
-148
-146
-145
-143
-142
-141
-138
-137
-132
-130
-128
-119
-117
-114
-110
-108
-106
-105
-104
-97
-96
-90
-86
-85
-79
-78
-73
-69
-68
-64
-59
-59
-56
-55
-54
-52
-52
-52
-51
-41
-38
-37
-37
-37
-36
-35
-35
-32
-28
-28
-27
-26
-25
-24
-24
-23
-22
-22
-20
-16
-15
-14
-13
-12
-10
-8
-7
-4
-3
-1
-1
0
1
3
3
11
19
27
30
35
35
39
39
43
44
46
46
49
50
50
51
51
53
55
58
59
63
64
64
68
68
69
71
75
76
77
81
82
86
87
89
90
96
98
98
101
101
105
108
108
108
111
113
115
120
122
125
129
131
141
142
148
151
153
155
155
155
159
166
172
182
183
184
188
192
192
194
194
195
196
197
199
199
203
205
206
208
208
209
214
214
216
217
218
219
225
225
225
230
232
233
235
235
236
237
240
249
249
249
251
254
255
257
261
262
264
264
267
267
269
274
275
275
277
278
278
281
283
283
285
286
287
288
288
289
290
292
294
294
299
300
302
303
303
305
308
309
311
314
315
317
318
318
323
327
327
329
331
339
339
340
342
343
343
346
354
355
358
362
363
363
365
375
375
378
378
379
389
390
392
393
393
393
397
398
398
401
401
402
407
408
409
409
411
414
418
427
429
431
431
431
433
434
434
434
439
439
442
442
448
450
452
454
455
455
457
461
461
461
462
463
463
464
466
469
470
470
471
476
476
476
477
478
479
482
485
488
492
494
494
496
497
499
500
501
501
502
503
507
508
508
509
511
511
513
514
514
515
516
518
519
520
523
523
526
527
531
532
533
539
540
541
542
543
544
545
545
552
557
557
560
560
563
565
565
569
570
570
571
572
573
573
574
575
584
586
593
594
596
599
599
603
603
607
608
611
612
618
619
621
628
632
633
634
642
644
645
646
646
647
652
658
664
665
668
672
674
674
676
678
679
682
684
685
686
687
691
696
697
703
703
709
711
712
712
713
714
716
717
724
731
731
732
734
737
737
737
739
742
756
757
760
762
764
765
767
769
769
772
775
776
776
777
777
779
780
781
782
787
791
792
794
795
796
796
797
798
800
800
803
803
807
811
812
812
813
813
814
815
815
816
819
819
821
821
822
823
824
827
832
834
835
838
839
842
844
846
847
849
851
853
854
855
856
858
859
860
867
871
873
875
875
879
880
882
883
884
885
886
888
888
889
891
891
893
894
897
898
902
906
907
911
913
915
917
919
920
920
921
921
921
923
924
927
927
928
930
934
936
939
941
941
948
950
953
960
960
961
964
972
975
975
975
976
977
978
981
984
987
988
989
991
994
995
997
998
999