-998
-996
-995
-993
-990
-984
-984
-982
-979
-976
-975
-973
-970
-969
-966
-964
-963
-957
-957
-955
-953
-950
-948
-938
-937
-936
-936
-934
-932
-931
-927
-923
-921
-919
-919
-917
-916
-914
-911
-910
-904
-902
-899
-895
-895
-894
-888
-885
-882
-882
-881
-879
-879
-878
-875
-871
-868
-861
-861
-860
-857
-856
-855
-854
-853
-850
-842
-838
-835
-831
-831
-830
-830
-830
-826
-823
-823
-820
-818
-818
-817
-816
-812
-809
-808
-807
-806
-803
-802
-801
-797
-797
-792
-792
-790
-788
-787
-781
-780
-777
-772
-770
-756
-753
-752
-750
-747
-746
-746
-743
-743
-742
-738
-737
-734
-733
-732
-730
-727
-724
-724
-723
-722
-720
-716
-712
-699
-698
-694
-693
-692
-686
-685
-682
-679
-678
-677
-677
-673
-673
-670
-667
-666
-666
-666
-665
-661
-659
-658
-657
-656
-652
-651
-647
-647
-646
-643
-643
-639
-638
-637
-629
-628
-627
-622
-615
-615
-612
-611
-610
-610
-608
-607
-602
-601
-599
-596
-596
-593
-593
-592
-590
-587
-587
-586
-584
-582
-577
-576
-575
-571
-571
-570
-570
-567
-565
-565
-563
-561
-560
-560
-560
-559
-559
-558
-558
-555
-552
-549
-547
-545
-543
-540
-538
-534
-533
-529
-527
-527
-525
-525
-521
-521
-519
-515
-515
-512
-511
-510
-506
-505
-505
-505
-503
-502
-501
-500
-497
-496
-496
-495
-491
-490
-489
-487
-486
-484
-484
-481
-480
-479
-479
-477
-477
-474
-470
-470
-467
-466
-464
-464
-463
-462
-460
-458
-454
-450
-449
-447
-446
-446
-436
-432
-422
-421
-418
-418
-415
-415
-414
-414
-409
-408
-407
-405
-405
-403
-400
-398
-397
-396
-388
-385
-384
-384
-383
-381
-380
-380
-377
-373
-372
-369
-366
-365
-365
-362
-362
-345
-341
-341
-336
-336
-333
-333
-332
-332
-332
-328
-321
-316
-315
-315
-315
-312
-309
-308
-307
-304
-303
-299
-294
-294
-293
-293
-293
-289
-286
-281
-281
-280
-273
-271
-262
-262
-261
-260
-260
-253
-252
-250
-249
-248
-245
-244
-242
-241
-241
-239
-237
-237
-234
-232
-230
-228
-227
-226
-225
-225
-221
-221
-215
-214
-211
-209
-207
-205
-204
-204
-203
-203
-201
-200
-198
-195
-195
-193
-193
-192
-188
-188
-187
-182
-182
-181
-181
-180
-179
-179
-177
-177
-174
-174
-174
-168
-168
-167
-167
-159
-158
-149
-148
-141
-140
-140
-139
-138
-136
-134
-134
-134
-132
-131
-131
-128
-126
-124
-123
-121
-120
-120
-117
-113
-111
-108
-104
-102
-100
-96
-94
-92
-91
-83
-82
-81
-79
-78
-78
-77
-77
-71
-67
-63
-56
-55
-54
-50
-48
-47
-42
-40
-39
-38
-36
-36
-33
-33
-33
-31
-26
-25
-24
-24
-23
-20
-13
-6
-6
-1
0
5
6
9
12
15
16
16
17
17
18
18
24
25
26
26
27
28
28
29
29
34
37
37
38
38
40
41
44
46
46
46
48
53
53
55
56
59
64
65
66
72
75
77
78
78
78
81
82
84
87
87
89
92
93
95
96
102
103
106
107
108
108
110
111
113
113
115
117
119
120
120
122
123
123
126
131
131
136
136
138
138
142
143
146
148
148
150
150
152
152
154
155
155
156
156
157
159
164
167
171
172
172
173
173
176
179
179
179
181
182
182
187
188
188
188
194
195
197
197
197
198
200
200
201
203
207
210
210
213
214
214
214
215
215
216
217
218
220
221
223
232
234
237
238
240
243
249
251
252
254
255
258
262
263
268
270
272
273
274
276
276
278
279
283
291
298
298
301
301
305
308
310
310
314
315
316
317
318
321
323
324
327
329
329
329
330
332
333
335
335
335
335
339
342
346
350
351
354
354
356
357
362
368
370
372
372
374
376
377
379
383
391
394
397
397
399
407
419
421
424
425
431
434
434
439
440
444
453
456
456
463
464
468
469
470
471
475
476
477
480
481
483
484
484
484
485
486
487
487
488
489
492
493
495
496
499
500
501
501
502
503
504
505
507
507
508
509
514
515
516
517
517
522
522
523
524
526
526
527
530
532
533
534
536
542
543
544
546
548
549
554
554
556
557
557
558
562
563
566
566
570
575
575
576
581
583
583
584
584
587
588
593
597
597
598
598
598
599
599
601
602
606
607
607
608
610
619
623
623
625
630
631
632
634
635
636
636
637
637
639
640
642
645
645
661
663
665
672
675
676
681
684
686
690
692
692
697
700
707
712
713
715
715
715
718
722
723
723
724
733
733
738
740
741
742
742
742
744
745
745
749
749
751
751
753
755
755
764
765
767
771
773
775
776
778
780
780
784
787
787
788
788
790
793
796
800
802
802
807
811
814
814
815
820
821
822
823
825
825
826
829
830
830
833
836
841
841
842
844
845
847
847
848
849
850
850
852
852
855
857
861
864
864
865
866
870
870
878
878
878
880
881
884
885
887
891
891
895
898
898
900
901
901
902
904
906
908
909
910
915
915
917
917
918
922
923
923
924
924
925
926
930
931
933
935
938
939
940
941
943
948
948
950
951
953
955
956
960
964
966
967
969
975
975
976
977
978
979
980
981
982
987
988
989
989
991
992
992
993
1000