-999
-998
-997
-995
-988
-987
-987
-985
-983
-981
-981
-980
-976
-976
-973
-971
-970
-967
-967
-965
-962
-961
-961
-958
-957
-956
-955
-951
-950
-949
-948
-948
-947
-946
-939
-927
-927
-926
-925
-921
-921
-920
-918
-915
-914
-914
-912
-912
-910
-909
-905
-904
-902
-902
-894
-893
-892
-890
-890
-889
-887
-886
-885
-883
-883
-882
-876
-871
-866
-864
-864
-864
-860
-860
-860
-858
-857
-856
-847
-845
-841
-838
-838
-836
-836
-835
-832
-831
-827
-824
-819
-816
-816
-813
-812
-812
-807
-806
-805
-805
-803
-801
-801
-799
-797
-796
-794
-793
-790
-787
-786
-785
-784
-783
-779
-778
-777
-777
-776
-776
-774
-770
-767
-765
-765
-764
-762
-760
-755
-753
-752
-751
-751
-747
-744
-743
-742
-741
-739
-738
-732
-731
-731
-729
-725
-725
-722
-721
-720
-718
-712
-710
-704
-701
-700
-695
-694
-692
-691
-689
-689
-688
-683
-681
-680
-678
-675
-672
-671
-668
-666
-664
-660
-659
-659
-658
-654
-654
-650
-650
-649
-647
-646
-644
-637
-637
-635
-633
-630
-630
-628
-628
-626
-623
-621
-616
-616
-614
-613
-610
-608
-606
-603
-602
-598
-598
-596
-594
-592
-589
-587
-587
-584
-583
-582
-580
-576
-575
-574
-574
-572
-571
-570
-567
-566
-564
-559
-557
-553
-549
-548
-547
-547
-547
-546
-538
-535
-528
-519
-517
-516
-515
-515
-513
-511
-506
-505
-504
-503
-500
-500
-498
-497
-497
-495
-495
-494
-492
-489
-488
-485
-484
-483
-482
-481
-476
-476
-471
-469
-464
-459
-458
-457
-456
-453
-453
-451
-450
-449
-444
-441
-435
-433
-432
-430
-430
-428
-426
-425
-425
-424
-418
-414
-414
-412
-412
-408
-406
-406
-405
-405
-402
-402
-397
-388
-387
-385
-381
-380
-378
-376
-375
-367
-359
-359
-358
-355
-353
-353
-353
-352
-352
-352
-351
-351
-350
-349
-348
-348
-346
-343
-339
-332
-331
-328
-327
-325
-323
-323
-323
-322
-316
-311
-310
-306
-305
-304
-302
-301
-300
-299
-296
-295
-294
-294
-291
-290
-290
-290
-289
-285
-284
-284
-279
-277
-276
-275
-274
-272
-271
-270
-267
-266
-255
-254
-253
-250
-246
-243
-240
-238
-238
-233
-233
-224
-221
-221
-216
-215
-215
-213
-211
-211
-205
-205
-205
-205
-201
-199
-199
-197
-195
-194
-193
-193
-192
-191
-189
-184
-183
-181
-179
-178
-178
-177
-177
-176
-174
-174
-171
-170
-170
-158
-157
-154
-152
-145
-145
-143
-141
-131
-129
-128
-128
-125
-124
-122
-120
-119
-109
-108
-107
-104
-102
-102
-101
-100
-98
-96
-92
-89
-85
-83
-78
-78
-77
-77
-74
-72
-71
-71
-71
-70
-69
-67
-67
-67
-66
-64
-59
-52
-50
-48
-47
-47
-46
-41
-40
-36
-35
-34
-33
-31
-31
-30
-30
-28
-27
-27
-25
-21
-13
-10
-9
-8
-7
-5
1
4
6
9
11
13
13
18
23
23
28
31
33
34
34
35
38
39
40
41
43
43
47
49
50
51
53
54
54
56
60
60
61
62
62
67
67
72
72
74
75
81
82
84
87
88
98
100
102
106
107
110
111
117
119
122
123
123
124
127
130
131
132
132
139
139
140
144
147
147
147
147
148
151
157
159
162
162
165
165
170
173
174
176
177
179
182
186
190
191
201
201
202
208
209
211
211
211
215
215
216
220
220
224
226
226
228
228
228
228
230
230
234
236
240
240
240
240
242
246
247
248
248
250
251
253
254
256
257
261
261
265
266
267
267
268
272
273
281
282
282
286
287
288
289
289
290
295
301
303
305
306
308
308
311
313
313
314
317
320
321
321
321
325
326
328
332
333
334
337
344
347
350
350
350
351
351
353
357
362
369
371
373
378
378
378
379
382
390
392
393
395
396
398
401
403
405
405
407
408
411
412
412
412
414
417
418
420
422
423
427
429
429
437
437
439
441
442
442
446
450
452
452
453
453
454
455
458
458
459
461
463
465
465
469
472
472
476
476
477
477
477
481
486
487
489
493
495
495
506
507
508
508
509
509
519
522
526
526
527
531
532
534
535
535
536
539
541
541
544
545
546
547
550
553
555
555
555
563
563
563
566
567
569
570
571
572
575
576
580
580
581
586
586
586
600
601
603
604
606
608
609
613
616
618
621
624
627
628
630
631
633
635
635
637
639
641
644
644
644
648
648
649
650
654
654
654
655
657
661
664
666
667
670
672
672
674
676
676
678
679
680
685
685
687
688
688
691
695
695
701
703
703
705
706
706
709
711
712
714
715
716
717
726
728
729
730
731
734
734
734
741
741
743
745
757
759
759
760
761
762
762
763
764
765
766
766
767
771
771
776
778
778
779
780
781
782
786
787
787
789
791
795
797
798
803
807
807
808
810
817
817
823
825
826
834
837
839
843
843
846
846
849
858
859
859
860
861
862
862
871
873
873
874
874
875
877
879
880
885
890
892
893
895
895
895
897
902
905
906
906
909
912
915
917
917
917
917
918
918
919
921
925
927
927
929
932
933
934
934
935
937
939
942
945
945
949
950
954
957
957
959
959
960
961
961
963
965
971
972
974
975
977
981
981
982
982
984
986
986
988
998
999