-1000
-998
-995
-993
-989
-987
-987
-987
-984
-979
-979
-977
-977
-975
-973
-972
-967
-967
-967
-965
-964
-961
-959
-957
-955
-953
-952
-952
-947
-944
-942
-942
-941
-940
-935
-933
-933
-928
-927
-924
-924
-922
-921
-919
-919
-916
-915
-913
-911
-910
-909
-909
-907
-907
-905
-903
-902
-900
-897
-896
-895
-893
-892
-892
-891
-889
-886
-884
-884
-882
-881
-880
-880
-874
-874
-873
-871
-870
-866
-863
-860
-855
-853
-853
-852
-851
-850
-849
-847
-847
-846
-846
-845
-843
-843
-841
-839
-839
-836
-836
-834
-831
-830
-828
-828
-827
-825
-818
-807
-807
-807
-804
-803
-802
-802
-801
-798
-798
-797
-796
-794
-792
-787
-787
-786
-785
-781
-781
-780
-779
-779
-779
-772
-772
-771
-770
-769
-764
-764
-762
-760
-757
-757
-754
-751
-743
-742
-737
-736
-733
-733
-732
-728
-727
-727
-723
-721
-721
-719
-717
-714
-710
-705
-704
-703
-702
-701
-700
-699
-697
-696
-695
-695
-693
-687
-679
-678
-678
-677
-674
-673
-673
-671
-668
-666
-664
-662
-662
-661
-659
-657
-657
-656
-655
-655
-653
-653
-653
-645
-644
-644
-640
-640
-639
-639
-638
-636
-636
-635
-632
-631
-631
-631
-630
-626
-625
-617
-616
-615
-614
-606
-605
-604
-604
-604
-598
-595
-593
-592
-591
-590
-589
-588
-580
-576
-576
-575
-574
-571
-570
-569
-568
-567
-565
-563
-563
-561
-560
-556
-555
-555
-547
-546
-544
-543
-542
-541
-540
-540
-540
-539
-530
-529
-529
-519
-518
-508
-507
-503
-501
-496
-489
-488
-487
-486
-479
-478
-477
-475
-474
-471
-470
-468
-467
-467
-465
-464
-460
-460
-458
-455
-455
-451
-449
-449
-447
-447
-445
-445
-445
-441
-440
-437
-434
-432
-422
-415
-415
-414
-412
-411
-402
-402
-399
-398
-396
-396
-386
-375
-371
-370
-369
-367
-363
-362
-361
-360
-357
-356
-355
-352
-351
-351
-348
-343
-341
-339
-337
-336
-332
-332
-322
-321
-318
-318
-317
-315
-312
-310
-310
-309
-308
-303
-302
-302
-298
-297
-296
-293
-290
-289
-286
-286
-284
-284
-284
-284
-281
-280
-277
-275
-275
-275
-273
-270
-268
-267
-267
-266
-264
-256
-255
-251
-250
-249
-247
-245
-243
-238
-237
-237
-235
-233
-232
-227
-222
-218
-213
-213
-212
-203
-202
-201
-201
-199
-198
-197
-194
-194
-191
-190
-189
-187
-187
-186
-183
-182
-177
-176
-174
-174
-169
-166
-165
-163
-161
-160
-156
-156
-156
-154
-153
-150
-149
-147
-146
-143
-142
-141
-137
-136
-132
-125
-123
-118
-115
-114
-113
-104
-102
-99
-98
-97
-97
-96
-96
-93
-92
-89
-89
-84
-82
-82
-81
-81
-80
-76
-76
-74
-74
-70
-70
-67
-66
-60
-59
-59
-57
-53
-51
-48
-46
-46
-41
-41
-32
-31
-29
-24
-22
-22
-19
-14
-13
-13
-11
-7
-4
-2
-1
0
2
7
11
15
16
18
19
22
22
23
24
25
25
28
29
31
31
32
33
34
40
42
48
48
49
50
51
52
53
59
60
62
64
70
72
74
74
77
78
87
89
90
91
92
92
92
97
97
97
98
100
107
107
107
108
109
110
110
111
111
111
117
118
120
121
122
123
124
126
127
127
130
138
139
140
142
145
147
150
152
153
155
155
155
160
162
165
166
168
170
174
174
175
176
178
179
180
181
184
185
190
193
194
196
198
198
199
201
203
203
209
210
212
213
223
223
224
225
230
230
231
232
237
239
240
241
242
243
243
243
244
249
250
253
257
257
261
262
264
268
272
276
277
277
278
279
279
280
280
281
285
286
292
292
298
298
299
299
299
302
303
306
306
310
310
315
318
319
321
322
323
324
328
331
333
334
336
343
343
344
345
345
346
346
350
350
353
364
364
366
369
370
372
373
376
376
379
381
382
386
387
392
395
398
399
399
400
408
408
410
410
412
413
416
417
419
421
429
431
432
433
433
434
434
438
439
440
440
440
443
444
445
448
451
454
457
458
459
459
459
462
465
466
471
471
473
476
477
480
480
481
481
482
484
485
490
493
500
504
504
506
506
506
507
508
510
511
512
513
515
518
518
521
523
524
527
527
532
535
536
542
544
547
548
554
559
559
561
567
571
571
573
573
576
577
578
579
582
585
588
588
590
591
597
600
601
602
604
607
608
610
612
614
621
623
636
637
640
641
641
648
651
658
659
660
670
673
679
684
684
684
685
686
686
690
693
694
696
698
701
701
703
709
710
711
716
718
718
726
726
728
729
729
729
730
732
733
733
736
736
737
739
739
741
741
742
742
745
745
745
746
748
755
757
757
757
758
758
761
762
762
763
765
767
768
772
773
775
776
777
778
778
784
787
789
791
791
792
792
794
794
795
798
798
799
802
802
806
808
809
810
810
812
817
822
826
827
827
827
828
830
838
841
844
844
844
847
849
849
851
851
853
854
860
868
870
870
874
877
878
879
881
883
883
884
884
886
890
891
894
901
901
901
904
904
905
905
907
912
914
916
916
916
920
922
923
925
925
931
932
934
934
934
934
940
940
942
945
946
946
946
954
956
957
958
959
960
960
968
972
974
979
982
986
989
991
991
997
999