-996
-995
-994
-991
-989
-989
-988
-987
-984
-982
-982
-981
-981
-981
-980
-978
-978
-976
-968
-966
-966
-962
-961
-960
-955
-951
-947
-946
-946
-945
-945
-944
-943
-942
-939
-937
-936
-935
-934
-930
-929
-926
-925
-923
-921
-919
-918
-916
-913
-910
-908
-907
-900
-898
-897
-897
-896
-890
-889
-889
-889
-888
-888
-887
-886
-886
-885
-884
-883
-882
-882
-881
-879
-878
-877
-871
-871
-869
-867
-866
-864
-862
-860
-858
-857
-852
-850
-849
-848
-847
-845
-843
-842
-842
-841
-838
-837
-834
-834
-832
-831
-829
-829
-827
-827
-826
-826
-823
-823
-821
-818
-812
-811
-809
-807
-800
-800
-798
-794
-793
-792
-791
-785
-782
-778
-778
-776
-775
-773
-771
-764
-760
-758
-755
-754
-753
-752
-751
-750
-748
-745
-745
-742
-733
-733
-731
-731
-720
-717
-716
-715
-713
-707
-707
-706
-706
-703
-703
-696
-696
-695
-695
-694
-690
-688
-687
-679
-677
-676
-673
-671
-671
-669
-669
-669
-669
-667
-667
-666
-666
-665
-662
-660
-660
-658
-654
-653
-650
-648
-646
-642
-640
-634
-632
-628
-625
-622
-622
-615
-613
-609
-606
-591
-591
-589
-585
-583
-583
-583
-582
-573
-566
-566
-565
-565
-564
-563
-563
-563
-562
-560
-558
-558
-557
-557
-550
-549
-548
-547
-545
-544
-544
-542
-541
-541
-541
-540
-540
-540
-540
-539
-535
-535
-535
-532
-531
-530
-529
-519
-518
-515
-513
-510
-510
-510
-509
-509
-507
-505
-503
-500
-498
-493
-491
-490
-490
-490
-489
-484
-478
-478
-475
-474
-473
-469
-468
-468
-463
-458
-458
-451
-449
-447
-444
-441
-434
-429
-429
-429
-429
-424
-421
-414
-413
-412
-412
-411
-406
-405
-399
-398
-396
-392
-391
-389
-386
-379
-378
-378
-377
-376
-374
-373
-372
-371
-368
-367
-365
-364
-364
-360
-360
-359
-356
-355
-354
-353
-350
-349
-348
-347
-344
-342
-341
-341
-338
-334
-332
-331
-327
-327
-327
-325
-319
-318
-317
-313
-311
-309
-309
-304
-304
-302
-301
-300
-300
-298
-297
-294
-291
-290
-288
-287
-285
-282
-280
-278
-277
-272
-270
-267
-265
-264
-263
-261
-257
-255
-254
-254
-252
-249
-249
-245
-245
-239
-239
-238
-230
-230
-228
-227
-225
-224
-223
-222
-222
-222
-221
-220
-215
-214
-213
-213
-210
-210
-209
-208
-208
-206
-205
-204
-202
-202
-201
-199
-199
-194
-193
-193
-191
-191
-189
-185
-183
-181
-178
-178
-176
-174
-170
-168
-167
-167
-166
-166
-165
-164
-162
-161
-155
-154
-154
-153
-153
-149
-148
-147
-143
-143
-142
-140
-138
-137
-132
-132
-132
-129
-126
-124
-123
-114
-114
-112
-109
-108
-108
-106
-106
-105
-104
-103
-101
-99
-96
-94
-92
-92
-92
-91
-89
-89
-87
-87
-86
-86
-85
-84
-82
-76
-75
-75
-71
-70
-70
-69
-68
-62
-59
-59
-59
-58
-53
-47
-47
-46
-44
-44
-41
-40
-40
-39
-36
-36
-34
-33
-32
-31
-30
-30
-25
-20
-19
-18
-15
-15
-14
-13
-13
-11
-11
-10
-9
-1
1
3
4
4
5
7
8
9
20
22
23
25
27
29
29
32
33
34
37
38
39
40
40
42
43
46
51
51
53
57
57
64
65
67
67
68
73
75
76
78
79
81
86
88
89
93
95
96
97
99
103
107
107
110
113
117
117
118
119
120
121
121
126
129
130
134
137
138
143
145
147
148
150
151
153
160
166
179
181
184
185
186
188
190
191
201
204
206
206
210
211
214
219
220
221
224
225
225
227
231
232
233
241
243
244
246
246
247
249
250
257
258
260
261
261
264
264
265
265
265
266
266
267
267
269
272
277
277
281
286
287
288
288
289
291
291
291
291
292
293
301
301
302
304
304
304
305
307
310
310
311
312
322
325
327
327
332
338
340
340
343
345
347
349
350
352
353
360
361
363
363
363
364
365
366
366
367
377
378
378
383
385
387
391
393
398
400
401
401
402
404
410
416
418
421
427
427
428
432
435
439
442
444
446
446
449
449
450
453
456
457
461
463
466
467
470
478
482
484
486
495
498
499
499
500
501
504
505
507
507
509
510
510
513
514
517
519
520
524
530
531
533
536
539
539
546
547
554
555
558
558
559
559
561
561
562
563
572
573
573
576
577
578
579
583
586
587
589
592
592
595
595
597
598
599
601
604
605
607
607
612
617
619
619
622
626
627
627
628
629
635
639
640
643
645
645
653
656
661
662
666
669
673
674
675
676
678
681
685
686
688
689
689
689
693
693
695
697
699
700
702
702
703
703
705
709
713
714
714
715
716
719
719
720
720
721
727
729
734
735
737
737
739
740
740
741
743
748
752
752
753
763
766
768
770
771
772
773
780
789
793
797
799
802
803
804
806
807
809
811
812
817
817
820
821
822
823
825
826
826
826
826
835
841
842
842
842
842
843
845
845
847
848
849
849
855
856
858
859
863
864
865
873
876
878
881
890
892
893
895
897
897
897
902
903
903
904
909
911
911
915
915
917
918
920
922
925
926
928
931
931
932
932
933
936
941
944
945
947
947
948
953
953
955
958
961
962
962
964
965
966
972
975
976
977
978
979
979
983
984
984
985
989
990
996
996
999