-1000
-996
-994
-990
-990
-988
-987
-986
-981
-978
-977
-975
-972
-969
-965
-965
-963
-962
-955
-954
-954
-952
-952
-949
-948
-947
-945
-944
-941
-937
-935
-934
-934
-933
-931
-928
-925
-923
-923
-917
-916
-915
-914
-912
-911
-911
-910
-905
-903
-903
-901
-899
-890
-889
-886
-882
-879
-879
-877
-877
-876
-875
-874
-874
-874
-873
-873
-873
-870
-869
-869
-869
-868
-867
-865
-864
-864
-862
-861
-861
-861
-858
-857
-851
-850
-850
-849
-848
-848
-848
-844
-843
-841
-838
-830
-829
-828
-828
-823
-823
-823
-823
-820
-819
-819
-817
-816
-815
-812
-808
-808
-806
-805
-804
-803
-801
-799
-797
-790
-788
-785
-780
-777
-776
-776
-775
-773
-771
-767
-764
-762
-760
-753
-752
-751
-749
-749
-748
-744
-744
-743
-741
-735
-730
-729
-727
-725
-725
-724
-723
-723
-723
-722
-721
-720
-720
-717
-714
-713
-707
-707
-704
-701
-695
-693
-690
-689
-688
-687
-687
-685
-684
-684
-681
-679
-676
-668
-665
-651
-645
-645
-643
-640
-637
-637
-635
-635
-631
-625
-624
-623
-622
-622
-620
-617
-617
-616
-615
-614
-611
-611
-611
-609
-607
-605
-605
-604
-600
-599
-594
-593
-590
-588
-583
-578
-577
-575
-573
-571
-565
-562
-561
-557
-556
-556
-554
-554
-549
-542
-539
-538
-538
-538
-536
-536
-530
-530
-526
-525
-525
-520
-519
-516
-516
-516
-512
-510
-505
-504
-504
-503
-502
-501
-501
-496
-495
-487
-485
-484
-483
-482
-480
-478
-478
-472
-472
-471
-468
-466
-466
-466
-459
-459
-459
-458
-457
-455
-454
-453
-453
-445
-444
-444
-442
-442
-437
-433
-433
-431
-431
-425
-424
-423
-421
-419
-407
-401
-400
-400
-396
-395
-394
-392
-391
-387
-385
-384
-383
-382
-380
-380
-379
-379
-379
-378
-376
-376
-375
-373
-373
-370
-368
-365
-363
-363
-362
-359
-355
-355
-354
-350
-349
-348
-348
-347
-346
-344
-343
-339
-335
-335
-333
-333
-332
-331
-329
-328
-327
-325
-324
-320
-317
-317
-314
-313
-313
-309
-306
-304
-304
-303
-300
-298
-297
-296
-294
-291
-289
-288
-282
-281
-275
-274
-271
-270
-270
-270
-269
-269
-267
-266
-264
-264
-263
-261
-259
-252
-246
-244
-239
-235
-235
-234
-233
-232
-222
-219
-215
-214
-211
-207
-200
-197
-197
-192
-191
-187
-186
-186
-184
-183
-179
-177
-176
-173
-172
-167
-164
-159
-158
-156
-152
-145
-142
-138
-136
-136
-135
-131
-129
-128
-128
-127
-122
-122
-119
-119
-116
-116
-116
-115
-114
-106
-104
-103
-102
-101
-101
-100
-99
-98
-97
-92
-84
-83
-81
-81
-79
-77
-77
-76
-75
-74
-70
-70
-65
-62
-61
-58
-55
-54
-53
-52
-51
-49
-43
-42
-41
-30
-29
-28
-27
-23
-20
-20
-19
-18
-18
-16
-12
-11
-11
-9
-8
-6
-6
-6
-6
-3
0
2
5
6
9
9
11
12
13
17
18
19
21
23
24
25
27
27
29
29
30
34
37
39
40
41
41
46
46
47
52
52
53
54
57
59
59
60
61
61
62
63
64
66
67
67
68
68
72
72
73
74
76
77
78
79
83
85
86
88
89
92
93
97
102
102
102
103
104
106
110
112
117
117
118
119
123
123
124
126
130
130
131
131
134
137
137
145
148
150
150
154
155
155
157
157
159
159
160
163
165
167
172
175
178
178
179
181
182
183
188
189
190
192
194
195
197
200
200
205
206
209
212
212
213
216
220
221
225
226
227
232
232
239
242
244
244
247
248
248
248
253
259
259
264
265
267
269
275
276
276
278
279
280
282
282
287
288
289
290
292
294
299
300
302
302
304
306
312
314
314
318
319
320
326
329
329
329
336
339
342
346
350
355
359
359
359
363
368
369
371
377
379
380
380
383
385
385
389
390
392
394
394
396
403
405
405
406
410
412
412
413
413
413
415
416
417
417
422
424
427
428
434
434
434
435
438
439
442
447
447
448
450
451
451
456
457
457
464
465
466
468
472
479
479
484
485
486
488
489
497
498
499
502
503
508
508
514
516
518
519
522
523
524
527
531
531
531
531
532
532
533
534
534
535
542
544
545
549
559
559
559
560
560
563
564
565
567
570
571
574
574
574
575
575
577
577
578
581
587
589
590
591
593
593
594
596
601
602
602
604
612
615
615
620
621
626
629
630
633
633
634
637
640
640
642
642
642
644
649
652
661
664
666
668
669
670
670
671
671
673
676
677
678
679
681
682
682
685
685
687
687
688
690
694
695
698
702
704
715
717
721
722
722
728
729
730
731
739
740
742
743
745
748
748
748
751
753
753
758
758
758
761
762
766
768
768
770
771
772
773
773
780
781
781
781
783
786
788
790
792
793
793
794
794
796
797
798
800
811
812
814
814
815
816
817
825
826
826
828
828
832
832
838
839
841
842
847
847
848
849
851
853
858
858
858
861
864
866
867
870
870
870
870
870
871
873
878
878
881
883
884
885
885
888
890
891
893
893
893
902
909
912
916
922
922
924
929
935
936
939
939
940
943
944
944
946
948
951
955
956
958
959
961
964
966
966
968
969
973
973
973
979
980
980
986
990
993
995
997
998