-997
-994
-994
-993
-992
-991
-986
-980
-980
-977
-974
-973
-970
-970
-969
-967
-966
-966
-963
-963
-962
-961
-957
-949
-945
-945
-941
-938
-937
-936
-934
-932
-930
-929
-925
-913
-912
-912
-910
-908
-907
-902
-898
-896
-894
-889
-887
-887
-886
-886
-885
-885
-882
-882
-878
-874
-872
-869
-864
-863
-860
-858
-855
-855
-852
-850
-842
-842
-841
-840
-837
-835
-831
-829
-828
-827
-825
-822
-821
-820
-815
-814
-813
-813
-809
-808
-804
-802
-802
-800
-800
-799
-797
-796
-794
-794
-794
-792
-789
-789
-785
-773
-768
-766
-761
-761
-751
-750
-749
-748
-747
-747
-745
-744
-744
-743
-742
-740
-736
-733
-732
-728
-726
-726
-714
-714
-712
-710
-708
-708
-707
-704
-701
-699
-697
-694
-692
-687
-687
-687
-682
-676
-675
-670
-667
-667
-662
-657
-656
-654
-653
-649
-648
-648
-648
-647
-641
-641
-640
-636
-635
-633
-631
-630
-628
-627
-624
-624
-622
-621
-620
-614
-613
-611
-606
-605
-605
-601
-600
-598
-591
-586
-582
-577
-571
-569
-565
-565
-563
-563
-561
-561
-561
-560
-554
-553
-550
-550
-545
-543
-542
-541
-538
-538
-537
-535
-535
-528
-528
-520
-520
-519
-518
-516
-515
-514
-512
-512
-506
-506
-499
-499
-496
-496
-495
-493
-493
-491
-491
-490
-490
-490
-489
-489
-489
-487
-486
-485
-484
-481
-477
-477
-474
-472
-467
-466
-465
-465
-464
-460
-459
-459
-457
-453
-452
-451
-450
-449
-446
-443
-441
-441
-440
-439
-438
-434
-433
-433
-433
-430
-430
-429
-428
-427
-426
-421
-420
-420
-419
-418
-418
-416
-415
-411
-410
-409
-409
-408
-408
-407
-405
-397
-397
-396
-395
-394
-386
-385
-385
-383
-381
-380
-380
-379
-362
-361
-360
-354
-353
-351
-350
-349
-345
-344
-341
-341
-337
-336
-332
-329
-327
-326
-326
-325
-325
-324
-321
-319
-317
-312
-306
-304
-302
-300
-298
-293
-292
-288
-286
-285
-283
-282
-282
-272
-269
-268
-267
-266
-265
-263
-261
-260
-256
-256
-251
-251
-249
-248
-245
-244
-244
-243
-241
-240
-239
-237
-236
-236
-235
-230
-225
-223
-220
-215
-208
-207
-204
-202
-198
-197
-195
-192
-192
-189
-187
-183
-181
-180
-174
-173
-173
-170
-169
-162
-157
-156
-155
-154
-152
-147
-147
-145
-139
-135
-132
-132
-131
-130
-128
-128
-126
-125
-123
-122
-121
-120
-118
-117
-117
-113
-112
-111
-111
-111
-111
-110
-110
-110
-108
-108
-106
-99
-98
-98
-91
-90
-87
-87
-86
-85
-83
-83
-79
-76
-76
-74
-74
-73
-71
-68
-67
-62
-61
-60
-59
-59
-54
-50
-50
-49
-47
-44
-40
-38
-37
-37
-36
-35
-34
-33
-26
-26
-21
-20
-15
-14
-5
-4
-3
-2
-1
-1
-1
0
3
3
7
7
7
11
12
13
15
15
16
21
24
26
27
32
35
37
39
39
40
40
40
45
46
50
51
52
54
55
56
57
58
65
67
68
68
69
77
82
83
88
91
92
94
95
100
101
101
104
105
107
110
111
111
112
120
123
123
124
126
127
128
128
130
138
146
146
153
155
161
161
165
166
171
172
173
174
174
178
180
181
183
186
187
190
193
195
199
201
203
209
210
214
216
217
218
218
219
219
220
224
226
229
230
232
235
238
239
242
246
248
248
251
254
254
254
257
257
258
258
258
260
263
265
266
270
271
271
272
273
274
275
275
276
277
277
285
285
286
287
289
292
292
296
297
299
302
303
305
306
308
311
311
312
317
317
322
324
325
328
328
329
333
333
334
336
337
337
337
339
340
342
345
348
349
351
361
367
371
378
381
382
383
386
386
388
391
393
396
397
400
401
401
402
412
413
414
416
416
417
418
422
423
425
426
426
429
431
431
432
433
435
435
443
445
448
456
457
457
461
463
467
467
471
473
474
475
476
479
487
491
492
492
496
496
497
499
499
501
504
505
507
512
514
515
515
517
521
523
524
525
529
530
532
535
536
536
537
537
538
539
541
541
542
548
551
551
552
553
555
555
556
557
557
558
559
560
561
561
563
563
565
565
566
567
567
570
574
574
578
578
582
584
585
586
589
590
592
592
593
593
593
594
594
595
596
598
598
604
606
607
609
609
611
613
614
614
615
615
618
618
618
618
621
623
623
625
625
628
630
636
642
642
644
645
646
647
648
649
650
657
659
659
660
664
666
671
673
677
678
678
678
681
683
684
685
687
690
691
691
693
694
700
702
712
712
719
720
722
722
723
723
725
726
728
729
729
731
736
740
740
740
743
743
744
745
746
753
759
760
761
761
766
768
773
775
776
777
778
781
781
782
785
787
789
792
793
802
806
809
810
811
815
816
818
818
818
819
820
821
821
821
821
824
825
830
835
836
836
838
842
845
847
849
856
857
857
859
859
864
867
870
873
877
879
884
885
888
889
889
889
891
893
895
897
901
901
901
907
908
908
912
912
912
915
915
917
917
917
918
920
920
920
924
926
927
930
931
933
936
936
938
943
947
948
949
949
949
951
951
952
952
953
958
959
963
963
963
964
966
969
973
975
977
987
987
987
989
990
991
995
997
1000
1000
1000