-1000
-1000
-999
-999
-998
-994
-993
-988
-987
-982
-981
-979
-979
-974
-974
-968
-959
-954
-953
-952
-947
-946
-938
-937
-936
-932
-930
-930
-928
-928
-928
-922
-921
-918
-913
-913
-912
-908
-908
-905
-905
-905
-904
-904
-900
-894
-893
-884
-881
-877
-877
-877
-877
-876
-875
-874
-872
-869
-862
-862
-853
-852
-851
-850
-850
-849
-845
-844
-842
-836
-835
-832
-829
-825
-825
-824
-824
-818
-817
-814
-813
-812
-809
-808
-807
-805
-804
-800
-800
-799
-795
-790
-790
-788
-785
-784
-778
-773
-771
-770
-768
-765
-763
-761
-760
-755
-754
-750
-748
-748
-744
-743
-740
-740
-733
-732
-730
-727
-727
-722
-721
-719
-716
-715
-714
-712
-706
-706
-704
-702
-697
-697
-690
-681
-681
-680
-679
-679
-677
-676
-674
-670
-669
-669
-665
-660
-658
-656
-652
-650
-650
-648
-648
-647
-646
-644
-641
-640
-640
-640
-637
-635
-634
-634
-634
-633
-633
-631
-627
-625
-622
-621
-621
-620
-618
-615
-615
-614
-613
-613
-612
-612
-612
-609
-608
-605
-604
-604
-604
-603
-602
-600
-600
-600
-599
-595
-593
-591
-588
-587
-584
-583
-583
-582
-579
-572
-569
-567
-565
-562
-556
-556
-545
-544
-540
-538
-538
-533
-532
-531
-530
-522
-520
-518
-516
-511
-511
-509
-509
-507
-507
-504
-504
-503
-500
-498
-498
-492
-489
-487
-483
-482
-481
-480
-477
-476
-473
-472
-467
-464
-464
-464
-463
-461
-460
-457
-455
-454
-454
-445
-440
-439
-437
-433
-432
-431
-430
-430
-430
-428
-425
-423
-423
-423
-422
-421
-419
-417
-411
-410
-403
-402
-399
-399
-395
-395
-393
-390
-386
-385
-384
-381
-379
-377
-376
-370
-369
-369
-364
-361
-359
-359
-359
-358
-358
-358
-355
-353
-351
-347
-347
-346
-343
-341
-339
-334
-327
-322
-321
-317
-315
-315
-313
-313
-311
-307
-306
-303
-301
-300
-298
-297
-297
-295
-294
-292
-291
-290
-287
-284
-282
-281
-280
-278
-277
-269
-267
-267
-265
-259
-256
-256
-254
-252
-245
-243
-242
-241
-240
-237
-232
-231
-228
-228
-227
-227
-223
-220
-216
-216
-216
-215
-215
-211
-210
-209
-209
-207
-205
-205
-204
-203
-202
-201
-193
-192
-191
-191
-188
-187
-186
-183
-180
-178
-173
-173
-171
-169
-165
-165
-163
-163
-161
-161
-152
-152
-146
-145
-144
-141
-135
-135
-134
-134
-133
-130
-123
-123
-123
-123
-122
-120
-120
-120
-118
-116
-107
-106
-103
-102
-101
-97
-95
-93
-91
-91
-86
-84
-83
-79
-77
-77
-76
-76
-75
-71
-69
-69
-68
-66
-63
-63
-60
-60
-54
-54
-53
-53
-52
-50
-50
-50
-49
-49
-43
-39
-36
-35
-32
-30
-29
-25
-23
-23
-21
-21
-20
-19
-19
-16
-14
-13
-11
-11
-7
-3
1
1
2
3
4
5
6
8
10
15
15
19
24
25
29
30
33
33
43
50
50
52
53
55
59
60
60
68
71
71
73
79
83
84
88
90
91
92
93
93
95
96
98
104
106
107
108
109
110
113
113
114
123
124
126
126
127
129
133
136
137
138
139
141
141
142
143
144
144
147
149
150
150
151
151
151
155
157
157
158
161
168
169
173
176
176
177
177
179
183
186
187
188
190
190
191
193
193
197
198
202
204
209
209
211
217
219
223
224
224
225
227
228
231
236
237
239
239
242
250
253
254
254
255
257
259
260
260
261
263
263
265
271
273
273
273
274
280
281
282
282
284
291
291
292
294
295
295
298
299
299
304
304
305
305
310
314
315
316
318
319
320
320
322
323
324
324
326
327
331
336
336
337
337
337
338
339
339
341
342
342
343
344
345
345
345
347
348
348
356
356
360
360
361
364
365
370
371
372
377
378
379
379
385
389
391
397
398
402
408
412
412
413
414
414
417
418
421
425
427
427
436
437
438
438
441
449
452
452
453
458
458
458
458
463
464
465
467
469
470
473
478
481
483
485
486
486
490
491
491
492
492
500
501
509
513
517
518
523
524
525
526
533
536
536
540
540
541
542
543
544
544
546
546
547
551
552
554
554
557
561
561
561
565
567
567
568
569
569
570
575
580
580
584
586
586
589
590
590
591
592
594
595
596
597
598
599
602
610
612
612
612
613
614
614
614
614
616
616
619
620
621
629
629
632
632
632
634
637
638
638
640
646
647
648
650
650
652
654
655
656
662
662
662
662
663
664
665
673
677
679
680
684
685
688
690
692
693
695
698
699
703
706
716
717
721
721
727
732
734
734
736
736
738
739
746
752
753
754
754
754
758
759
767
770
772
772
775
776
777
779
782
783
783
784
789
790
791
793
793
794
795
796
797
798
798
799
803
803
805
809
811
813
813
815
815
816
816
817
819
819
821
821
823
833
833
834
834
834
835
836
842
844
844
850
850
854
856
859
861
864
867
868
874
875
876
876
877
877
887
888
890
891
891
892
892
893
894
896
900
904
908
914
914
915
918
918
920
920
920
923
925
929
930
930
931
932
938
938
939
940
943
944
944
945
945
949
953
954
957
959
960
963
964
964
965
965
969
973
974
974
978
978
980
984
985
987
990
991
991
992
995
996
1000