-988
-987
-985
-978
-976
-974
-972
-969
-969
-969
-965
-964
-960
-959
-959
-958
-957
-950
-949
-946
-944
-944
-943
-942
-941
-941
-938
-936
-936
-935
-927
-924
-919
-915
-914
-912
-911
-911
-910
-909
-905
-905
-904
-903
-901
-892
-891
-890
-890
-890
-888
-888
-883
-880
-878
-876
-875
-872
-872
-870
-870
-868
-866
-865
-865
-862
-862
-860
-859
-859
-859
-854
-852
-852
-850
-848
-847
-846
-845
-843
-842
-842
-839
-838
-838
-837
-835
-832
-825
-823
-823
-822
-821
-819
-818
-815
-814
-814
-812
-811
-808
-807
-805
-801
-799
-798
-797
-796
-796
-794
-793
-793
-790
-789
-788
-787
-784
-783
-779
-776
-774
-774
-773
-772
-770
-768
-764
-760
-759
-759
-757
-757
-756
-755
-755
-746
-741
-741
-737
-737
-736
-735
-733
-733
-729
-725
-724
-724
-724
-721
-720
-718
-716
-715
-714
-714
-711
-710
-707
-707
-704
-703
-702
-701
-698
-688
-688
-687
-682
-679
-677
-677
-676
-675
-673
-671
-668
-663
-655
-652
-649
-647
-647
-647
-646
-636
-635
-631
-629
-629
-621
-618
-617
-610
-609
-609
-605
-603
-600
-596
-595
-590
-587
-585
-584
-584
-580
-579
-579
-578
-578
-577
-574
-572
-568
-568
-566
-563
-561
-559
-558
-558
-557
-552
-549
-548
-547
-546
-545
-545
-544
-543
-542
-541
-536
-533
-521
-521
-521
-520
-519
-503
-502
-499
-495
-494
-493
-493
-490
-487
-487
-486
-484
-481
-481
-479
-479
-472
-471
-469
-465
-463
-460
-458
-455
-453
-446
-445
-445
-433
-433
-433
-430
-428
-426
-422
-419
-418
-417
-413
-412
-412
-411
-410
-410
-401
-399
-399
-398
-396
-395
-395
-394
-393
-392
-385
-384
-381
-380
-379
-377
-374
-372
-372
-371
-369
-368
-366
-362
-361
-357
-350
-345
-345
-345
-342
-338
-336
-333
-331
-331
-321
-320
-320
-318
-315
-310
-309
-309
-306
-301
-299
-297
-296
-295
-293
-293
-291
-285
-285
-285
-284
-284
-284
-282
-281
-281
-272
-271
-269
-269
-266
-265
-262
-262
-258
-257
-253
-251
-249
-245
-243
-243
-242
-240
-240
-240
-240
-238
-235
-234
-230
-228
-228
-227
-226
-224
-221
-218
-218
-218
-216
-214
-209
-209
-206
-205
-204
-204
-198
-197
-196
-190
-189
-189
-188
-186
-185
-176
-173
-171
-164
-164
-160
-157
-157
-155
-154
-147
-142
-141
-141
-139
-139
-138
-133
-130
-130
-130
-129
-129
-128
-128
-128
-128
-123
-121
-121
-119
-117
-117
-113
-111
-110
-108
-105
-100
-97
-93
-92
-92
-90
-89
-84
-83
-81
-78
-76
-76
-70
-65
-65
-64
-61
-60
-57
-53
-51
-50
-48
-43
-38
-37
-36
-35
-34
-33
-33
-31
-30
-29
-29
-28
-24
-23
-22
-11
-10
-9
-5
-2
1
3
3
5
6
9
11
12
15
18
18
18
20
29
32
32
34
37
37
38
40
43
44
45
47
47
52
59
59
59
60
63
64
71
73
73
76
77
78
81
93
93
94
99
100
105
107
107
108
108
109
109
112
113
115
116
127
129
130
131
132
136
137
142
143
143
145
145
146
149
151
153
154
156
156
156
157
164
164
166
168
169
172
174
176
178
183
183
183
184
184
185
185
186
188
188
191
192
192
194
197
199
200
200
201
203
207
207
209
214
214
214
217
217
217
218
222
223
225
226
229
230
231
232
232
234
234
235
241
242
243
243
243
244
246
249
249
249
251
252
253
254
254
254
254
255
256
257
259
259
260
262
263
265
267
267
270
272
276
277
277
277
280
282
285
289
291
293
296
298
302
304
305
306
307
308
313
315
315
318
321
321
324
324
325
326
328
328
329
330
333
334
338
340
340
340
347
347
347
348
350
351
356
359
361
365
371
372
373
378
382
382
383
383
389
391
394
396
398
399
401
402
403
406
407
418
421
422
423
424
427
427
427
430
432
434
438
440
443
443
443
444
445
448
452
452
453
456
457
460
460
460
464
470
474
475
476
476
477
477
479
481
483
486
489
490
493
495
497
510
511
513
515
517
519
520
520
522
522
524
525
525
525
529
530
530
531
533
534
537
538
541
546
547
551
552
553
553
554
555
556
556
560
560
562
562
568
571
572
578
578
583
584
584
585
588
589
594
599
600
606
608
617
620
621
621
622
624
625
626
626
630
631
632
635
636
637
642
642
644
645
647
648
652
652
655
655
655
655
656
656
659
660
669
677
680
681
682
682
682
683
685
687
688
689
695
698
698
699
701
708
708
709
713
714
715
717
721
721
722
724
726
730
730
735
737
739
741
742
745
748
750
751
753
755
760
763
764
768
769
769
770
770
772
772
774
774
778
783
784
785
788
790
792
798
799
801
807
808
808
810
810
810
810
811
813
815
817
821
824
825
827
827
828
836
837
838
840
843
844
845
846
846
846
847
848
851
853
858
858
860
863
863
864
867
867
868
871
871
872
876
876
879
880
883
890
895
898
901
901
903
904
907
910
910
910
914
915
916
919
920
921
922
922
929
932
936
940
942
946
946
946
947
950
950
951
955
955
958
960
961
963
971
971
973
975
975
975
977
984
989
991
992
994
995
995
996
996
1000