-993
-993
-988
-983
-983
-983
-982
-977
-973
-966
-965
-962
-961
-958
-958
-957
-956
-953
-952
-950
-949
-948
-947
-947
-947
-946
-945
-944
-941
-940
-940
-936
-935
-935
-932
-932
-931
-931
-927
-925
-917
-916
-908
-906
-902
-902
-901
-894
-894
-888
-887
-884
-880
-878
-877
-876
-875
-874
-872
-872
-870
-869
-869
-869
-869
-866
-862
-861
-861
-860
-858
-857
-857
-854
-852
-848
-846
-843
-838
-834
-833
-832
-831
-830
-828
-828
-828
-827
-821
-818
-816
-816
-815
-814
-811
-810
-810
-809
-804
-804
-804
-799
-795
-792
-792
-790
-789
-788
-786
-782
-777
-777
-776
-774
-771
-770
-770
-765
-765
-764
-763
-761
-750
-745
-744
-743
-743
-739
-736
-736
-734
-731
-727
-725
-725
-725
-725
-723
-721
-717
-716
-712
-711
-710
-710
-709
-709
-708
-707
-706
-705
-698
-697
-696
-695
-693
-693
-691
-691
-688
-687
-684
-684
-683
-674
-673
-669
-667
-667
-666
-661
-659
-658
-657
-656
-653
-651
-649
-648
-646
-639
-633
-632
-631
-631
-630
-627
-626
-626
-624
-624
-623
-618
-617
-616
-615
-613
-609
-606
-603
-599
-596
-595
-595
-592
-591
-589
-588
-587
-587
-586
-584
-584
-584
-582
-581
-580
-578
-574
-573
-571
-568
-568
-568
-567
-563
-562
-558
-556
-552
-547
-544
-538
-536
-535
-529
-528
-524
-522
-521
-517
-510
-509
-509
-509
-504
-500
-499
-498
-497
-494
-490
-485
-484
-479
-472
-465
-463
-462
-456
-456
-449
-449
-448
-447
-444
-442
-441
-438
-434
-429
-425
-425
-423
-420
-416
-415
-414
-412
-411
-408
-405
-404
-401
-399
-399
-399
-397
-395
-394
-392
-392
-391
-391
-387
-387
-386
-385
-382
-378
-373
-373
-372
-372
-370
-369
-369
-367
-366
-365
-364
-364
-363
-362
-362
-361
-357
-357
-353
-351
-349
-349
-349
-345
-342
-336
-335
-334
-333
-327
-324
-320
-320
-319
-319
-319
-318
-318
-317
-316
-316
-315
-310
-309
-308
-306
-304
-304
-303
-301
-301
-300
-300
-298
-298
-288
-286
-283
-278
-277
-276
-274
-264
-262
-262
-262
-262
-261
-261
-257
-257
-257
-246
-240
-232
-232
-232
-230
-228
-227
-226
-225
-223
-221
-221
-220
-219
-218
-217
-216
-215
-210
-210
-209
-204
-202
-200
-197
-195
-192
-191
-181
-180
-180
-180
-177
-175
-168
-164
-162
-161
-161
-158
-157
-157
-153
-148
-147
-147
-147
-145
-144
-143
-143
-143
-142
-139
-139
-137
-137
-136
-136
-125
-125
-124
-122
-122
-121
-117
-116
-116
-112
-109
-108
-106
-104
-103
-102
-97
-93
-92
-91
-85
-83
-83
-82
-78
-76
-74
-72
-71
-70
-68
-67
-66
-64
-63
-56
-55
-55
-53
-51
-49
-48
-48
-45
-44
-39
-37
-34
-33
-29
-28
-24
-23
-21
-20
-20
-19
-16
-15
-12
-12
-11
-7
-4
-4
6
7
12
13
15
20
20
24
24
25
26
27
27
28
31
33
33
36
36
37
40
42
42
45
47
49
53
54
54
55
57
58
60
62
64
69
70
73
75
76
76
77
79
81
91
92
96
97
100
100
100
101
106
109
113
114
115
116
117
119
122
122
124
125
125
126
128
129
129
133
138
141
143
151
151
153
154
156
157
158
158
160
163
165
167
175
176
178
180
182
183
184
184
185
188
190
191
195
196
200
201
203
205
205
206
206
216
218
220
220
222
224
224
225
226
227
228
231
233
233
234
234
235
242
242
244
246
246
251
257
259
261
263
268
271
276
277
278
279
280
284
289
293
294
295
296
298
298
304
305
306
308
313
315
316
322
331
334
337
339
341
343
343
344
345
347
347
347
349
350
351
352
355
361
361
366
367
368
369
369
369
372
376
376
379
380
381
382
386
387
388
390
391
391
395
396
400
404
411
412
413
414
416
417
419
423
424
425
426
427
429
431
433
434
436
436
438
440
444
444
445
445
449
454
455
457
458
459
462
462
463
463
464
465
466
467
467
467
470
470
470
470
471
471
472
473
476
481
481
485
487
490
495
497
498
498
500
502
508
510
511
514
518
520
520
521
522
524
525
527
532
532
535
536
536
538
539
540
541
543
544
550
551
552
560
561
564
565
574
574
576
578
583
583
584
589
592
593
595
599
607
607
608
608
608
609
612
617
617
618
619
620
621
622
625
628
631
637
637
638
640
640
641
641
642
644
648
649
655
657
660
664
666
667
671
671
673
677
680
680
684
685
688
692
693
695
696
704
708
710
717
718
720
720
728
734
734
736
736
737
737
739
740
741
741
741
742
743
743
744
745
748
750
752
754
756
763
763
763
767
767
768
768
769
769
771
772
774
776
781
781
784
786
786
787
787
792
794
794
797
797
798
799
800
803
804
805
808
814
815
816
817
817
819
820
821
823
825
827
830
831
832
842
847
849
851
852
852
853
856
856
858
861
861
865
870
874
881
882
884
884
890
891
894
894
902
903
903
904
907
908
909
913
913
915
918
919
919
921
924
925
927
932
934
937
940
941
942
943
944
944
946
948
950
953
954
955
958
959
961
964
967
967
970
970
971
972
973
974
980
981
982
983
991
992
992
992
993
995
997
998
999
1000