-993
-991
-990
-989
-988
-986
-984
-982
-982
-982
-980
-976
-973
-969
-968
-967
-963
-960
-954
-953
-952
-951
-951
-949
-948
-947
-947
-947
-946
-945
-944
-941
-940
-940
-940
-939
-938
-938
-936
-932
-928
-927
-926
-925
-922
-915
-914
-914
-913
-902
-896
-896
-896
-891
-889
-886
-886
-886
-884
-883
-881
-876
-874
-874
-872
-867
-867
-864
-863
-863
-859
-859
-858
-858
-857
-857
-856
-855
-855
-855
-855
-853
-853
-853
-848
-847
-846
-840
-838
-834
-831
-830
-830
-826
-824
-821
-820
-817
-816
-816
-816
-814
-813
-810
-810
-809
-809
-808
-808
-806
-803
-803
-797
-796
-794
-794
-793
-792
-791
-789
-788
-787
-784
-781
-780
-780
-780
-776
-772
-770
-770
-765
-765
-763
-762
-754
-748
-746
-744
-744
-743
-741
-736
-734
-733
-730
-730
-729
-729
-729
-726
-725
-725
-723
-722
-721
-720
-720
-719
-718
-716
-715
-715
-714
-712
-709
-709
-708
-705
-705
-700
-699
-692
-690
-689
-688
-682
-678
-678
-676
-676
-675
-674
-674
-673
-673
-672
-669
-660
-658
-654
-651
-650
-646
-644
-644
-642
-642
-642
-642
-640
-638
-637
-628
-626
-622
-613
-612
-610
-608
-607
-606
-602
-600
-594
-593
-592
-590
-589
-589
-588
-586
-585
-585
-581
-579
-579
-577
-574
-573
-573
-572
-570
-569
-568
-566
-565
-565
-565
-565
-564
-564
-563
-562
-561
-553
-553
-551
-550
-546
-545
-542
-541
-538
-538
-538
-536
-531
-527
-525
-522
-514
-513
-512
-511
-511
-508
-507
-501
-496
-495
-494
-494
-491
-489
-488
-487
-480
-476
-475
-474
-469
-469
-466
-465
-464
-457
-456
-452
-447
-443
-442
-442
-439
-438
-437
-437
-435
-435
-429
-429
-428
-428
-426
-424
-423
-423
-422
-421
-421
-416
-415
-406
-406
-404
-404
-404
-403
-400
-400
-398
-398
-396
-391
-380
-377
-377
-374
-370
-369
-367
-366
-366
-365
-365
-362
-360
-360
-360
-358
-356
-355
-355
-353
-352
-352
-348
-347
-347
-346
-338
-335
-328
-328
-325
-324
-323
-321
-320
-314
-312
-311
-311
-307
-306
-304
-304
-299
-298
-298
-294
-294
-294
-293
-292
-289
-289
-288
-287
-283
-281
-279
-278
-277
-276
-276
-274
-274
-270
-269
-267
-264
-262
-261
-259
-258
-257
-255
-252
-249
-243
-241
-239
-237
-237
-235
-234
-233
-229
-224
-224
-222
-210
-208
-203
-201
-201
-192
-188
-186
-183
-181
-180
-179
-178
-177
-176
-174
-172
-171
-170
-166
-164
-163
-161
-159
-157
-154
-150
-150
-150
-149
-144
-144
-143
-141
-137
-136
-134
-134
-134
-132
-130
-127
-126
-126
-124
-124
-117
-117
-115
-111
-110
-110
-109
-108
-105
-104
-103
-97
-97
-97
-95
-93
-92
-91
-90
-87
-86
-86
-84
-82
-82
-81
-77
-75
-71
-68
-67
-64
-63
-58
-55
-52
-49
-49
-48
-44
-43
-41
-41
-38
-34
-32
-27
-26
-26
-17
-15
-13
-12
-11
-5
-4
-3
-2
-1
0
0
7
7
10
11
11
15
18
19
20
20
25
26
29
33
35
36
37
48
49
49
50
50
51
52
55
56
58
64
67
68
69
70
72
72
73
75
75
75
77
78
79
82
83
83
89
90
90
91
96
97
99
102
105
109
110
112
118
120
120
123
126
128
128
131
131
131
134
135
142
145
149
149
151
151
151
157
158
162
164
166
169
171
173
175
181
183
185
186
193
194
196
196
198
201
202
203
203
214
215
216
220
220
221
222
225
225
225
233
233
235
236
240
241
245
249
249
253
255
264
265
267
269
274
275
279
280
280
281
282
285
287
287
289
291
293
294
298
299
300
300
300
301
305
315
320
322
322
323
323
323
324
325
326
326
330
331
334
335
340
343
345
350
351
356
356
359
360
360
360
364
365
367
373
374
378
379
380
381
383
387
390
390
390
391
392
392
393
394
403
408
415
418
425
427
428
428
429
430
430
431
434
437
438
438
444
445
446
447
447
447
448
455
455
458
459
461
462
463
463
464
467
468
471
472
472
475
481
484
484
484
485
486
489
489
489
490
493
495
497
498
499
507
507
509
514
514
516
518
519
528
529
529
534
535
538
543
544
552
553
553
559
560
564
567
567
568
569
570
575
576
578
578
582
586
589
589
591
591
592
592
595
597
598
600
601
602
606
610
616
618
618
623
625
628
629
633
638
639
640
641
641
641
645
648
649
649
652
653
657
659
664
670
674
678
678
681
681
682
683
684
685
687
687
689
690
690
692
696
697
697
697
700
701
703
707
708
712
717
720
721
722
724
728
728
729
731
734
736
739
741
743
745
746
746
751
758
758
758
759
761
762
763
766
767
775
780
781
783
786
787
790
791
792
795
795
796
797
798
800
805
805
807
811
811
812
813
814
818
818
819
820
827
829
829
834
835
836
837
838
838
841
841
841
843
843
843
846
851
852
853
853
854
857
858
859
860
863
867
868
872
873
873
875
877
879
881
887
894
897
897
898
907
909
909
910
911
916
917
917
919
919
921
922
922
924
927
928
928
932
933
935
939
940
941
943
944
945
947
947
947
948
950
955
959
960
963
963
966
966
969
970
973
977
981
982
989
990
992
995
998
1000