-999
-998
-998
-992
-989
-987
-986
-982
-977
-975
-975
-972
-969
-969
-969
-964
-962
-960
-959
-957
-956
-956
-949
-948
-948
-948
-946
-945
-942
-942
-941
-940
-939
-939
-937
-932
-926
-926
-923
-921
-919
-916
-915
-914
-910
-910
-909
-908
-904
-903
-902
-895
-893
-891
-889
-879
-878
-878
-877
-875
-874
-873
-872
-869
-868
-868
-867
-867
-860
-859
-858
-852
-846
-843
-842
-842
-840
-838
-837
-831
-830
-827
-827
-824
-824
-820
-819
-816
-814
-813
-813
-810
-809
-807
-807
-806
-806
-803
-802
-801
-800
-799
-797
-797
-796
-796
-795
-793
-793
-792
-791
-778
-774
-774
-773
-772
-771
-770
-768
-767
-765
-765
-761
-759
-750
-748
-748
-746
-742
-740
-739
-739
-736
-736
-736
-733
-733
-732
-732
-729
-729
-723
-719
-718
-716
-715
-715
-714
-714
-713
-713
-711
-709
-708
-707
-703
-702
-702
-699
-698
-698
-696
-695
-693
-693
-692
-691
-688
-686
-681
-679
-678
-674
-668
-664
-663
-663
-656
-655
-652
-651
-651
-651
-648
-646
-643
-643
-641
-640
-640
-640
-637
-636
-636
-631
-626
-622
-621
-613
-611
-608
-607
-606
-605
-602
-600
-598
-597
-593
-592
-592
-587
-586
-584
-584
-583
-581
-580
-579
-576
-574
-573
-572
-572
-572
-569
-567
-565
-555
-555
-549
-548
-547
-545
-545
-545
-537
-530
-527
-526
-523
-522
-521
-521
-516
-513
-512
-508
-504
-501
-500
-498
-493
-493
-492
-491
-491
-491
-484
-480
-478
-474
-473
-467
-467
-464
-464
-464
-464
-463
-462
-460
-452
-449
-448
-446
-445
-444
-442
-438
-436
-434
-431
-426
-421
-414
-414
-413
-412
-409
-406
-404
-403
-403
-398
-395
-395
-395
-395
-393
-388
-379
-378
-377
-377
-376
-374
-374
-370
-370
-367
-366
-359
-358
-357
-356
-352
-351
-351
-351
-347
-340
-333
-333
-333
-329
-328
-327
-327
-326
-325
-323
-321
-316
-312
-310
-306
-301
-299
-297
-296
-295
-294
-294
-289
-286
-283
-279
-278
-276
-270
-262
-261
-260
-259
-259
-259
-257
-256
-256
-256
-251
-249
-248
-245
-245
-243
-243
-242
-242
-240
-238
-238
-237
-229
-229
-226
-225
-225
-223
-221
-220
-219
-214
-213
-210
-208
-207
-206
-205
-203
-203
-203
-199
-187
-182
-182
-180
-179
-179
-179
-177
-177
-177
-174
-173
-172
-172
-168
-167
-167
-167
-166
-164
-163
-160
-160
-159
-156
-156
-151
-150
-148
-146
-145
-144
-141
-141
-141
-140
-139
-134
-130
-128
-127
-126
-124
-121
-120
-117
-116
-110
-108
-104
-103
-103
-101
-101
-100
-100
-99
-97
-95
-95
-94
-94
-94
-91
-87
-87
-84
-84
-81
-81
-80
-76
-75
-74
-74
-69
-68
-68
-66
-66
-63
-63
-62
-60
-57
-57
-54
-52
-51
-50
-49
-48
-47
-45
-44
-43
-39
-38
-35
-35
-34
-33
-31
-31
-29
-25
-21
-15
-13
-10
-9
-7
-5
-4
-3
-2
1
2
4
4
6
8
8
12
14
15
15
16
19
20
25
28
29
31
33
34
35
35
36
40
41
41
42
42
43
48
49
58
59
59
62
62
65
66
67
68
69
77
82
85
89
89
93
95
95
101
102
103
103
103
105
105
115
116
117
118
119
121
122
128
129
131
133
135
137
139
148
150
152
154
154
158
159
160
162
162
162
166
167
167
171
175
175
178
182
183
183
186
190
191
192
192
194
197
201
206
208
212
214
217
220
221
222
227
229
233
236
238
241
247
248
254
256
260
262
263
265
266
268
268
268
268
268
274
276
279
279
280
287
288
291
292
302
304
306
308
308
309
320
324
325
331
334
334
335
339
340
342
342
348
349
354
356
356
357
362
368
369
372
374
374
375
376
379
379
380
381
386
386
389
390
391
393
394
398
398
399
402
403
403
404
404
406
406
407
410
412
412
416
416
416
417
418
418
420
422
425
425
425
426
428
429
429
430
430
431
433
434
435
436
438
439
446
449
449
451
451
452
452
453
458
458
459
463
466
469
471
471
473
474
475
479
482
485
490
491
491
492
493
493
493
494
496
498
498
500
501
503
506
509
511
516
517
519
521
522
527
527
533
537
538
539
541
541
544
549
553
554
557
559
563
563
565
565
566
569
570
574
575
579
579
579
581
584
584
587
588
589
594
596
596
597
605
609
610
612
613
613
615
618
619
619
620
622
622
623
626
627
627
629
632
635
635
639
641
643
644
645
648
650
651
651
652
652
653
657
657
659
659
660
662
662
668
669
678
680
684
684
685
685
698
698
698
698
699
699
701
704
706
713
718
718
723
726
732
736
738
740
741
746
747
747
750
751
752
752
753
753
754
761
763
763
764
766
767
768
769
771
773
777
779
781
786
786
786
787
788
788
788
789
790
793
794
794
795
796
797
798
799
799
806
806
807
809
810
812
813
814
815
815
817
819
823
828
829
834
834
836
838
847
848
849
852
864
866
869
870
870
871
873
874
879
879
887
888
890
890
893
893
903
913
914
917
919
924
927
928
929
940
940
942
942
942
947
948
948
949
950
951
957
957
958
961
964
967
968
968
968
969
970
972
972
972
973
977
977
981
984
985
986
986
993
993
994
995
997