-1000
-997
-995
-994
-991
-990
-987
-983
-981
-981
-972
-971
-971
-967
-966
-964
-963
-958
-958
-957
-949
-947
-946
-946
-942
-941
-941
-940
-938
-934
-933
-933
-928
-925
-920
-920
-919
-917
-917
-915
-914
-913
-910
-910
-909
-909
-905
-903
-897
-895
-895
-893
-893
-892
-892
-892
-887
-886
-886
-885
-883
-883
-882
-881
-878
-877
-873
-872
-872
-871
-868
-859
-854
-854
-852
-850
-848
-847
-846
-846
-846
-843
-840
-839
-839
-837
-837
-837
-835
-834
-829
-829
-826
-826
-824
-823
-822
-820
-817
-817
-814
-813
-813
-806
-805
-799
-798
-796
-790
-790
-789
-788
-784
-783
-781
-777
-773
-770
-769
-769
-768
-766
-765
-763
-762
-757
-757
-757
-752
-751
-749
-740
-739
-739
-737
-735
-732
-731
-731
-729
-727
-722
-721
-720
-719
-719
-715
-715
-715
-713
-711
-710
-710
-708
-702
-700
-698
-698
-698
-696
-690
-684
-683
-674
-674
-673
-664
-662
-661
-659
-657
-657
-657
-651
-649
-648
-648
-645
-641
-639
-639
-639
-637
-634
-625
-624
-616
-613
-612
-612
-610
-607
-603
-600
-600
-593
-590
-588
-587
-585
-585
-583
-581
-579
-579
-578
-574
-570
-568
-568
-565
-564
-559
-558
-556
-554
-552
-552
-549
-548
-548
-546
-544
-543
-540
-539
-538
-538
-536
-534
-534
-534
-532
-526
-526
-523
-517
-516
-515
-506
-504
-504
-502
-501
-501
-500
-499
-498
-495
-494
-488
-486
-485
-485
-482
-481
-471
-469
-463
-462
-459
-456
-453
-450
-448
-447
-438
-434
-430
-430
-427
-424
-422
-421
-418
-409
-409
-409
-407
-407
-404
-403
-396
-394
-391
-389
-388
-387
-386
-384
-382
-380
-379
-378
-376
-373
-373
-373
-369
-369
-368
-365
-363
-362
-357
-357
-357
-354
-352
-350
-350
-349
-349
-349
-348
-346
-345
-343
-342
-338
-337
-335
-335
-332
-327
-326
-324
-322
-322
-320
-320
-319
-318
-316
-313
-307
-304
-299
-299
-298
-294
-289
-289
-289
-287
-285
-281
-277
-276
-271
-271
-268
-265
-264
-262
-258
-257
-254
-254
-252
-252
-250
-249
-248
-246
-246
-239
-233
-233
-232
-229
-229
-228
-227
-225
-222
-220
-220
-218
-215
-213
-202
-198
-198
-197
-196
-195
-195
-194
-190
-188
-186
-185
-185
-182
-180
-178
-177
-177
-177
-176
-175
-170
-170
-165
-163
-157
-157
-156
-147
-146
-143
-143
-142
-142
-141
-138
-138
-136
-132
-131
-130
-124
-120
-114
-114
-113
-109
-109
-108
-106
-98
-96
-96
-96
-94
-90
-88
-86
-84
-83
-83
-82
-80
-78
-77
-76
-73
-72
-71
-69
-67
-67
-65
-64
-64
-59
-59
-56
-55
-50
-50
-49
-44
-39
-38
-32
-32
-29
-27
-19
-18
-10
-9
-6
-3
0
1
4
6
10
14
16
16
16
16
18
20
24
25
29
33
35
35
39
39
40
43
44
45
46
48
50
51
52
59
60
60
62
62
66
66
69
71
71
73
74
74
76
77
77
78
79
81
81
84
87
89
90
93
102
108
109
109
114
117
118
120
121
121
123
124
128
130
131
131
137
138
140
143
150
152
153
153
156
156
157
158
159
162
163
164
166
166
168
168
168
169
171
174
177
184
185
188
188
188
189
196
197
197
203
204
206
206
208
208
209
210
217
220
223
225
227
227
229
232
232
234
237
239
241
244
244
250
255
255
256
262
262
263
267
267
270
273
276
278
279
279
280
280
281
282
283
285
286
287
289
290
292
296
296
296
301
304
306
307
307
308
312
312
312
312
312
320
321
322
322
323
325
328
330
331
331
332
341
342
343
346
348
348
353
353
354
361
364
367
368
370
376
377
379
381
383
383
384
384
387
388
388
391
392
392
392
394
394
398
399
402
403
406
407
407
407
408
408
411
418
419
419
420
422
424
430
434
438
443
444
446
446
448
448
449
450
452
453
455
457
461
462
465
470
471
473
473
475
477
477
478
479
480
483
484
484
485
485
486
489
489
491
491
491
497
500
505
505
512
514
519
519
522
522
523
526
527
527
529
529
535
538
540
543
546
546
548
548
552
553
556
558
560
561
562
564
564
566
568
571
574
574
580
581
585
585
589
590
590
592
595
597
598
600
601
601
602
603
604
607
612
617
623
623
624
631
636
637
642
645
645
648
648
652
657
657
658
664
665
665
675
677
678
682
682
684
685
687
689
690
692
692
692
692
695
700
703
704
705
709
711
714
715
716
718
719
720
723
724
724
725
729
730
730
730
732
733
735
735
741
743
743
744
744
746
748
750
755
755
758
762
764
764
765
766
771
771
773
775
775
779
779
780
784
786
787
790
792
796
797
797
799
800
802
806
807
808
810
810
820
821
821
821
828
831
832
837
841
842
844
845
846
847
848
848
850
853
854
855
855
857
858
858
863
866
874
874
876
876
877
878
882
882
883
885
887
889
890
894
895
900
901
901
904
907
907
910
910
913
915
919
919
921
923
924
926
926
927
927
931
932
932
935
939
941
943
943
944
947
949
951
954
955
956
958
959
960
961
961
962
965
966
972
973
975
975
978
978
979
982
985
985
986
986
987
989
989
991
995
996
999
1000
1000