-1000
-1000
-995
-994
-993
-993
-992
-992
-988
-987
-986
-985
-984
-982
-979
-978
-976
-971
-971
-968
-965
-964
-962
-960
-959
-958
-955
-951
-950
-945
-945
-944
-943
-942
-941
-938
-932
-932
-926
-925
-923
-923
-923
-921
-921
-918
-918
-914
-912
-908
-905
-905
-903
-897
-897
-895
-890
-889
-888
-887
-886
-885
-882
-881
-879
-877
-874
-871
-870
-868
-868
-864
-863
-860
-853
-848
-846
-842
-835
-832
-832
-830
-828
-827
-821
-820
-819
-819
-817
-815
-812
-812
-811
-810
-808
-806
-794
-787
-785
-779
-777
-775
-770
-767
-766
-766
-766
-766
-765
-764
-763
-761
-760
-758
-755
-754
-753
-753
-752
-752
-752
-750
-749
-746
-742
-740
-738
-738
-738
-737
-729
-725
-723
-721
-720
-720
-719
-716
-715
-711
-710
-709
-708
-706
-704
-701
-699
-697
-695
-694
-693
-692
-690
-689
-688
-680
-680
-672
-667
-665
-659
-656
-654
-654
-650
-650
-648
-645
-645
-642
-642
-642
-640
-640
-635
-634
-633
-628
-627
-622
-621
-618
-616
-614
-612
-611
-609
-603
-602
-600
-596
-584
-582
-575
-572
-570
-570
-569
-569
-567
-567
-566
-565
-563
-562
-558
-556
-556
-554
-554
-553
-552
-551
-551
-550
-548
-548
-548
-548
-547
-546
-545
-545
-544
-537
-527
-527
-524
-514
-514
-514
-512
-511
-510
-502
-502
-499
-497
-497
-493
-489
-488
-487
-486
-486
-486
-486
-485
-483
-482
-480
-479
-476
-476
-475
-475
-473
-471
-470
-469
-468
-466
-461
-459
-459
-458
-457
-456
-455
-454
-452
-452
-452
-451
-451
-447
-446
-445
-444
-443
-443
-442
-441
-440
-440
-439
-435
-434
-434
-426
-425
-424
-423
-423
-420
-418
-416
-408
-405
-405
-404
-402
-398
-398
-396
-394
-392
-388
-382
-379
-378
-376
-373
-369
-367
-361
-359
-358
-357
-353
-349
-347
-347
-344
-343
-341
-340
-338
-332
-331
-327
-324
-322
-321
-320
-320
-318
-317
-315
-313
-311
-309
-308
-302
-302
-301
-300
-298
-297
-296
-296
-294
-294
-293
-293
-287
-287
-280
-279
-277
-276
-271
-271
-269
-268
-267
-263
-258
-257
-257
-255
-254
-252
-248
-244
-243
-241
-240
-240
-240
-232
-231
-231
-230
-225
-218
-217
-215
-213
-206
-203
-203
-202
-200
-198
-195
-193
-193
-193
-190
-190
-188
-186
-186
-185
-183
-180
-178
-177
-165
-162
-161
-160
-159
-158
-155
-151
-146
-146
-146
-142
-141
-139
-138
-134
-134
-132
-127
-125
-125
-125
-121
-115
-111
-110
-109
-107
-104
-103
-101
-101
-98
-97
-96
-95
-95
-94
-92
-91
-90
-88
-84
-82
-82
-80
-79
-77
-75
-74
-72
-70
-69
-67
-64
-60
-57
-54
-54
-51
-49
-47
-43
-42
-41
-38
-33
-27
-23
-23
-23
-22
-21
-21
-20
-17
-14
-13
-8
-7
-6
-6
-4
0
1
5
8
10
15
16
16
20
21
22
22
28
29
30
30
32
32
34
40
40
43
48
48
50
51
51
58
58
59
59
62
65
68
70
70
71
74
74
78
81
88
89
90
90
91
93
95
98
100
100
102
104
106
112
114
115
115
116
118
118
125
125
125
126
130
136
138
139
139
139
141
143
144
146
148
150
151
152
152
160
162
164
167
167
169
172
172
174
177
181
183
186
187
191
199
200
201
202
202
205
210
211
213
214
214
216
218
221
221
221
222
222
223
224
225
226
226
230
231
232
233
238
240
244
248
248
252
257
258
259
259
260
260
264
267
269
272
272
277
277
278
283
285
288
288
291
293
293
294
294
295
295
296
297
303
304
304
304
306
308
308
311
311
313
318
322
322
328
328
336
338
341
344
347
349
350
351
355
356
359
360
362
364
365
365
367
372
373
373
375
377
377
378
378
380
381
381
383
383
384
385
385
386
387
388
389
390
394
394
398
400
407
408
410
410
410
411
412
412
419
419
420
421
423
429
429
431
431
432
432
433
434
439
440
440
440
443
445
446
451
453
456
457
461
465
469
469
471
475
478
483
487
488
496
498
499
501
501
504
504
506
516
516
521
527
528
531
534
538
539
541
541
546
548
552
557
559
562
562
564
564
568
572
572
573
574
575
577
577
578
582
582
583
583
584
585
591
593
594
595
596
597
599
599
600
601
603
604
604
606
608
610
610
610
611
614
615
616
617
618
618
619
624
626
628
629
630
631
635
635
637
639
639
643
645
646
647
647
649
650
650
651
656
657
660
661
662
663
667
669
669
672
672
675
676
679
681
682
682
682
682
683
686
686
687
694
695
696
696
697
701
702
703
710
718
723
726
730
732
734
734
735
736
738
739
746
747
748
754
758
758
758
761
762
769
773
775
775
778
782
783
786
791
795
796
797
801
802
806
810
811
816
818
825
826
833
836
837
841
841
843
843
848
849
852
853
853
858
860
861
864
864
864
866
871
871
873
874
878
881
886
886
890
890
892
893
895
895
901
902
902
910
910
915
916
916
917
918
919
926
928
929
931
931
932
933
935
935
939
941
943
943
945
946
949
949
950
950
952
953
959
960
961
961
962
963
967
968
973
973
978
979
980
981
982
983
985
986
987
988
989
990
991
993
994
995
997