-999
-998
-991
-990
-989
-988
-982
-981
-980
-980
-979
-976
-976
-975
-974
-974
-972
-970
-964
-961
-958
-952
-946
-944
-942
-940
-938
-936
-935
-933
-933
-931
-930
-930
-927
-926
-925
-909
-908
-907
-907
-906
-906
-904
-903
-899
-898
-898
-896
-893
-893
-889
-889
-886
-886
-884
-881
-877
-876
-875
-874
-868
-865
-865
-859
-859
-854
-854
-853
-853
-851
-847
-843
-843
-840
-839
-839
-838
-837
-836
-832
-830
-827
-824
-824
-821
-821
-818
-811
-810
-810
-810
-807
-803
-796
-791
-788
-783
-778
-778
-776
-775
-774
-772
-769
-767
-767
-766
-763
-761
-758
-755
-750
-750
-746
-746
-743
-739
-738
-737
-736
-733
-731
-729
-728
-728
-726
-722
-721
-721
-719
-719
-717
-716
-715
-714
-713
-708
-704
-700
-699
-698
-695
-693
-691
-687
-687
-686
-682
-681
-679
-679
-676
-675
-673
-671
-669
-668
-667
-665
-664
-663
-663
-662
-660
-658
-655
-654
-651
-644
-643
-642
-639
-636
-632
-627
-625
-624
-623
-619
-617
-616
-616
-616
-615
-615
-614
-614
-612
-612
-608
-601
-601
-593
-590
-587
-587
-585
-582
-582
-570
-567
-566
-564
-561
-560
-558
-558
-556
-551
-548
-545
-544
-543
-540
-537
-537
-535
-533
-531
-529
-529
-529
-527
-523
-521
-520
-519
-514
-513
-509
-504
-503
-499
-499
-498
-495
-494
-493
-489
-486
-476
-473
-471
-466
-463
-460
-459
-459
-458
-456
-456
-455
-454
-451
-448
-448
-448
-445
-445
-443
-443
-443
-442
-439
-438
-437
-435
-433
-430
-429
-428
-419
-417
-411
-410
-409
-405
-401
-400
-400
-391
-389
-387
-387
-386
-381
-380
-380
-378
-378
-376
-373
-373
-370
-369
-367
-365
-360
-359
-357
-353
-349
-349
-346
-344
-344
-341
-332
-330
-330
-330
-323
-321
-317
-315
-314
-312
-311
-310
-310
-307
-304
-304
-304
-302
-300
-299
-299
-299
-298
-293
-291
-290
-285
-284
-282
-281
-277
-277
-275
-274
-271
-269
-262
-261
-260
-255
-254
-253
-251
-249
-247
-247
-246
-244
-238
-235
-233
-233
-232
-232
-224
-219
-213
-212
-209
-208
-206
-206
-206
-203
-202
-201
-201
-200
-198
-191
-189
-187
-186
-186
-184
-182
-182
-181
-181
-176
-176
-173
-171
-170
-169
-167
-165
-162
-160
-160
-159
-159
-158
-157
-153
-152
-149
-146
-144
-140
-137
-135
-135
-134
-126
-125
-120
-117
-111
-110
-107
-104
-103
-99
-98
-92
-92
-92
-92
-89
-87
-82
-78
-77
-74
-73
-67
-67
-63
-63
-62
-62
-62
-61
-61
-59
-55
-53
-50
-46
-46
-44
-44
-40
-39
-38
-38
-36
-35
-32
-32
-32
-31
-30
-29
-29
-28
-27
-25
-22
-21
-21
-20
-18
-17
-16
-13
-12
-9
-7
-6
-2
1
3
4
9
14
16
17
18
22
22
22
23
27
27
29
29
31
32
35
38
39
39
39
44
45
48
49
49
51
53
54
55
56
56
59
61
61
63
66
67
67
68
69
73
73
76
78
79
85
86
91
92
94
94
97
98
99
102
102
103
104
109
109
112
113
116
119
119
120
122
127
128
134
135
135
137
139
140
145
146
146
148
149
153
154
158
158
160
163
165
166
169
169
171
171
173
175
175
177
178
179
179
180
185
185
186
188
188
190
194
197
198
203
203
203
206
211
216
216
222
222
226
227
230
234
235
236
239
239
239
240
242
243
243
247
247
247
247
247
250
253
254
254
256
257
258
259
264
265
271
273
273
274
276
280
282
283
284
284
285
291
294
296
296
299
301
302
311
313
313
315
316
318
320
323
325
326
327
330
331
333
335
335
337
340
342
346
348
351
351
352
352
353
353
359
361
367
367
369
369
374
374
378
378
382
382
385
388
391
393
397
398
401
406
406
408
409
411
415
416
418
420
420
424
424
424
425
425
426
428
429
430
430
433
434
438
439
443
443
448
448
452
455
457
457
458
458
465
466
469
469
470
471
472
472
475
476
479
483
485
487
490
491
499
500
504
505
507
507
512
516
518
519
521
527
529
529
530
531
531
532
537
538
538
540
543
549
551
551
552
552
552
554
555
556
559
565
569
572
575
582
582
582
585
596
600
604
606
608
609
611
613
615
616
620
624
626
628
628
633
636
638
640
643
644
645
647
647
650
651
655
658
661
666
666
668
676
679
679
682
684
686
687
688
689
689
692
695
696
697
698
698
699
700
700
701
703
704
709
711
715
715
715
719
719
720
722
722
732
734
736
740
748
748
761
761
764
766
766
766
771
776
777
778
778
780
780
783
785
785
785
786
786
787
788
797
801
803
803
805
805
808
811
812
812
813
813
814
815
815
817
819
821
822
825
825
825
830
831
833
836
837
838
840
841
844
850
852
852
852
853
854
857
858
862
864
865
869
871
872
873
873
873
874
877
878
878
880
881
882
882
884
889
890
890
894
895
896
898
900
900
901
902
902
906
908
909
909
913
914
916
920
921
922
923
926
927
927
928
929
930
930
930
932
937
937
937
939
944
946
947
947
954
959
961
963
964
967
968
969
970
971
971
974
977
978
979
979
979
980
985
986
988
989
993
994
994
997
997
998