-999
-998
-996
-994
-994
-993
-992
-991
-989
-989
-988
-988
-988
-985
-984
-983
-981
-980
-979
-977
-976
-975
-974
-972
-972
-968
-964
-963
-963
-962
-961
-959
-958
-957
-954
-952
-951
-946
-945
-939
-937
-934
-933
-932
-930
-928
-927
-926
-925
-919
-917
-916
-914
-913
-912
-910
-909
-908
-907
-906
-905
-905
-901
-899
-897
-894
-894
-894
-894
-888
-880
-880
-877
-877
-875
-872
-871
-864
-864
-863
-861
-859
-858
-857
-855
-853
-853
-849
-846
-844
-843
-840
-840
-837
-832
-831
-830
-830
-828
-825
-820
-817
-816
-816
-808
-807
-807
-807
-801
-799
-798
-798
-794
-794
-794
-793
-793
-792
-790
-788
-787
-786
-784
-784
-783
-783
-783
-769
-769
-768
-768
-767
-765
-764
-762
-757
-756
-753
-753
-753
-750
-750
-746
-745
-744
-744
-744
-742
-741
-740
-739
-737
-735
-732
-731
-728
-725
-725
-723
-723
-719
-718
-718
-716
-714
-712
-707
-706
-703
-699
-699
-698
-697
-694
-692
-689
-688
-688
-687
-687
-686
-686
-685
-678
-678
-675
-672
-672
-672
-668
-667
-666
-666
-665
-660
-658
-657
-656
-652
-651
-651
-647
-646
-642
-636
-634
-632
-631
-627
-626
-623
-622
-618
-617
-617
-616
-611
-608
-608
-607
-607
-606
-606
-604
-603
-602
-602
-599
-598
-595
-594
-589
-585
-585
-584
-580
-579
-577
-577
-575
-573
-573
-571
-570
-568
-562
-559
-554
-550
-549
-546
-541
-540
-536
-534
-533
-532
-532
-528
-527
-517
-515
-514
-514
-514
-512
-512
-511
-510
-510
-509
-506
-505
-499
-499
-499
-498
-495
-494
-492
-491
-489
-489
-487
-485
-483
-483
-482
-478
-473
-467
-467
-466
-464
-462
-462
-461
-458
-457
-454
-454
-453
-452
-451
-447
-447
-446
-444
-443
-443
-442
-441
-441
-441
-437
-437
-436
-434
-433
-428
-428
-427
-421
-421
-420
-420
-419
-418
-417
-416
-414
-413
-412
-409
-404
-402
-398
-398
-398
-392
-391
-391
-387
-386
-385
-384
-382
-380
-375
-374
-374
-372
-370
-368
-367
-365
-363
-361
-360
-359
-357
-356
-356
-351
-350
-347
-346
-346
-342
-338
-338
-334
-330
-328
-328
-327
-327
-322
-321
-320
-315
-313
-313
-313
-309
-308
-308
-307
-305
-304
-303
-300
-300
-299
-299
-296
-296
-295
-295
-294
-293
-293
-293
-292
-292
-290
-290
-289
-287
-286
-285
-285
-284
-283
-283
-281
-278
-278
-277
-277
-274
-274
-271
-269
-267
-267
-264
-263
-262
-262
-259
-257
-257
-252
-251
-246
-246
-244
-242
-237
-235
-227
-226
-225
-225
-223
-222
-221
-220
-219
-218
-217
-217
-215
-212
-207
-206
-197
-194
-192
-190
-190
-185
-184
-182
-181
-180
-179
-175
-168
-167
-165
-163
-156
-153
-153
-151
-149
-147
-146
-145
-145
-140
-136
-133
-132
-131
-131
-131
-129
-125
-121
-117
-110
-109
-106
-105
-96
-94
-91
-88
-88
-83
-83
-80
-78
-73
-73
-72
-71
-70
-69
-67
-67
-59
-57
-56
-54
-53
-52
-49
-45
-45
-44
-44
-43
-42
-42
-41
-40
-38
-36
-34
-25
-24
-17
-16
-16
-11
-10
-3
0
4
13
15
15
16
20
20
24
24
25
27
28
32
39
41
41
42
44
46
47
48
50
52
55
58
60
61
66
66
71
79
80
85
85
91
95
96
97
98
99
99
99
101
103
109
109
112
112
115
116
118
118
120
121
123
123
123
123
124
124
126
127
128
128
130
130
130
131
133
136
136
139
141
141
146
148
151
152
153
155
156
159
160
162
163
164
168
168
170
170
174
175
175
176
178
179
181
181
185
186
188
189
192
198
202
202
202
203
203
205
207
210
215
217
219
219
224
224
225
231
240
247
248
252
252
254
254
255
260
260
262
264
264
268
275
278
285
286
286
286
288
291
292
294
294
295
297
298
299
301
305
305
308
308
309
310
310
313
317
319
320
321
322
326
327
327
327
329
330
332
332
334
337
339
341
342
350
350
350
353
356
364
364
365
368
372
373
381
384
384
385
387
390
394
397
398
399
403
404
411
412
412
414
415
420
421
427
434
434
440
450
452
452
452
452
453
454
455
455
458
461
461
464
465
465
469
469
473
474
480
480
480
483
484
485
491
492
493
495
496
498
500
501
502
504
505
508
510
512
520
523
523
527
529
529
530
533
534
535
536
536
536
536
542
559
563
564
565
567
569
571
572
573
577
578
578
582
582
586
586
586
587
592
592
596
599
600
602
605
605
610
611
612
613
617
617
618
621
625
625
630
631
633
637
639
642
646
648
649
653
654
655
662
669
672
673
673
676
676
678
682
684
687
688
690
694
697
698
702
703
704
705
705
706
707
708
711
715
725
727
727
729
734
735
739
741
747
748
754
757
759
761
768
770
776
777
779
783
784
785
787
788
788
791
795
798
801
810
816
816
819
821
832
833
836
839
840
843
843
844
845
849
851
851
852
857
860
864
864
865
866
868
869
870
871
874
875
877
879
880
885
888
888
889
891
892
899
907
911
913
913
919
926
926
927
928
928
928
932
936
938
940
943
944
946
946
951
952
953
953
954
956
957
959
960
963
967
967
969
969
969
971
972
976
976
977
978
980
982
983
986
989
989
990
991
992
993
1000