-999
-996
-995
-992
-991
-986
-980
-980
-979
-978
-975
-974
-972
-969
-968
-963
-962
-959
-957
-955
-954
-953
-953
-949
-949
-949
-948
-948
-939
-939
-939
-939
-938
-938
-935
-929
-928
-925
-922
-920
-919
-916
-912
-909
-906
-895
-894
-893
-891
-891
-891
-889
-889
-884
-884
-884
-880
-879
-879
-878
-877
-877
-871
-871
-870
-870
-868
-867
-866
-866
-864
-860
-859
-857
-848
-845
-844
-843
-842
-830
-829
-828
-827
-827
-825
-824
-823
-823
-823
-820
-816
-812
-808
-806
-804
-802
-800
-799
-799
-795
-795
-792
-789
-787
-787
-787
-785
-782
-780
-778
-777
-776
-776
-775
-772
-770
-769
-767
-764
-757
-756
-755
-754
-754
-751
-750
-746
-744
-742
-740
-740
-739
-737
-737
-736
-735
-734
-733
-732
-732
-730
-730
-726
-725
-719
-716
-715
-711
-710
-709
-708
-707
-703
-702
-698
-692
-692
-685
-682
-680
-679
-673
-670
-666
-666
-664
-664
-655
-653
-653
-650
-649
-649
-643
-641
-641
-639
-639
-639
-637
-630
-629
-628
-625
-624
-621
-620
-620
-618
-618
-618
-615
-612
-611
-610
-610
-608
-608
-605
-604
-602
-600
-598
-598
-597
-593
-592
-590
-585
-582
-582
-581
-580
-578
-576
-571
-571
-566
-565
-563
-562
-561
-561
-560
-559
-558
-548
-548
-547
-547
-546
-538
-538
-538
-538
-536
-534
-533
-528
-522
-520
-516
-513
-508
-507
-505
-504
-498
-497
-496
-495
-495
-494
-493
-490
-490
-490
-487
-481
-481
-481
-479
-478
-476
-471
-471
-470
-469
-469
-468
-468
-468
-464
-461
-461
-459
-459
-459
-457
-455
-453
-452
-451
-450
-449
-449
-446
-444
-443
-440
-440
-438
-436
-426
-425
-422
-422
-420
-418
-410
-410
-409
-409
-408
-407
-407
-406
-403
-401
-399
-398
-395
-390
-390
-389
-386
-386
-380
-379
-376
-375
-372
-369
-369
-369
-366
-365
-364
-362
-361
-358
-357
-356
-356
-356
-355
-354
-354
-352
-351
-350
-348
-342
-336
-333
-330
-329
-324
-320
-316
-316
-312
-308
-307
-304
-301
-301
-299
-297
-297
-295
-295
-293
-292
-291
-289
-286
-283
-282
-281
-279
-278
-277
-276
-276
-274
-274
-273
-272
-267
-266
-262
-262
-262
-257
-255
-253
-249
-247
-244
-244
-233
-231
-230
-228
-227
-226
-226
-221
-221
-219
-218
-217
-215
-213
-213
-207
-207
-204
-202
-199
-198
-196
-192
-190
-189
-189
-182
-181
-180
-176
-175
-174
-174
-173
-173
-173
-173
-170
-168
-168
-168
-168
-166
-165
-164
-158
-158
-157
-148
-141
-139
-137
-129
-127
-119
-118
-115
-113
-112
-111
-111
-108
-108
-106
-104
-102
-102
-101
-100
-99
-98
-96
-95
-94
-94
-92
-91
-88
-88
-86
-86
-86
-85
-85
-84
-83
-75
-75
-71
-70
-66
-66
-63
-62
-60
-59
-59
-59
-58
-57
-57
-54
-52
-51
-51
-40
-38
-38
-37
-37
-36
-34
-30
-27
-24
-23
-20
-19
-15
-14
-13
-10
-9
-9
-6
-1
0
1
1
5
6
7
7
9
15
20
20
25
28
40
41
43
46
48
49
53
56
58
58
59
62
66
66
68
69
70
74
79
81
85
90
91
91
91
92
93
95
95
96
97
100
104
110
115
116
118
119
120
121
123
124
127
133
134
135
136
137
138
138
139
141
146
147
148
152
156
157
157
161
162
165
170
172
176
176
177
180
185
187
189
192
194
195
197
197
198
200
208
216
220
221
222
223
227
227
228
229
229
232
233
234
237
239
244
244
247
248
248
250
252
253
254
254
255
257
259
259
259
265
267
268
268
269
272
273
278
283
283
288
290
290
291
294
302
303
304
305
309
310
311
313
315
322
324
324
326
327
327
327
328
331
333
334
336
337
339
339
340
342
342
345
348
350
351
352
356
357
357
359
361
369
371
378
378
378
379
379
379
380
384
386
386
388
394
394
397
399
400
402
402
402
402
409
409
412
415
416
416
416
420
423
425
425
429
431
433
434
434
435
435
437
440
443
462
463
464
464
469
470
471
472
474
476
477
477
480
487
488
489
489
490
491
491
495
495
498
504
504
507
507
510
515
516
516
517
521
521
521
522
524
525
525
534
535
541
542
542
543
543
546
554
555
557
558
561
563
567
570
570
571
575
576
576
578
578
581
587
590
595
597
599
600
600
601
603
606
612
614
615
616
620
621
624
626
626
644
646
648
649
650
651
652
653
660
660
661
662
664
665
667
669
669
670
672
675
675
676
683
685
687
687
687
691
696
699
699
700
700
702
703
704
709
710
710
712
713
714
716
720
720
724
725
726
732
733
735
735
737
737
744
744
745
747
755
773
773
773
773
774
778
778
780
780
782
783
785
787
787
788
792
795
796
797
799
799
802
803
805
806
808
809
809
810
813
817
818
821
824
828
829
832
838
841
843
844
845
845
847
849
849
850
851
851
854
858
862
863
863
865
870
870
877
879
879
880
881
884
887
889
889
889
892
892
895
896
899
899
899
900
902
903
903
904
908
908
908
910
911
914
924
925
926
927
929
930
933
934
934
934
935
936
936
936
940
940
942
946
947
953
955
955
958
959
960
970
970
970
972
973
974
981
983
984
985
988
988
996
998
1000